SquareFeet,Bedrooms,Bathrooms,Neighborhood,YearBuilt,Price
2126,4,1,Rural,1969,215355.2836
2459,3,2,Rural,1980,195014.2216
1860,2,1,Suburb,1970,306891.0121
2294,2,1,Urban,1996,206786.7872
2130,5,2,Suburb,2001,272436.2391
2095,2,3,Suburb,2020,198208.8039
2724,2,1,Suburb,1993,343429.3191
2044,4,3,Rural,1957,184992.3213
2638,4,3,Urban,1959,377998.5882
1121,5,2,Urban,2004,95961.92601
1466,5,3,Suburb,1951,191113.7687
2238,3,3,Suburb,1987,253358.645
1330,2,2,Suburb,1992,132172.3926
2482,4,3,Suburb,1989,231157.0277
1087,4,1,Urban,1976,118393.8232
2396,2,2,Suburb,1993,267377.3997
2123,5,2,Rural,1956,190773.1486
1871,4,2,Suburb,1977,172989.8049
2687,5,1,Urban,1979,239222.6678
1130,4,3,Rural,1962,143050.2018
2685,4,3,Urban,1999,405523.8283
2332,3,3,Rural,1978,263954.1541
1769,4,1,Suburb,1963,148310.6202
1343,2,3,Rural,2013,151733.9225
2515,2,3,Urban,2013,307961.1074
2437,2,1,Rural,2004,276162.8618
1805,5,1,Rural,2002,243985.2055
1385,4,3,Rural,1996,88030.54185
2215,5,1,Urban,1952,282908.9817
1955,3,1,Rural,2014,240976.5518
1276,4,1,Rural,1965,104747.3346
2184,2,2,Suburb,1959,347207.3896
1459,3,2,Rural,2006,77493.93144
2337,3,3,Suburb,2008,331851.0817
1021,4,3,Rural,2013,110408.6708
1252,2,1,Urban,1993,127932.7568
1747,5,3,Rural,1982,228683.227
1856,4,2,Rural,1959,124711.7079
2584,2,3,Suburb,2001,415850.7708
1474,3,3,Urban,1959,184819.9612
2082,4,2,Suburb,1966,164855.9878
1510,3,2,Suburb,2002,156928.0147
2705,2,1,Urban,1971,282457.8614
2499,5,1,Urban,2021,287591.6728
1699,5,1,Rural,1960,156313.5942
1975,3,3,Suburb,2016,279764.371
2806,3,3,Suburb,1962,366494.4806
1189,3,3,Urban,2007,244539.2817
1957,4,2,Rural,1994,239299.9945
1686,2,3,Urban,1994,249148.3447
1957,3,2,Rural,1992,304197.5798
1562,3,3,Rural,2013,89378.55062
2899,3,3,Rural,1988,427295.4046
2590,5,2,Suburb,1957,328501.8015
2267,3,2,Urban,1989,215867.419
1831,2,2,Rural,2000,190058.8929
2528,5,1,Urban,1969,259751.1544
2154,2,1,Rural,2015,166810.3887
2508,5,3,Suburb,2007,352932.1625
2842,5,3,Urban,2014,422042.9185
1646,4,3,Suburb,1994,91423.61965
1020,5,1,Rural,1983,220053.8604
1840,5,3,Suburb,1961,216148.2085
1166,2,2,Suburb,1972,161587.1537
2297,2,2,Urban,2017,194967.9095
1387,3,1,Rural,2002,152828.7203
1600,4,2,Rural,2002,256725.9809
1315,5,2,Suburb,1989,98039.3031
1013,4,3,Urban,2002,164858.1869
1241,3,2,Urban,1985,199373.1821
1776,4,2,Urban,2014,181245.4467
2369,5,1,Suburb,1963,209700.7185
1564,2,2,Rural,1983,163053.3921
1897,4,2,Rural,1975,304004.6899
2363,5,3,Urban,2004,308830.9397
1091,3,3,Urban,2012,194294.0018
2390,5,3,Urban,2019,172777.3198
1955,4,1,Suburb,1995,197656.0703
2478,5,3,Urban,1986,273365.4991
2451,5,2,Rural,1972,216047.2181
1508,4,1,Urban,1965,149586.1531
1775,4,2,Suburb,1981,214171.0822
2966,3,2,Rural,1956,277419.0002
1034,5,3,Rural,1993,117295.3752
1205,2,1,Urban,1996,180760.8675
2104,4,1,Suburb,1954,202715.1601
2955,5,3,Rural,2012,378403.571
2585,2,1,Suburb,1961,257776.0924
2895,2,2,Suburb,2021,266046.8779
2411,5,1,Rural,1958,337645.6762
2025,5,2,Rural,1993,240145.9703
2021,5,1,Suburb,1971,92641.62211
2413,2,1,Urban,1995,152037.8828
1565,5,3,Rural,1957,149848.6164
2129,4,3,Urban,2005,220384.4345
2795,2,1,Rural,1977,305658.5639
2845,4,2,Urban,1996,318297.2566
2500,4,3,Rural,1984,230749.2763
1702,5,3,Urban,1970,201925.8409
1401,4,3,Suburb,1982,149576.6811
1729,5,1,Rural,2019,171877.0663
2579,2,2,Urban,1997,245276.7339
1161,4,2,Suburb,2003,288571.1272
1201,5,1,Urban,1951,87804.56037
2981,3,2,Rural,1982,267127.0106
1995,5,3,Suburb,1965,221217.7693
1269,3,2,Suburb,1999,218784.633
2886,5,3,Rural,1969,315607.0238
1815,3,3,Urban,2016,217967.9285
2294,4,1,Rural,1994,353343.634
1455,3,3,Urban,1984,187002.9639
2485,4,2,Rural,1978,222855.0833
2750,4,2,Rural,1994,366548.8223
2275,5,2,Rural,1964,259473.2793
2016,4,2,Urban,1952,212440.4224
2725,2,2,Urban,2018,237066.6856
1295,3,3,Urban,1983,158357.6481
2748,5,1,Suburb,2020,255619.9978
1719,4,1,Suburb,1953,190659.435
2772,3,2,Urban,1968,284985.4357
1337,3,3,Urban,1970,214741.2285
1878,2,1,Suburb,1964,128693.0288
2076,3,2,Rural,1966,184051.9827
1791,5,3,Rural,2003,242865.2602
2945,5,1,Urban,1986,295356.7755
1216,4,3,Rural,2003,107868.9321
1763,4,2,Urban,1971,207380.1361
1187,5,3,Suburb,1957,132828.8141
1379,3,1,Urban,1960,84493.69131
1492,3,1,Suburb,2019,53360.86541
2064,2,3,Rural,1958,296199.3496
2180,4,1,Urban,1951,273924.5574
1014,3,3,Urban,1981,204340.7259
2836,3,3,Urban,2000,228582.097
1064,4,2,Suburb,1986,237384.3466
2880,5,2,Rural,1955,312245.868
2862,3,3,Urban,1961,219408.625
1520,2,1,Rural,2003,201334.9416
2367,3,2,Suburb,1995,221413.5776
2152,3,1,Rural,1982,306839.6219
1647,2,3,Urban,1967,126756.3572
2495,5,1,Urban,1987,328702.8347
2086,2,1,Suburb,2008,141074.0284
2162,2,3,Rural,1956,220712.4613
2522,4,2,Urban,1964,319176.8399
1592,3,2,Suburb,1950,245299.2099
1391,5,1,Rural,1995,51154.13113
2698,3,3,Urban,1981,314018.0283
1418,5,3,Suburb,1998,222904.258
1288,2,2,Suburb,1959,115697.7782
1378,4,3,Suburb,1966,140714.7704
2796,2,3,Suburb,1969,178353.1481
2513,3,1,Suburb,2000,280022.0311
1230,4,1,Rural,1971,136418.4808
2017,4,2,Urban,1969,195803.9703
1040,3,2,Rural,2014,98933.43907
2051,5,1,Suburb,1953,185052.5632
1134,4,3,Urban,2003,160764.4394
1200,5,3,Suburb,2014,156394.2735
2863,5,1,Suburb,2000,333464.149
1779,5,1,Urban,1960,211994.3282
1929,4,1,Rural,1976,252779.6909
2056,2,1,Urban,1975,288750.4043
2071,4,3,Rural,1966,185482.0606
1502,2,3,Suburb,1991,119671.3689
1406,4,2,Suburb,1997,148891.4193
2597,2,1,Rural,1982,235810.2236
2751,2,2,Suburb,2010,357765.1172
1804,4,3,Rural,1978,216771.36
1098,5,2,Rural,2012,102580.4984
1683,5,3,Urban,1986,208774.1423
2895,2,3,Suburb,2005,302454.6401
1725,3,2,Urban,1965,208558.7817
2570,3,2,Urban,2005,276434.5399
1960,4,1,Suburb,1991,220786.712
2762,4,3,Urban,1973,354268.4752
1612,4,1,Suburb,2018,142420.9723
2966,3,1,Suburb,1980,299146.5954
2485,5,3,Urban,1960,321647.4527
1642,4,2,Suburb,1951,216976.9081
2792,4,1,Suburb,2020,243179.7034
2028,5,1,Suburb,1984,184210.7736
2241,2,3,Suburb,2011,175779.5682
1502,4,2,Urban,2003,162271.0864
1766,3,2,Rural,2018,240727.0397
1397,3,1,Urban,2000,186900.9464
1870,4,3,Rural,1958,208692.1498
1794,3,1,Rural,1963,114333.6939
1392,5,2,Rural,2005,225281.3242
1206,2,1,Suburb,1983,110852.4526
2038,2,3,Rural,1950,206119.1817
2881,4,1,Suburb,1987,292218.3734
2577,4,2,Suburb,1966,209166.2973
1891,2,3,Suburb,1965,283220.1087
2484,2,3,Urban,1997,354538.8214
2714,4,3,Rural,1999,290954.4918
2598,3,3,Urban,2020,207377.5555
1863,4,3,Suburb,1990,267934.0926
1742,5,1,Urban,1993,235034.8998
2264,4,3,Suburb,1964,246611.8831
1563,4,2,Urban,2010,314867.6516
2020,4,3,Suburb,1999,278092.7571
1095,4,2,Suburb,2001,88443.38397
2923,4,2,Urban,2001,235396.4545
2757,4,2,Suburb,1985,280503.8129
1484,3,2,Rural,1982,273072.3373
2430,4,2,Urban,1994,252666.8483
1230,2,1,Urban,1951,133914.4068
1748,4,2,Suburb,1950,142717.8302
2678,3,2,Urban,2019,266197.0444
2194,5,2,Rural,1996,245433.6945
1540,2,1,Urban,2013,177796.403
2059,4,3,Rural,1967,226582.2743
1524,4,2,Urban,2003,170745.4653
2183,2,1,Rural,1984,194059.3707
2862,4,1,Urban,2008,347187.4093
2722,3,1,Rural,1985,345978.9789
2266,4,3,Suburb,1975,323981.508
2109,5,1,Urban,1994,185909.9016
2819,3,2,Urban,2018,231642.4153
1577,4,2,Rural,1979,181472.0115
1681,5,2,Urban,1982,247683.3818
1556,2,3,Rural,1972,174119.7797
2597,3,1,Suburb,1970,249931.3819
2976,4,2,Rural,2012,352084.0473
2012,4,2,Urban,2019,356256.9103
1645,2,2,Suburb,2017,115738.6024
1795,2,3,Rural,1985,265399.2764
2051,3,2,Rural,1986,205543.4525
2643,3,1,Suburb,1950,248155.8717
2579,3,1,Urban,1975,318796.3968
2363,4,3,Urban,1991,254479.256
2821,4,3,Urban,1989,248782.2169
2981,3,3,Suburb,2002,320922.1762
2354,4,1,Rural,2011,265274.004
2663,2,3,Suburb,1993,283301.9362
2529,5,3,Rural,1985,291195.6713
2371,4,1,Suburb,1953,240277.0098
2496,3,2,Rural,1970,316708.5954
2254,4,3,Rural,1966,267724.6993
1189,2,2,Suburb,1965,52033.75929
2248,3,2,Suburb,1990,157260.9835
2408,5,2,Suburb,2004,349887.3872
2400,3,2,Rural,2006,302581.5244
2306,3,3,Suburb,2015,267740.4347
2981,3,3,Rural,1987,296942.7544
1632,4,3,Rural,2005,211665.6222
1627,5,1,Suburb,1986,240462.6778
1972,2,1,Urban,1999,221900.7731
2768,4,2,Urban,2004,337510.5084
2282,5,1,Rural,1950,351438.5468
2382,5,2,Rural,2014,207718.7412
1709,4,2,Urban,2014,187379.3901
2479,3,3,Rural,1993,325104.8264
2434,5,3,Urban,1961,234064.5137
1648,2,1,Rural,2002,168976.4954
1317,4,3,Rural,2010,72491.39026
2700,5,1,Suburb,1962,397825.3364
2248,2,3,Urban,1991,224680.0524
2842,2,3,Rural,1995,297609.7185
2257,2,1,Urban,1991,211357.5631
1683,2,2,Suburb,1965,191156.3841
1663,4,1,Urban,1993,198444.2855
2998,2,3,Rural,2019,227602.8452
2850,4,2,Urban,1965,227374.5843
2397,2,3,Suburb,1971,311492.2466
2695,2,3,Urban,1984,341035.6518
2631,4,3,Urban,1998,329215.4127
2495,3,2,Urban,2020,189722.895
2256,5,3,Urban,2013,315304.2483
2715,5,1,Rural,1980,229019.4795
2136,4,1,Urban,1950,218041.2171
2853,2,1,Suburb,1974,256367.8643
2520,4,2,Urban,1969,427589.087
1441,2,1,Suburb,1957,161116.8187
1563,4,3,Suburb,2013,182494.886
2291,5,2,Suburb,1965,276165.9051
2533,4,3,Suburb,2004,314516.613
2830,5,3,Rural,1975,272012.2652
2409,5,3,Urban,2014,342249.5423
2410,5,1,Urban,1977,258023.511
2136,4,1,Rural,1995,115459.882
2636,3,2,Urban,2003,240419.9739
2648,4,2,Rural,2003,388951.7892
1951,4,1,Suburb,2021,250119.2129
2104,3,1,Urban,1998,210586.9765
1698,3,3,Suburb,1995,234243.6244
1112,5,1,Urban,1950,69293.96649
1001,2,3,Urban,1993,163837.6824
1641,2,1,Urban,1953,252127.9863
1219,5,3,Suburb,1980,117989.3568
2589,4,1,Rural,1964,313948.4453
1854,2,1,Suburb,1950,254919.2752
2759,4,2,Rural,2021,197521.8272
2248,3,2,Urban,1955,198494.0403
1384,3,3,Urban,1976,152204.7559
2426,5,2,Urban,1975,308529.3077
2661,4,2,Urban,2015,308854.901
2153,5,1,Suburb,1962,246860.55
2076,2,3,Rural,2020,225867.2386
2707,2,2,Rural,1983,249678.2289
1729,2,2,Rural,1982,108636.4752
2695,4,1,Urban,1989,299818.5608
2733,5,1,Suburb,1992,290094.597
2439,5,1,Urban,1956,272077.8727
1246,2,3,Rural,1988,130941.4829
1835,5,1,Suburb,2015,241849.2415
2462,3,3,Suburb,1985,206273.3001
1202,3,1,Urban,2013,155086.4599
2207,3,2,Suburb,1953,169742.8703
1122,3,3,Suburb,1971,148324.4032
1400,5,1,Suburb,2020,184460.0434
1766,3,1,Urban,1953,138095.4799
1293,3,2,Urban,2013,205414.9105
1279,3,2,Suburb,1971,183265.399
2860,3,2,Urban,2011,284616.4673
1883,3,1,Suburb,1989,181947.6429
2633,4,2,Rural,1969,284003.7694
1197,4,2,Rural,1958,90959.78933
1981,3,3,Suburb,2014,198755.1464
2930,3,3,Rural,1972,370459.829
2534,5,3,Rural,1984,348379.2665
1751,3,1,Rural,2008,270704.1541
1143,2,3,Suburb,1963,168931.8286
1608,4,1,Urban,1993,189126.0514
2224,3,2,Suburb,1971,218168.7081
2147,4,1,Suburb,1977,199220.1955
1186,3,1,Urban,2008,129960.0168
2349,2,2,Suburb,1996,281507.745
1463,3,3,Suburb,2017,169378.7848
2372,4,3,Suburb,2019,248599.1077
2794,4,3,Rural,1966,411678.0284
1659,4,2,Suburb,1980,119032.883
1763,5,1,Suburb,1963,230075.0498
1954,4,2,Urban,1998,122604.9562
2955,3,2,Rural,2016,296998.8381
1402,2,2,Rural,1970,109470.1427
2369,2,2,Suburb,1962,246212.1973
2986,3,1,Rural,1999,310583.0759
2534,5,3,Rural,2017,233756.8864
1146,3,3,Urban,1961,100102.2252
2171,4,2,Urban,1997,199324.8407
1863,5,1,Rural,2013,331026.5964
2734,3,2,Urban,1964,231041.3484
2843,5,1,Suburb,1965,333530.0634
1488,2,2,Urban,2021,61092.66123
1928,3,3,Suburb,1999,205778.3124
2959,3,3,Urban,1990,384570.7365
2663,2,2,Rural,1953,339772.9527
1550,5,3,Suburb,1969,186745.1296
1337,2,2,Urban,1957,185559.0802
1871,5,1,Urban,2017,213894.3146
1640,3,1,Suburb,1996,180978.0157
2802,5,1,Urban,1982,243011.5747
2976,5,1,Rural,1954,265075.9482
1472,4,2,Suburb,2017,163315.127
2969,4,3,Rural,1990,384847.0499
1150,4,1,Suburb,2010,190479.1989
2438,2,3,Suburb,1973,204129.2143
2321,2,2,Suburb,1976,249930.1176
2634,4,3,Suburb,1978,372750.4748
1262,3,3,Rural,2016,189650.2011
2787,3,3,Rural,1986,308299.3121
1143,3,2,Suburb,2002,95784.07402
1345,2,2,Suburb,1951,165456.1184
1623,5,2,Rural,1986,236531.6655
2016,2,3,Suburb,2021,212190.7549
2595,4,1,Suburb,2014,298280.3607
1880,5,1,Rural,1997,172765.2509
1001,3,3,Rural,1998,151917.3536
1896,2,1,Rural,1996,196497.0693
2327,2,1,Urban,1953,212603.1702
1253,4,3,Suburb,1952,205827.9137
2675,3,2,Rural,1985,350608.1323
1452,2,1,Suburb,1955,64055.91438
2060,2,2,Urban,1983,202645.4687
2183,5,1,Rural,2001,215636.3058
2014,2,3,Rural,1980,210336.9815
1008,5,3,Suburb,1983,161063.7361
2256,2,2,Suburb,1991,162732.681
2122,3,2,Rural,1997,283190.3906
2682,4,2,Rural,2005,257018.5571
1815,3,2,Suburb,1967,161315.0888
1207,4,3,Suburb,1963,171344.5126
2154,2,3,Rural,2018,301758.3278
1403,3,3,Urban,2007,186512.3187
1151,5,2,Suburb,2019,147961.7399
1053,4,3,Suburb,2005,96856.09323
2143,4,3,Suburb,2002,241976.2417
2696,2,1,Rural,2018,256546.8458
2943,4,1,Rural,2009,245612.125
1627,4,1,Rural,1981,192616.9107
1586,4,2,Suburb,1996,234537.6253
2648,2,2,Suburb,1971,266525.8016
2991,3,3,Urban,1953,411274.8172
2443,2,3,Rural,1974,241617.2738
2445,5,2,Rural,2010,230463.8154
1103,4,1,Suburb,1961,249885.947
2875,4,3,Suburb,1980,320712.1739
1253,3,1,Urban,1950,131536.1636
2250,4,3,Suburb,2010,258681.6486
2135,3,1,Suburb,1955,236721.5797
1509,4,3,Suburb,1971,152417.9594
2496,4,1,Urban,1961,277449.0164
1098,2,1,Urban,1972,97639.6442
1152,2,2,Urban,1984,68864.72804
2884,5,3,Urban,1963,292602.0202
1913,3,1,Urban,1979,163126.6346
2919,5,2,Rural,1971,316117.1566
1877,2,3,Suburb,1965,173591.5158
1337,3,2,Urban,2020,245240.8693
2729,2,1,Urban,1964,299136.081
1821,3,3,Urban,1951,102620.9118
2186,4,1,Urban,1971,174740.9101
2743,5,1,Suburb,2012,303839.7622
1956,5,2,Suburb,1964,255500.6503
2704,3,1,Rural,1968,305226.148
1160,5,3,Suburb,1970,174048.9196
2603,2,2,Urban,1976,240369.9407
1800,5,1,Urban,1968,310732.593
1397,3,1,Urban,1975,125680.0817
2300,5,1,Urban,1998,303253.7531
1815,5,2,Suburb,2007,137931.9766
2939,2,3,Suburb,2016,238181.4446
2527,4,2,Rural,1974,299144.4834
2919,2,1,Suburb,1971,340122.3587
2415,5,2,Urban,1963,230193.1787
2158,5,1,Urban,1958,300494.8966
2218,4,2,Suburb,1971,267560.2688
1400,4,1,Rural,1964,173748.309
1639,2,2,Rural,1989,198112.8732
2056,4,1,Suburb,2014,237224.4282
1687,2,1,Suburb,2002,130383.6498
1459,3,2,Suburb,1980,248587.2901
1954,5,2,Urban,1959,268826.741
2906,4,1,Suburb,1983,307426.1376
1469,3,3,Suburb,1986,224293.9722
2398,3,1,Rural,1962,335992.3788
2045,2,1,Rural,1987,265649.0843
1749,2,3,Urban,1994,218960.6472
2693,4,1,Rural,1959,257512.5585
1037,2,2,Rural,1971,86619.30466
1229,3,2,Suburb,2010,48780.11213
2388,3,3,Rural,1987,274896.2616
1562,5,1,Rural,2007,181237.8317
1437,3,2,Rural,1975,49052.37096
2799,4,1,Rural,1998,182649.2383
2306,5,3,Rural,2011,347942.0053
1026,2,2,Rural,1958,31998.01568
1225,5,3,Rural,2009,181103.2635
2300,3,1,Rural,1979,172216.0833
1797,4,1,Urban,1970,273262.8517
2632,2,1,Suburb,1999,306987.0516
1283,2,3,Rural,1978,172933.772
1878,3,2,Suburb,1989,159685.4467
1959,4,3,Rural,1966,244916.4658
2504,3,2,Urban,2017,250927.6416
1452,3,1,Rural,2013,86276.33242
2019,4,1,Urban,1972,209029.9486
2852,3,3,Rural,1956,267060.0308
1815,4,2,Rural,1983,158867.8199
1658,4,1,Suburb,1973,200254.7187
2539,3,1,Rural,1956,197039.3949
1546,3,3,Rural,1957,251427.1554
2215,5,3,Urban,1952,298798.8575
2072,2,2,Suburb,1953,209615.3838
2535,2,1,Rural,2012,343628.2296
1016,4,2,Suburb,2015,86742.69816
2195,5,2,Suburb,2018,260504.8307
2243,4,2,Rural,1959,267664.3312
1157,5,3,Rural,2012,87137.89045
1476,4,2,Rural,1986,217625.4427
2069,2,2,Rural,2021,179619.6811
2396,5,2,Rural,1952,304272.5428
1517,3,3,Suburb,1978,180446.9392
1098,3,3,Urban,2011,96810.15544
2915,2,1,Suburb,1982,293526.3479
2768,5,3,Rural,2009,333027.9076
2060,3,3,Suburb,1991,261561.3314
1279,3,2,Urban,2011,60826.53009
2372,3,1,Suburb,1955,278442.1635
1496,2,3,Rural,1998,123828.1036
1301,4,1,Rural,2021,88586.0573
1180,3,2,Rural,1992,134443.8975
1606,3,3,Urban,1958,136925.1708
2122,4,2,Rural,2000,234164.891
1699,3,2,Rural,1963,150304.5494
1992,5,1,Rural,1973,240050.496
2139,3,3,Rural,2021,277542.7035
1190,4,1,Suburb,1982,197241.2518
1252,2,2,Rural,1978,101805.5981
1980,2,3,Suburb,1951,197810.6223
1927,5,2,Urban,2001,172279.0649
2184,3,1,Suburb,1994,205236.2839
2279,3,1,Suburb,1987,206408.5332
2346,4,2,Suburb,1994,279439.9844
1127,4,1,Suburb,1965,127174.7226
1017,5,1,Suburb,1996,127458.039
2816,5,2,Suburb,1974,356063.8292
2758,3,3,Urban,2006,344787.6194
1565,3,3,Rural,1968,153282.8516
1569,5,3,Urban,1987,23125.99668
2346,2,2,Suburb,2015,297939.7232
2895,2,2,Suburb,1956,348536.6136
1685,2,1,Suburb,1969,145096.7349
2815,2,3,Urban,1953,316533.4622
1625,5,1,Suburb,1964,273166.56
2311,4,2,Urban,2013,343467.4139
2966,2,3,Suburb,2006,258865.9613
1853,5,2,Suburb,1999,197763.0653
2686,2,1,Urban,1966,196431.1618
1961,3,1,Urban,1965,192271.5714
2662,2,2,Urban,1952,252805.9847
1154,5,2,Urban,1994,20075.48609
1489,3,3,Suburb,1993,225167.5423
2409,3,2,Suburb,2011,333108.7015
1784,2,1,Rural,1958,253462.8412
2127,2,1,Suburb,2009,273921.2443
2952,3,2,Suburb,2006,230500.4506
2416,4,2,Suburb,2010,361696.081
2834,5,3,Suburb,2013,319789.8466
1245,5,1,Suburb,1966,174765.2567
2199,5,1,Rural,2007,300718.8166
2062,5,1,Urban,1996,261326.8509
2500,5,2,Suburb,2001,363561.9094
2705,3,1,Suburb,1967,251734.589
1758,5,2,Urban,1986,280965.895
1537,4,3,Urban,2019,110904.3256
2890,4,2,Rural,1966,335743.3089
2841,2,3,Rural,1952,276296.3369
1920,2,3,Rural,1982,222212.1321
1407,2,2,Urban,1956,221697.8157
1524,2,3,Suburb,1951,223582.3849
1827,3,2,Urban,1983,206212.7926
2529,4,1,Suburb,1953,214945.5948
1902,3,2,Urban,1998,152143.2966
2848,4,3,Urban,1966,376480.3015
1035,3,3,Urban,2020,135298.4457
1684,4,1,Urban,1961,160232.4203
1019,2,2,Suburb,1993,70855.37072
1320,4,1,Suburb,1998,183736.727
2799,2,3,Suburb,2018,388318.7211
1511,4,2,Suburb,1966,165073.7156
1399,3,3,Rural,1987,213210.0434
1653,5,2,Rural,2005,140382.8723
1971,4,1,Urban,2010,260495.0847
2906,3,1,Suburb,1981,385304.7145
1470,5,3,Suburb,2005,144254.7959
2166,3,1,Urban,1972,277469.1074
2115,5,1,Urban,2015,252361.1315
2377,2,3,Urban,2016,256202.9962
1833,4,3,Suburb,1954,139343.7275
2823,3,3,Suburb,1972,246154.6873
1726,4,2,Suburb,2000,218372.9302
2982,2,3,Rural,1974,309839.6921
1853,2,2,Urban,1973,219293.0106
1050,4,3,Suburb,1979,203482.1889
2688,3,2,Urban,2000,220036.0305
2721,3,3,Rural,1979,365466.4528
1574,3,2,Urban,2021,125013.1451
2213,4,1,Suburb,1995,234126.8057
2148,3,3,Urban,2006,213331.2023
1149,3,3,Suburb,1978,91677.17431
1313,5,2,Rural,2011,262434.5217
1569,3,1,Rural,1978,184359.5381
2365,2,1,Suburb,1986,323820.0406
1304,3,2,Rural,1989,97808.59675
2715,4,3,Urban,2004,298075.9524
1681,4,1,Rural,1975,128702.1148
1837,3,3,Rural,1976,129730.1974
2806,4,2,Rural,2000,326637.4753
2077,4,3,Rural,1971,241442.1438
2002,3,1,Suburb,2014,259033.5696
1443,5,2,Rural,1987,299103.3398
1612,5,1,Suburb,1950,127303.8574
1992,5,3,Suburb,1964,210318.9029
1263,5,3,Suburb,1960,188936.218
2076,2,2,Urban,2005,185380.1293
2595,3,1,Urban,1987,294176.3398
2003,4,1,Suburb,2003,198735.7641
2643,4,1,Urban,1972,268807.8484
1004,3,2,Rural,1986,65228.45166
2126,4,3,Urban,2000,262087.5685
2219,2,3,Rural,2010,255398.7488
1773,5,3,Urban,1971,200902.121
1876,3,1,Suburb,2015,237628.6476
1991,4,2,Suburb,2004,201135.2861
1883,2,1,Urban,2016,327202.4144
2373,4,2,Rural,1975,313572.8518
1046,2,1,Rural,1987,161735.0896
1866,4,2,Suburb,1999,135186.9409
1822,5,1,Rural,1972,206442.2525
1935,3,1,Suburb,2002,176508.4751
2843,5,2,Urban,1988,295895.5581
1655,5,3,Urban,1972,215023.3833
1268,4,3,Urban,2015,145269.2037
1369,5,2,Suburb,1977,156946.2389
1635,3,2,Urban,2009,246606.2725
2129,2,3,Rural,2016,194238.864
2693,2,1,Suburb,1959,281991.702
2682,4,3,Rural,1983,258071.8801
1656,3,2,Urban,1950,149913.0106
1119,3,1,Suburb,1986,118571.5243
1830,2,2,Suburb,2017,258490.7949
2810,2,3,Suburb,2020,237178.0369
2627,5,1,Urban,2016,283416.6118
2081,4,3,Suburb,2007,234682.711
2974,2,3,Suburb,1965,236267.0623
2369,2,3,Urban,2013,220216.9713
1740,3,1,Urban,1977,231805.2696
2497,3,3,Rural,2019,293908.2937
1116,3,1,Rural,1977,148823.0463
2853,2,3,Rural,1967,317837.8614
1790,4,3,Suburb,1992,311154.7319
2150,5,2,Urban,1963,256000.1606
2416,4,3,Rural,1971,215724.195
2931,2,1,Rural,1963,249356.7367
2012,5,2,Urban,1968,223423.0823
2664,4,1,Suburb,1968,272864.801
2081,2,3,Urban,1988,202344.3256
1633,4,2,Urban,1982,228849.2336
1512,2,2,Urban,1987,240983.242
2774,3,2,Suburb,1981,289649.3015
1801,4,1,Rural,1963,144200.2547
2119,3,2,Rural,1972,257560.4742
2661,3,2,Suburb,1975,273196.6207
2141,5,1,Urban,1999,235009.5775
1559,5,1,Urban,2018,166047.6906
2624,4,1,Rural,2004,258771.5962
1487,2,3,Rural,2016,96385.91828
2260,5,1,Urban,1969,246585.67
2908,5,1,Suburb,2005,304455.9919
1896,3,2,Rural,1964,171955.1048
2295,3,3,Suburb,2008,175119.2094
2212,2,2,Suburb,2006,273977.796
1703,5,1,Urban,1980,133660.821
2470,5,1,Suburb,2018,276587.1871
1580,2,2,Urban,1963,199265.5522
1789,5,3,Suburb,1971,133679.2662
1860,4,3,Rural,1996,187289.1844
1246,4,2,Urban,1991,195380.2522
2986,2,1,Urban,2020,290467.5266
2099,3,3,Urban,2010,125993.0727
1153,2,3,Urban,1954,164864.4865
2679,4,2,Rural,1973,271131.696
2458,5,3,Urban,1963,272401.7092
1996,5,1,Urban,1997,214623.9275
2109,3,2,Rural,1964,270288.2488
1696,3,3,Suburb,1977,263720.9017
2308,4,1,Rural,1982,343733.4613
2997,3,1,Suburb,1996,386973.6452
2243,2,2,Urban,2000,232462.4527
2092,4,2,Urban,2005,246644.1789
2070,5,1,Suburb,2015,136921.115
2008,5,1,Urban,2003,265746.5808
1093,5,3,Rural,1950,118967.6919
2773,3,3,Rural,1962,225775.6619
1957,4,3,Rural,2004,291978.295
2011,3,3,Suburb,1993,261283.9964
1452,2,3,Suburb,2003,240942.6385
2227,4,2,Suburb,2016,216203.9181
1911,3,3,Urban,1998,132355.8167
1217,5,3,Suburb,2019,228079.1135
1473,5,3,Rural,1958,148489.5122
1431,2,1,Suburb,1992,150462.6418
1340,2,3,Rural,2014,226047.2322
1550,2,2,Urban,2013,115706.6153
2635,5,1,Suburb,1988,270138.5971
2312,3,1,Rural,1986,200589.0288
2277,5,3,Rural,1975,258865.2603
2757,5,1,Suburb,1983,296494.3701
1356,5,3,Urban,1985,122490.162
1022,3,3,Suburb,1995,115202.9372
2785,5,3,Urban,2013,341637.3346
1521,2,2,Rural,1975,202351.3572
2781,2,1,Suburb,1959,303105.4891
2860,2,1,Suburb,1980,311183.9181
2123,2,1,Rural,2007,149038.0072
1801,5,1,Urban,1977,270736.4958
2203,5,1,Suburb,1984,263493.2456
2246,5,3,Suburb,2006,324176.9426
2929,2,3,Suburb,1969,337269.8823
1761,3,3,Urban,1985,249808.3089
2682,4,2,Rural,2012,240370.0119
1441,4,2,Rural,2019,316311.3312
2631,4,2,Rural,1993,301656.1735
1768,3,2,Urban,1962,245823.7901
2015,5,1,Urban,1982,260271.792
2348,4,2,Rural,1999,223081.9974
1515,4,1,Suburb,1994,133643.3552
2039,5,1,Urban,2004,235473.2569
1791,4,1,Rural,1999,152462.4993
1335,5,3,Rural,2001,255989.5046
2782,4,3,Suburb,1996,326470.3364
1257,5,1,Suburb,1992,218502.8588
1496,2,2,Urban,1959,202684.7731
1895,3,1,Urban,1997,159563.6275
1159,4,3,Rural,2017,167817.1467
2498,5,2,Urban,2004,328340.9622
1851,2,3,Suburb,1991,206542.456
2687,5,2,Urban,1980,254673.6548
2931,4,3,Urban,1979,301490.2158
1689,4,1,Urban,2019,211224.0441
2698,4,3,Urban,1956,345220.8055
1379,4,2,Suburb,1981,103848.3609
2568,4,3,Urban,1991,254537.2983
2952,2,2,Suburb,1975,352850.7854
1956,5,3,Urban,1961,173719.7958
1690,5,3,Rural,1963,197888.1079
2450,4,1,Urban,1990,265276.146
2636,5,2,Suburb,1992,338456.4114
2291,2,2,Suburb,1979,260643.2185
2858,4,1,Rural,1958,304034.3857
2600,3,3,Rural,1969,287191.8106
2440,2,2,Suburb,2017,270580.7139
2191,4,2,Suburb,1974,252500.319
2865,5,2,Urban,1952,371294.7232
2066,2,1,Suburb,1986,257401.5989
2579,4,1,Suburb,1977,284904.8023
1284,5,2,Rural,2009,211770.317
1396,5,3,Suburb,2009,286856.5217
1011,4,3,Rural,1969,175101.1149
2630,2,1,Urban,2018,261717.1541
2325,4,3,Rural,1957,192111.8457
2921,4,1,Urban,2021,287287.6099
2276,4,2,Rural,1981,255596.0405
1498,4,2,Rural,1973,288403.4882
1753,4,2,Urban,1974,185248.1657
1034,5,1,Suburb,1969,209782.439
1726,4,3,Rural,2002,215865.8501
1848,2,2,Suburb,1970,174158.9943
1089,3,3,Suburb,1978,80169.25806
1775,4,3,Suburb,2011,197440.8406
1604,2,1,Urban,2021,138311.8452
2945,3,1,Rural,1983,272553.041
1969,2,3,Rural,1996,150367.9726
2625,5,3,Suburb,1991,267944.9275
2021,5,2,Rural,1958,192499.1385
1417,3,2,Suburb,1985,154703.878
1114,3,2,Urban,1956,132670.1551
1616,3,3,Urban,2016,143155.4263
2926,5,1,Rural,1983,297645.455
2219,5,3,Suburb,2005,246920.2648
1825,2,2,Urban,1986,230264.155
2524,5,2,Rural,2019,328545.8605
2649,3,1,Suburb,2004,270556.7002
2516,4,3,Suburb,1985,275162.445
2098,4,2,Rural,1959,185514.4835
1412,3,1,Suburb,1990,149130.0897
2399,5,2,Rural,2000,214095.0543
2443,3,1,Rural,1954,290060.3012
1728,5,3,Urban,1986,149000.2886
2300,4,1,Urban,2006,267485.9013
2020,2,3,Rural,1978,190984.0085
1760,5,3,Suburb,2005,329138.6056
1675,2,2,Urban,1980,216085.7816
2417,4,3,Suburb,2001,298584.9525
2892,2,2,Rural,1962,295605.4559
1456,2,2,Rural,1978,220667.1374
1919,3,3,Suburb,2007,224202.0858
1191,2,1,Urban,1977,103169.8308
1738,4,3,Urban,1980,241772.0661
2712,5,3,Urban,1996,305954.6495
2122,2,1,Urban,2014,152222.3212
2571,5,2,Suburb,2009,239857.8712
1977,3,2,Urban,1979,284245.9416
2008,4,3,Suburb,2017,214463.7133
1095,4,1,Urban,2021,172054.1111
2687,5,1,Urban,2003,233840.6934
1662,4,1,Suburb,2013,240334.6245
2213,3,1,Suburb,1961,143838.1454
2759,5,3,Suburb,1961,231149.5345
1036,4,3,Rural,2005,57693.11513
2803,3,2,Suburb,1968,314396.5661
2392,3,1,Rural,1985,269266.9776
2718,2,3,Suburb,1963,246523.6998
2548,4,3,Suburb,1953,192436.586
1278,5,1,Suburb,1954,214298.2896
1216,2,1,Rural,1991,151148.942
1866,5,2,Rural,2009,241160.6364
1872,2,1,Rural,1986,211510.3411
2821,3,2,Suburb,1980,230251.8348
2296,2,2,Suburb,2006,228944.8623
2904,2,1,Rural,2001,272997.6016
1061,2,1,Rural,1992,71057.43729
1595,4,3,Suburb,2004,138738.9011
2903,2,1,Urban,1958,306800.5025
1728,3,1,Rural,2001,221433.4259
2365,5,2,Suburb,2002,260065.9184
1396,4,1,Urban,1982,193685.5175
1698,3,3,Urban,1951,253164.409
2042,4,3,Rural,1972,260611.245
1176,5,1,Suburb,1965,191111.8036
2635,5,1,Suburb,1997,236979.2652
1395,5,2,Rural,1953,142709.2132
1444,4,1,Rural,1974,90595.44336
2256,4,2,Suburb,2017,232944.4192
2938,5,1,Urban,2016,208320.6549
1075,5,2,Rural,1988,170587.7009
1264,3,3,Suburb,1971,185462.1006
1454,5,1,Urban,2009,119379.4066
2819,2,1,Urban,1985,304423.6713
1717,4,2,Urban,1998,240869.4072
1734,3,2,Urban,1982,212119.8415
2407,4,1,Urban,1968,201291.2716
2587,5,2,Suburb,2020,283949.7947
1850,2,1,Suburb,1955,237898.5328
2529,5,3,Urban,1977,218263.0783
2390,4,2,Suburb,2014,222996.2008
1143,3,1,Suburb,1963,148993.2512
1884,4,3,Suburb,1961,239641.318
2092,3,1,Rural,2008,226598.7975
2122,2,1,Urban,2020,229393.3072
1395,5,3,Urban,1957,145356.129
2048,5,2,Suburb,1959,218497.7985
1947,2,3,Suburb,2019,111367.2386
1890,4,1,Suburb,1997,205937.965
2492,2,3,Rural,2003,319363.7892
2507,5,1,Rural,1999,321563.4071
2588,3,3,Urban,1996,319101.4752
2174,5,2,Urban,1978,205614.3883
2167,4,3,Rural,1958,266521.9274
1568,3,3,Rural,2015,129901.8308
2062,4,2,Rural,2018,246504.0111
1108,5,1,Urban,2003,82999.51438
2716,5,3,Urban,1965,207232.5313
2065,3,1,Urban,1957,135032.7139
2209,4,3,Suburb,1971,296655.1868
1934,3,2,Urban,1964,259611.2173
1397,3,3,Suburb,1977,154224.8555
2246,4,1,Urban,1978,184167.6828
1633,3,1,Urban,1981,128511.6401
2156,2,2,Urban,1965,199376.2226
2186,3,1,Suburb,1982,305463.2842
2238,5,2,Rural,1985,230947.2624
1732,4,2,Suburb,1988,199698.2994
1234,5,1,Urban,1999,196146.7513
2866,2,1,Rural,2017,274487.713
1657,2,2,Suburb,1963,185033.5073
1750,3,1,Rural,1988,222984.3723
1587,5,2,Suburb,2020,208334.574
2032,3,3,Rural,1969,254289.7302
2097,3,1,Urban,1999,247007.8117
1953,5,1,Suburb,1988,189607.3232
1491,2,2,Suburb,1957,188387.2147
1912,2,3,Suburb,1979,217927.1091
2276,2,3,Rural,1969,211264.2477
2253,4,1,Urban,1977,193911.8587
2542,4,2,Urban,2019,260737.6152
2197,3,2,Urban,2003,277508.1068
2676,4,1,Suburb,1969,288139.644
2191,4,3,Suburb,1972,310818.2997
1169,5,2,Rural,1988,144823.8783
2416,3,2,Suburb,1983,216479.2312
1945,3,1,Urban,1971,208194.2387
1794,5,1,Suburb,2006,253265.0377
1633,2,3,Urban,1996,244006.2115
2217,5,3,Urban,1967,186245.8283
2540,2,2,Rural,1957,273339.0777
1028,3,1,Urban,2010,145806.9779
2188,3,1,Urban,1979,132414.1776
2445,4,1,Rural,1998,380654.635
1338,4,3,Urban,2021,82162.27558
2671,5,3,Rural,2012,213976.8596
2519,4,2,Suburb,1998,225675.3304
2388,3,1,Suburb,1992,253719.6213
2856,3,3,Suburb,1966,206099.4251
2365,2,1,Urban,2021,233693.1751
1499,4,3,Suburb,1992,41630.73904
2680,2,1,Suburb,2004,249052.4281
1510,3,2,Suburb,2011,184231.2031
2350,4,3,Rural,1971,308213.883
1216,2,3,Urban,1966,57095.7206
2324,3,2,Urban,2017,182389.1946
2155,2,2,Rural,1969,217331.8816
2827,4,1,Urban,1978,350242.8684
2093,2,3,Urban,1995,289191.5055
2275,2,1,Suburb,1963,243496.6582
2438,3,1,Suburb,1980,208749.0633
2810,4,1,Urban,1980,267005.919
1444,5,3,Rural,1952,105488.0908
1875,5,2,Rural,1971,269844.1607
2205,2,1,Suburb,2002,238840.5723
1166,3,3,Suburb,2003,206852.1296
1090,4,1,Urban,1976,92241.80582
1713,3,2,Rural,1981,133711.2318
2881,4,2,Rural,1980,363943.3169
2554,3,3,Suburb,1988,254325.5338
1038,5,3,Rural,2011,115580.6156
2149,5,2,Rural,2006,315570.8548
2474,5,3,Suburb,2016,290504.4188
1172,3,2,Rural,2011,192190.8709
1652,3,1,Suburb,1982,204042.4833
1753,2,2,Rural,2009,227730.1345
2243,5,1,Suburb,1979,315812.0094
2661,2,3,Urban,1962,235355.1438
2081,3,1,Rural,1969,266445.0245
2683,4,2,Rural,2021,373582.458
1475,5,3,Urban,1957,146532.8736
1455,5,3,Rural,1970,141658.6807
1828,5,2,Suburb,1962,311639.1474
1894,5,3,Rural,1979,200989.2947
2384,5,2,Urban,1998,284763.6398
2958,3,1,Suburb,2007,229455.1042
2024,5,1,Suburb,1995,253040.8346
1386,5,3,Rural,1951,153895.9379
2996,2,2,Urban,1968,340000.5337
1347,4,2,Rural,1976,154491.0061
1189,5,1,Rural,1956,194760.3606
1504,2,1,Rural,1999,206783.2537
2214,3,3,Urban,2002,253978.8048
2531,2,2,Suburb,1990,234623.9359
2392,5,3,Urban,1961,177596.2016
2432,2,3,Urban,1966,244735.0645
1823,2,3,Suburb,2021,236688.2718
1928,3,2,Rural,2005,205486.3072
1933,2,1,Rural,1970,214957.65
2140,3,2,Urban,1963,232001.81
1133,3,2,Urban,1971,31141.66118
1057,2,2,Suburb,1958,118092.0022
2579,5,3,Urban,1955,295625.1347
1684,4,3,Rural,1978,178076.6192
1671,2,2,Suburb,1993,195992.0248
1172,2,3,Rural,1965,48426.56953
2852,2,3,Rural,1993,237828.087
1814,4,1,Suburb,1978,224581.6795
2172,4,2,Suburb,1970,240740.1878
1079,3,2,Rural,2015,195945.2271
1885,4,3,Suburb,2021,249861.1461
2236,4,2,Suburb,1985,326922.005
1202,2,2,Urban,1952,206065.5832
1763,3,2,Urban,2006,212178.7212
2252,5,2,Rural,1998,316517.3002
2699,3,3,Rural,1990,240508.8367
2250,4,1,Suburb,1999,279073.864
2682,4,3,Suburb,1963,244530.016
2555,2,1,Urban,1972,354766.5625
2464,5,2,Suburb,2015,276540.4343
2425,5,2,Rural,1989,269753.636
1046,5,2,Urban,1970,92737.39911
2256,4,2,Rural,1992,90256.53135
2328,4,2,Rural,1995,256324.2314
2549,3,2,Rural,1997,215428.4397
2166,4,2,Rural,2018,349937.8305
2438,5,1,Rural,1979,270658.2007
2536,5,3,Urban,1989,341876.2465
2396,5,2,Rural,1991,333079.8091
2589,2,2,Rural,1973,352650.3372
2909,3,2,Rural,2008,384570.0093
2282,3,1,Rural,2014,295735.1483
1655,4,2,Suburb,2003,195194.7001
1470,2,3,Urban,2008,95133.30811
2976,3,1,Urban,2009,299964.9161
1970,2,1,Suburb,1987,197931.9728
2035,2,2,Rural,1951,234129.6807
2353,4,1,Urban,2014,352243.8437
1735,2,2,Rural,1957,195768.7658
1783,3,3,Suburb,1960,189727.3846
1967,4,3,Urban,1991,235663.8438
1357,3,1,Urban,2004,82170.73833
1971,2,1,Rural,1990,238246.3746
2431,2,2,Suburb,1952,209647.4475
1667,5,1,Urban,1960,204634.1488
1372,4,3,Rural,2009,121797.3579
2031,4,1,Rural,1959,232913.7787
2145,5,3,Rural,1961,260744.7749
2371,3,2,Rural,2017,295669.2145
1675,3,3,Suburb,1950,222874.7259
1089,2,1,Urban,1989,169571.7065
2671,4,3,Rural,1988,301400.8762
1697,2,3,Suburb,1965,146521.3089
2339,5,1,Urban,1974,239841.0992
2201,2,2,Urban,1977,250995.7481
1539,3,3,Rural,1992,230483.4878
1731,3,1,Urban,1956,219340.6906
1868,5,3,Rural,1978,271113.4179
1040,3,3,Suburb,2012,154006.6036
1739,5,3,Urban,1960,208431.5694
2727,4,2,Rural,1950,312734.6629
2946,5,3,Suburb,1977,342149.8424
1501,5,1,Rural,1995,198493.3216
1958,5,1,Urban,1952,256779.9117
2168,3,3,Suburb,1963,233297.0962
2224,4,2,Urban,1988,267938.9424
1928,2,1,Urban,1974,210799.6589
2747,4,2,Rural,1984,373797.1323
1460,3,2,Rural,1979,128689.3647
1731,4,1,Suburb,1989,149708.5314
1751,4,1,Rural,1960,167144.4374
1924,5,2,Suburb,2015,180984.9797
1908,5,3,Urban,1988,207714.8484
2581,3,2,Urban,1977,226302.5261
2570,5,1,Urban,2013,341995.9982
2276,3,2,Urban,1952,261788.2303
1389,2,1,Suburb,1955,169312.4952
2617,4,3,Suburb,1985,246554.2549
1882,2,3,Urban,1952,218620.4392
1255,2,3,Rural,1969,152644.9079
1708,4,3,Urban,2019,79441.72986
2838,5,3,Suburb,2006,251681.7532
2944,2,1,Rural,2001,270128.2948
1449,4,2,Urban,1958,207723.0893
1009,2,3,Urban,2017,100701.1998
1823,2,1,Suburb,2019,236683.2894
1797,4,2,Suburb,1999,234486.0124
2265,5,2,Suburb,1955,165566.9689
2274,3,3,Suburb,1992,286489.7196
1876,4,3,Rural,2005,177401.4627
2028,3,2,Rural,1966,249908.6285
2142,4,2,Suburb,1981,161743.4268
2015,4,1,Rural,1960,187143.6844
2824,3,3,Urban,1975,247402.51
1373,3,2,Rural,1967,155358.8252
2088,5,2,Urban,1979,279165.0372
1145,4,3,Suburb,2013,89762.97208
1223,4,1,Urban,1981,181760.1201
2262,4,1,Suburb,2006,244215.915
1176,5,3,Suburb,2011,245337.7602
2802,3,1,Suburb,1956,303158.5657
1852,4,1,Rural,1954,156793.6423
2305,3,1,Urban,2019,290483.5992
1062,5,2,Rural,1963,94671.10673
2240,2,2,Suburb,1995,194460.4233
2877,3,1,Rural,1961,282958.5553
1826,5,3,Suburb,1999,203993.7393
1794,2,3,Urban,1990,205849.0281
1688,4,3,Suburb,1957,149216.2595
2484,4,1,Suburb,1952,246342.1789
2952,3,3,Rural,2001,289062.4435
2633,2,2,Suburb,1960,296127.9757
1104,5,3,Urban,1997,97422.08369
2122,4,3,Urban,1961,163521.6964
1510,4,2,Suburb,2000,122252.2819
1384,2,2,Urban,1953,133770.9307
1404,5,1,Suburb,1966,184800.9521
1822,4,1,Suburb,1978,251020.9433
1517,4,1,Urban,1972,115263.6406
1475,3,1,Rural,2011,90949.32581
1708,5,1,Suburb,1961,189782.1234
2886,4,2,Rural,1997,280071.5049
2668,2,2,Rural,1982,258006.4645
2893,4,2,Suburb,1962,386754.0319
1770,5,3,Urban,1987,146603.6578
2460,3,3,Suburb,1999,259605.931
2046,4,3,Urban,1961,259302.2278
1996,2,1,Suburb,1975,172698.9227
2588,4,3,Rural,2014,339031.5397
1676,2,1,Suburb,1952,255611.7275
1713,5,1,Urban,1957,192246.8559
2481,3,1,Urban,1979,345003.4976
1082,5,1,Suburb,1992,142633.8501
2168,4,3,Urban,1963,195356.4527
2108,4,2,Suburb,1966,279338.9778
2101,3,1,Rural,2020,176065.2208
1456,2,3,Suburb,1989,102686.5125
2901,5,1,Suburb,2015,357084.8621
1000,2,1,Urban,1957,77593.87759
1050,4,2,Suburb,1955,218059.0327
1684,2,1,Rural,1967,97481.12166
1716,5,2,Rural,2015,251997.9172
2795,2,3,Suburb,1951,291568.3442
2469,4,1,Urban,2009,164581.1036
1448,5,2,Rural,1952,232049.1635
1880,2,1,Suburb,1956,153154.0548
1487,2,1,Suburb,1996,40231.17454
2823,5,1,Rural,1979,400579.3722
1033,4,2,Urban,1984,171695.7859
2371,5,3,Suburb,2008,255858.326
1094,4,2,Rural,2011,198666.6614
2095,2,3,Suburb,1996,232521.0726
2574,5,2,Rural,1966,296498.539
1153,4,2,Suburb,2002,220953.7614
1249,5,3,Urban,1982,177511.568
1673,2,3,Urban,2012,243821.2869
1437,5,3,Rural,1991,152095.5908
1117,2,2,Suburb,1997,62277.05246
1770,2,3,Urban,2011,182285.0474
2914,2,1,Rural,1956,339183.5221
2329,4,1,Urban,2004,335253.9925
1267,4,1,Urban,1987,157519.0966
2984,3,1,Suburb,2018,424502.0676
2077,4,3,Suburb,1988,202779.7546
1235,3,3,Urban,1978,106521.1347
1388,5,1,Urban,1978,178038.7173
1989,2,3,Urban,2004,233632.7683
2757,4,1,Urban,2009,286469.3746
1762,2,2,Rural,2015,173138.793
2848,3,3,Rural,1953,273489.4263
1400,4,2,Urban,1969,205885.8809
1623,4,3,Suburb,2000,200613.407
1766,4,3,Suburb,2019,227038.9841
2326,4,3,Rural,2004,141390.5479
1918,2,2,Urban,1995,267982.4736
2230,4,2,Suburb,1996,207817.7
2252,3,1,Urban,2019,309843.4982
1852,4,2,Rural,1963,151088.1312
2933,3,2,Rural,1954,251312.0636
1577,3,1,Suburb,1981,153390.6597
1074,2,2,Urban,1991,145292.9662
1434,4,2,Rural,1989,227151.0926
1102,3,1,Suburb,1969,119347.7218
2445,4,2,Urban,1994,240111.0138
2727,2,1,Urban,1961,349505.4323
1763,2,3,Rural,1990,182273.603
1737,4,3,Suburb,1959,192126.8828
1805,3,2,Urban,1951,249793.7963
2329,5,3,Suburb,2005,297511.5523
1097,5,2,Urban,1965,177698.1915
2873,2,1,Urban,1994,351221.3195
1797,3,1,Urban,1996,145554.8089
2358,5,1,Suburb,1990,276729.5247
1858,3,3,Rural,1993,169985.3277
1434,4,1,Urban,2020,131335.8406
1446,2,1,Rural,2007,204761.004
2331,4,2,Urban,2004,316339.4136
1248,4,2,Rural,1974,273099.8533
1165,4,2,Suburb,1961,146864.0337
2504,3,2,Urban,1967,206789.4452
1983,5,1,Urban,2014,269940.1613
2358,4,2,Rural,2003,223537.9922
2019,2,3,Rural,2013,196595.6766
1541,3,3,Rural,2012,224318.8108
1758,5,3,Suburb,1964,203716.1351
2129,4,2,Urban,2018,266474.7697
2586,2,1,Suburb,1955,277634.1844
1080,4,2,Suburb,1978,170586.8613
1132,5,3,Rural,1975,134815.3595
1796,5,2,Rural,1950,151337.7333
1899,4,3,Urban,1978,276208.0402
1137,4,1,Urban,1964,108678.2042
1183,3,1,Urban,1995,162682.1164
2424,5,1,Rural,2013,291911.7852
2353,5,1,Rural,1986,259199.8998
1784,4,1,Suburb,2004,207482.8857
2531,2,2,Urban,2005,274383.1438
2875,4,1,Suburb,1966,192842.6457
1983,4,2,Urban,2021,233248.5383
1068,5,3,Urban,2006,161092.3915
1545,3,3,Urban,1971,235129.0153
2797,4,1,Suburb,1956,233716.4286
1052,2,2,Suburb,1952,146607.1892
2473,2,1,Suburb,2003,198600.8868
1204,4,3,Rural,2005,216805.1691
1125,2,2,Rural,2013,105204.6554
2770,2,3,Suburb,1958,332358.6533
1042,4,2,Rural,1999,201918.8625
2775,2,3,Rural,2020,290506.1967
2994,2,1,Suburb,2006,280134.6154
2906,4,1,Urban,1957,303339.8006
1110,5,1,Rural,2002,200784.7141
1760,3,3,Suburb,1984,242093.5662
2686,3,3,Urban,1998,333760.3977
2206,5,3,Rural,1973,338611.3582
1847,4,1,Suburb,1956,204116.3786
1094,5,3,Urban,1989,150610.5298
2994,3,3,Rural,2000,351976.5748
2397,3,1,Suburb,1985,188577.0633
2935,3,3,Suburb,1983,373813.1557
2543,3,2,Rural,2002,240045.8146
1899,4,3,Suburb,2016,232981.9149
1359,3,1,Urban,1982,192126.7211
1899,3,2,Suburb,2015,183344.2437
2719,4,1,Rural,2003,250253.1185
1280,5,1,Urban,2014,156414.8938
2218,4,1,Suburb,2018,276382.0311
2887,3,2,Suburb,1989,343806.6146
2218,2,2,Urban,2013,249691.3945
1666,4,1,Urban,1959,139810.7598
1092,4,3,Rural,1963,82690.011
1671,5,2,Suburb,2000,238757.9039
2969,3,1,Urban,1950,321467.9752
1060,2,3,Suburb,1974,169940.9504
1633,4,1,Suburb,1971,175580.2569
2074,4,2,Suburb,1985,230989.2472
2426,4,2,Rural,1976,279755.3596
2812,2,3,Suburb,1970,362904.4722
2028,4,2,Rural,1980,268956.672
2489,4,1,Suburb,1955,231954.8072
1603,2,1,Rural,2001,179761.436
1681,4,3,Rural,1957,233796.1321
2852,2,3,Suburb,2011,362553.0598
1533,5,3,Rural,1959,323573.6463
2428,2,3,Rural,2020,217368.5185
1837,5,1,Rural,1989,246895.8973
2536,2,1,Suburb,1984,313418.6881
1644,3,1,Urban,1975,212913.1865
1232,4,1,Urban,2021,156627.3542
1523,5,3,Suburb,2013,175489.8932
1345,4,2,Rural,1953,164341.1022
2069,4,1,Suburb,2020,246798.2604
1545,2,2,Urban,1953,189422.266
2968,3,3,Urban,1965,379492.5664
2101,2,3,Rural,1962,236619.5378
2753,4,2,Suburb,1999,326789.9498
2836,2,3,Urban,2016,368704.6269
2946,5,2,Suburb,1981,355324.4786
2096,3,1,Urban,1952,286598.8008
1793,4,3,Urban,1987,208823.7014
1248,2,3,Urban,2016,144806.3152
1046,5,2,Suburb,1988,24201.6307
2144,3,2,Suburb,2006,255121.8291
1213,2,2,Rural,2004,83400.59453
1238,2,2,Suburb,1976,107985.1033
2079,4,2,Suburb,1965,300957.7899
1349,5,3,Urban,1953,229106.9832
1106,3,2,Rural,1999,145544.5536
1830,2,1,Rural,1995,219525.3673
1047,3,2,Suburb,1991,169713.5251
2596,5,3,Suburb,1998,340109.2967
1336,4,1,Suburb,1993,132485.8522
2049,4,3,Suburb,1981,261852.5393
1803,4,2,Suburb,2021,167341.431
2280,3,3,Rural,1995,279972.3849
1007,3,3,Rural,2020,104862.8038
1624,2,2,Rural,1986,181002.398
2890,5,3,Urban,1951,291217.4185
2276,5,3,Urban,2016,280634.179
2715,5,3,Suburb,2018,280526.4042
1718,3,1,Urban,2012,322761.7216
1302,4,3,Rural,1960,117527.3133
1638,5,2,Suburb,1967,272001.0563
1055,2,2,Urban,1998,128967.4181
1725,3,3,Rural,1963,206785.9408
1525,4,2,Suburb,1971,220914.5333
1473,5,1,Suburb,1971,134308.114
1027,4,2,Rural,1974,190994.4172
1077,2,2,Rural,1965,132371.3343
2239,5,3,Urban,1988,155708.8798
2409,5,1,Rural,1979,286223.4396
1364,4,1,Rural,1970,163351.0783
1665,3,2,Rural,2021,175376.2716
1525,4,2,Suburb,1992,179134.0511
1698,2,3,Rural,2010,276522.3217
2335,4,3,Rural,1968,305260.835
1882,4,1,Suburb,1969,149464.8742
2030,5,3,Suburb,1996,163185.2062
2026,3,1,Suburb,1973,202966.6409
2646,3,1,Suburb,2013,359020.0994
1918,3,2,Suburb,1969,270285.2388
1749,3,1,Rural,2014,153530.473
1362,4,1,Rural,2020,120080.0511
2774,5,1,Urban,1974,319107.7939
2531,5,1,Rural,2006,278897.6645
2297,3,2,Suburb,1982,173934.8324
2529,4,3,Rural,2010,274377.3599
1805,3,3,Rural,1993,158850.1245
1738,3,1,Urban,2010,133936.1418
2906,5,3,Suburb,1996,287991.1882
2038,5,3,Rural,1981,174033.065
2215,3,1,Urban,1953,236900.2616
2654,4,1,Rural,2014,234263.2942
1484,3,3,Rural,1979,160660.3926
1027,5,2,Rural,1951,146631.5582
1713,5,3,Urban,1997,243336.4403
2062,4,1,Rural,1955,215906.9596
2976,3,3,Rural,2016,401985.2877
2296,3,3,Urban,2019,289130.5018
2254,2,2,Suburb,1983,299759.5828
1085,3,3,Suburb,1952,170202.3997
2497,4,3,Rural,1986,269624.0149
1125,5,1,Urban,2003,127992.8921
1811,2,2,Rural,1971,202758.0036
1536,4,3,Rural,1951,231199.8505
1144,4,3,Urban,1955,140611.7564
2548,2,1,Suburb,1987,186540.9574
2235,3,1,Urban,2017,213170.349
1024,2,2,Urban,2006,24715.24248
2603,4,2,Rural,1955,262747.1867
2417,3,2,Urban,1983,241061.3837
1066,5,1,Urban,2001,121229.067
1232,2,1,Rural,1955,162027.0236
1108,4,1,Urban,2013,223401.1497
2169,3,1,Urban,2008,195532.4744
1110,4,2,Urban,1989,159300.6479
1227,3,2,Suburb,1965,62986.30562
1110,3,2,Urban,2015,155601.306
2493,2,1,Urban,1959,271473.4356
1033,5,1,Urban,1979,257937.6703
1622,3,1,Rural,1982,162059.8141
2799,4,1,Rural,2017,298891.0325
2959,3,3,Rural,1988,256438.8141
2392,5,2,Rural,1953,339929.7687
1747,4,2,Suburb,2013,153806.369
1594,3,3,Rural,1974,230984.6303
2577,3,2,Rural,1964,354670.2667
1424,2,1,Urban,1955,81791.59901
1612,5,2,Urban,2018,197839.958
2541,3,1,Rural,1992,279927.3625
1691,5,1,Rural,2000,123146.7208
2305,3,1,Urban,1964,173424.079
2343,4,3,Rural,2004,171330.5193
2761,5,2,Suburb,1952,225236.9281
2466,4,1,Urban,1959,312980.879
2975,5,2,Rural,1973,230128.1483
1314,4,3,Urban,1991,181639.5675
1876,3,2,Rural,2015,274445.7925
2989,4,2,Suburb,1959,366555.2355
2764,4,2,Suburb,1990,250869.3714
2400,3,2,Suburb,1970,379321.2427
2312,5,3,Urban,2002,282074.2092
2460,4,2,Rural,2018,255506.8043
1661,2,1,Urban,2006,272637.2866
1276,2,3,Urban,1969,199083.427
2733,4,2,Urban,1971,287467.221
2605,4,2,Suburb,1999,307809.4844
2526,4,1,Suburb,2021,312283.5438
1623,5,3,Rural,1957,257388.341
1515,3,3,Suburb,1961,129303.2939
2373,2,1,Rural,1978,339049.5567
1842,2,2,Rural,1987,169699.0839
2469,5,2,Suburb,1975,290906.1659
2853,4,3,Suburb,1959,265870.2889
1349,4,3,Suburb,2006,69051.27591
2630,3,2,Rural,2000,237559.9186
2687,3,1,Urban,1974,288266.3123
1822,2,1,Rural,1998,250317.0278
2160,3,2,Rural,1964,240498.2942
1758,2,1,Urban,1991,257528.4573
1898,5,3,Rural,1970,252217.3113
1242,4,2,Rural,1976,129691.645
1542,4,1,Suburb,2012,245906.6674
2063,2,1,Suburb,2000,232425.8523
1228,4,3,Urban,1981,121480.6303
1547,5,3,Suburb,1961,198137.8777
1919,3,2,Suburb,1973,203344.1167
2246,5,3,Suburb,1992,260688.8008
1005,4,3,Urban,1991,87658.88398
2345,5,2,Urban,2019,316660.3662
1467,4,1,Suburb,1976,115795.3617
2755,2,3,Rural,2011,287310.4062
1074,3,2,Urban,1963,149952.39
1003,3,3,Urban,2005,88765.26779
2870,4,3,Rural,1951,314993.8588
1645,4,1,Rural,2018,144500.2653
1117,3,3,Suburb,1967,72090.54118
1880,5,3,Rural,2014,305647.9089
2629,5,3,Rural,1953,340724.3963
1503,5,1,Rural,1996,179352.7077
1946,3,3,Suburb,1994,261841.7539
1573,2,2,Suburb,2019,213060.5518
2464,4,2,Suburb,2014,255410.4807
1193,4,1,Suburb,2019,193815.8689
1846,3,1,Urban,2008,162337.9073
1714,2,1,Suburb,1981,229013.3324
2415,3,3,Suburb,1992,187933.5322
2049,5,1,Rural,1987,216764.6262
2458,5,2,Suburb,1978,208859.1965
1172,4,2,Suburb,2018,164459.1066
2323,4,3,Rural,1995,328992.5634
2668,4,3,Suburb,1950,338334.5366
1325,4,3,Rural,1955,140293.8497
2433,5,3,Urban,1985,221513.4583
2141,5,2,Rural,2013,395177.0033
1835,2,2,Rural,1976,337327.0462
2810,4,1,Urban,1950,243300.7465
1723,3,3,Rural,1978,228232.3412
1224,2,2,Rural,2019,79423.96636
1531,2,2,Urban,1981,104181.9218
1112,5,1,Rural,1951,141798.625
1139,4,2,Urban,1973,144597.0045
1558,2,2,Urban,1965,220726.2335
1000,4,3,Urban,2001,23621.03033
1089,5,1,Suburb,1975,134466.1068
1653,2,3,Urban,1950,201655.9987
1319,2,3,Rural,1973,289406.843
2573,3,1,Suburb,1977,231364.1878
2828,5,1,Rural,1982,331264.2439
2917,3,3,Urban,1991,394127.1706
1138,5,3,Suburb,1999,256454.5478
2534,3,3,Rural,1960,363923.8958
2891,5,3,Suburb,2011,331896.5332
1844,5,1,Suburb,1996,205052.3015
1258,2,2,Urban,1955,104012.0453
2696,3,1,Suburb,1959,360128.4682
1901,3,2,Rural,1998,184846.6214
1689,3,1,Suburb,1957,171906.8921
1009,2,3,Suburb,1978,131689.4799
1260,4,2,Urban,1994,94957.76479
2942,5,1,Urban,1961,340308.4625
2673,3,1,Urban,1987,251275.5525
1171,5,1,Urban,2004,187244.1803
1897,2,3,Urban,2001,352779.5972
1012,5,1,Suburb,1967,182260.2718
2191,2,1,Urban,2015,157002.5777
2665,4,3,Suburb,2013,310691.4933
2619,3,2,Urban,1950,254887.5858
1320,2,2,Urban,2018,165514.4569
2342,5,3,Rural,2012,302265.5431
2636,2,2,Urban,1961,256038.3712
1328,2,1,Urban,1958,175621.1883
1784,4,1,Suburb,1965,247140.8367
1776,3,2,Suburb,1990,181801.4467
2994,2,2,Urban,1971,352046.4289
1910,2,2,Urban,1963,134467.819
2943,5,3,Rural,1998,370903.6905
2573,2,2,Rural,2005,397850.3404
2442,2,3,Suburb,2007,312943.745
2629,3,2,Suburb,1955,342274.5006
2118,3,3,Suburb,1952,327981.9326
2840,5,3,Suburb,1987,312046.8621
2604,2,1,Suburb,1981,314944.1748
1317,2,2,Rural,1974,156225.6982
2979,2,1,Rural,1955,324357.7931
1235,4,1,Suburb,1983,241791.2444
2969,4,3,Rural,1986,369632.8628
1333,5,3,Rural,2009,79993.95025
2908,4,3,Suburb,1956,282492.2196
1375,5,3,Urban,2007,143427.7936
2482,2,1,Suburb,1969,288077.2428
2160,4,3,Suburb,1984,261779.6104
2953,3,1,Suburb,1968,315491.5383
1587,4,1,Rural,1960,225659.3006
2570,2,2,Suburb,2001,379870.5177
1512,3,2,Urban,2006,117764.7504
2319,5,3,Suburb,2001,365341.8286
2343,2,1,Suburb,1962,200036.5927
1917,3,1,Urban,1975,73956.1532
2595,4,1,Rural,2003,323948.9886
2855,5,2,Rural,1966,336663.7552
2372,4,1,Suburb,1956,230595.3125
2863,3,1,Urban,1968,378242.8996
2802,3,1,Rural,1955,163978.9314
1872,2,2,Rural,1991,248496.0319
2252,5,3,Urban,1957,198792.8102
1269,5,3,Urban,1979,221758.6551
2851,3,3,Urban,1989,253972.5088
1797,2,2,Rural,1951,159062.0271
2314,3,2,Suburb,2017,200738.0272
1724,3,3,Urban,1997,208809.8955
2188,5,3,Suburb,1976,244617.4937
1004,4,2,Urban,1963,80110.44223
1850,4,3,Urban,1999,141837.8442
2402,5,1,Urban,1954,276920.0327
1077,2,2,Urban,1970,39789.05638
2433,5,3,Suburb,1997,323905.129
1573,2,3,Rural,1981,186844.438
1131,5,2,Rural,1950,131388.3617
1600,2,2,Suburb,2012,271767.333
2772,3,1,Urban,2005,248601.3278
2065,3,2,Urban,1960,242018.5741
1088,2,2,Rural,1959,160656.6246
1401,5,1,Suburb,1984,183614.3799
1295,3,3,Suburb,1980,69742.31854
2863,5,2,Rural,1953,277955.2828
2318,4,3,Urban,1977,172213.5267
1615,3,1,Urban,1975,192169.9287
2549,5,2,Urban,2003,299271.2792
1799,5,1,Rural,1961,192391.9461
2714,4,3,Rural,1985,281494.4284
2660,5,1,Rural,1965,283144.0236
1421,2,2,Urban,2018,128880.6393
2888,3,2,Suburb,1999,254958.4694
2046,2,3,Urban,2003,273308.4341
1574,4,3,Rural,1958,149579.2968
1142,2,3,Rural,1993,161527.319
1992,5,3,Rural,1963,178777.6759
1664,4,2,Rural,2002,150072.7777
1144,4,2,Rural,1997,189146.1989
2248,2,2,Suburb,2003,234782.0634
2006,4,1,Rural,1952,183591.6631
1502,2,1,Suburb,1969,170893.7151
2985,2,3,Rural,2003,380395.7887
2997,2,3,Suburb,1953,376243.3121
1820,4,3,Urban,1992,233400.2816
2639,4,2,Urban,1967,339900.5062
1103,3,1,Urban,2015,151308.718
2970,2,3,Suburb,2019,271877.4672
2062,2,3,Suburb,1989,170381.1693
2970,2,2,Rural,1979,411419.5806
1197,2,1,Urban,1972,52537.24518
2669,2,3,Rural,1984,308269.0967
1578,2,3,Urban,1993,126897.1448
1390,2,3,Rural,1999,149880.3394
2202,3,3,Urban,1973,158291.971
2991,3,1,Urban,1982,424314.0635
1553,5,1,Suburb,1997,223049.0042
2471,2,3,Suburb,1967,319933.9042
2523,2,2,Suburb,2004,310310.2871
2038,3,3,Rural,1959,205517.8075
2646,3,2,Rural,2000,319871.8642
2692,2,3,Rural,1962,230926.2981
2312,2,3,Rural,1963,211128.2201
1477,3,2,Rural,1981,83129.19404
2254,3,3,Suburb,1975,242468.1778
1922,5,1,Rural,2000,156453.6391
1419,5,2,Urban,1985,238711.6396
1156,2,1,Rural,2008,173471.0724
1549,3,2,Urban,1970,207848.7834
2464,5,1,Suburb,1962,376283.0944
2120,2,3,Rural,1965,227705.1395
2020,5,3,Rural,1996,295173.2147
1996,5,2,Urban,2002,208832.5772
2434,5,1,Suburb,1979,181513.9862
1950,4,3,Suburb,2013,230751.6048
1288,2,1,Urban,1975,206363.5529
2277,5,1,Suburb,1980,161369.9694
1195,2,2,Rural,1971,177762.6074
1597,2,3,Suburb,1993,191429.0701
2857,3,2,Suburb,1975,296301.4811
2545,2,2,Rural,2014,241398.2331
1516,5,3,Urban,1958,169922.1456
2658,2,1,Suburb,1999,267022.5786
2865,3,2,Rural,1998,282967.2127
1864,4,3,Rural,1957,166514.2982
2141,4,1,Rural,1995,310230.4064
1805,3,1,Urban,2009,236104.8197
2932,5,1,Suburb,1968,276777.8785
2182,5,2,Suburb,1964,248861.9212
1814,5,2,Urban,1976,218993.109
1227,2,3,Urban,2018,221381.8636
2900,4,1,Rural,2012,275815.918
1215,5,1,Urban,1993,192510.5754
1947,4,3,Urban,2007,182412.5691
2719,3,1,Suburb,1988,256082.6315
1014,4,1,Suburb,2017,122023.2837
2180,5,3,Suburb,1967,180554.9102
2671,4,3,Rural,2003,235136.2945
2284,3,2,Rural,1997,256342.9315
2180,4,2,Rural,1978,243654.5646
1046,2,2,Rural,1979,130267.4295
1323,3,3,Suburb,2018,204741.0529
1843,2,2,Suburb,1974,180011.6545
2708,2,1,Urban,1976,257333.642
1129,5,2,Rural,1979,177519.2513
2434,5,2,Urban,1989,251984.0718
1094,3,2,Rural,1981,169065.2431
1626,5,3,Rural,1978,91250.12292
1754,4,1,Rural,1990,211992.8189
2955,3,3,Suburb,1960,330165.2528
2315,5,1,Rural,1993,338128.6976
1793,5,2,Urban,1983,247431.305
2834,4,2,Urban,1983,363806.6214
2306,2,1,Suburb,1977,242960.7161
1068,4,3,Rural,2009,152613.9003
2683,2,3,Suburb,2003,235427.4756
1010,5,2,Urban,1976,107642.9124
2277,2,1,Rural,1995,266227.2069
2865,2,1,Suburb,1957,402366.8293
1871,5,1,Rural,1978,263080.8659
1549,3,1,Urban,1968,210147.566
2157,4,2,Rural,1981,295046.3756
1711,5,3,Rural,1950,230494.3241
1022,4,2,Suburb,2016,137553.3956
1814,4,1,Suburb,2007,197682.7584
1345,2,3,Rural,1975,116125.7015
1301,5,2,Rural,1999,102950.399
1362,3,1,Urban,1956,149445.8597
1395,4,2,Urban,1968,159677.3992
1217,4,1,Urban,2017,107724.9517
1140,3,2,Suburb,2007,157591.2469
2639,4,2,Urban,1976,351702.8376
1957,5,2,Suburb,1986,202962.6422
2233,3,1,Urban,1957,252133.1825
1984,5,3,Urban,1950,203584.4025
1992,3,3,Urban,2021,263168.4957
2646,4,1,Rural,2020,311377.3934
2639,3,3,Rural,2018,256415.7293
1827,5,3,Urban,1953,240714.1115
1682,3,2,Rural,2014,78245.42464
2483,4,2,Suburb,1981,304337.1431
2003,2,1,Suburb,1972,177089.8678
1355,4,1,Rural,1967,107755.088
2007,4,2,Urban,1955,186133.4942
2347,2,1,Rural,2008,210435.5273
2156,3,1,Rural,2011,168184.2545
1887,4,3,Suburb,1961,281861.2546
2828,2,1,Urban,1995,302708.4333
2863,5,1,Suburb,1973,362317.4565
1126,2,2,Rural,1962,168992.3824
2129,4,1,Rural,1988,237640.7375
2008,5,2,Urban,1951,310237.1877
1603,4,1,Urban,1960,262914.928
2822,2,3,Suburb,2020,311383.2769
2401,5,2,Urban,2004,293353.4281
2928,4,1,Urban,1973,285247.3592
2013,2,1,Rural,2019,210469.8596
1050,5,3,Rural,1957,135494.9242
2052,4,1,Rural,1999,185341.7314
2485,2,3,Urban,2018,320619.8972
2319,4,2,Urban,1974,256896.3802
2320,4,2,Rural,1953,224537.6967
2749,4,1,Urban,2016,248344.8213
1778,3,2,Rural,1956,274278.9276
2430,4,3,Urban,1993,229210.3577
2792,5,3,Rural,1971,293720.9552
1813,2,1,Suburb,2007,252819.6185
2636,2,3,Urban,1966,244973.5746
2428,3,3,Suburb,1957,263628.8352
2369,3,3,Rural,2006,303903.4195
2645,3,1,Suburb,1981,251233.071
1419,4,2,Urban,1991,81698.85791
2205,4,3,Suburb,1991,252324.877
1982,5,2,Rural,1989,106851.636
1824,2,2,Suburb,2021,118070.5282
2024,2,1,Rural,1970,249565.9046
2854,4,1,Rural,2017,301546.2992
2973,2,2,Suburb,1984,314433.7255
1566,4,1,Rural,1994,221489.1806
1370,3,2,Rural,1954,165914.8087
1935,4,3,Urban,1958,254806.8879
2934,5,2,Rural,1959,311568.1293
1660,4,2,Suburb,1979,279010.896
2454,4,3,Rural,1995,205557.8754
1968,2,1,Urban,2011,291881.8344
2332,4,2,Rural,1951,238263.3823
2160,5,1,Rural,2002,194130.1914
1201,4,3,Rural,1998,216784.0273
2459,4,2,Rural,1950,245500.6944
1312,3,2,Urban,1967,121203.0238
1116,4,2,Rural,1992,15889.765
2689,4,2,Rural,1982,305738.9113
1936,4,1,Rural,2001,296077.5477
2826,5,1,Suburb,1954,323962.0075
1574,2,3,Rural,1951,184214.4755
1243,3,1,Urban,1984,208676.2656
1536,3,2,Rural,1958,177136.3928
2625,4,3,Urban,2020,270696.4512
1074,4,2,Suburb,1965,81813.51365
2829,2,2,Urban,1979,287868.4527
1385,4,3,Rural,1957,144371.7852
2926,5,2,Urban,1996,367661.8776
2233,2,2,Suburb,1964,237270.2718
1474,4,3,Rural,1962,209263.4175
1417,2,1,Suburb,1964,104277.9104
1346,3,3,Rural,1984,125234.8076
2552,4,3,Suburb,1992,302407.8035
1639,2,3,Rural,1952,110120.3162
1938,2,1,Suburb,1982,164438.6283
1954,4,3,Suburb,1977,281671.6025
1875,2,1,Urban,1964,240137.4775
1762,4,2,Urban,1957,131990.8067
2202,4,3,Rural,2008,235142.8243
2205,5,2,Rural,1956,285549.6474
1663,5,2,Suburb,1979,193529.6099
1024,2,1,Urban,1968,153859.3097
2990,2,2,Rural,1963,302196.8825
2203,2,2,Urban,1979,308677.045
1709,3,3,Rural,2003,154158.9653
2524,4,2,Urban,1973,275631.5302
2879,4,3,Rural,1968,303241.5595
2184,3,2,Urban,1968,267946.9734
1176,3,1,Suburb,1969,264943.25
1284,2,2,Rural,2005,37585.65484
1062,4,1,Urban,1961,204612.6297
2002,5,3,Suburb,1995,291470.3327
1661,5,3,Rural,2006,220192.3858
1665,3,2,Urban,1999,179780.3788
1155,3,2,Rural,1988,100023.9861
2905,4,3,Rural,1968,364014.6966
2492,4,3,Suburb,1962,312093.8717
2072,5,3,Rural,1985,171757.7328
1966,4,1,Urban,1973,301453.2597
1848,2,2,Rural,1972,198300.8032
2107,3,3,Rural,2010,148016.5548
2384,5,3,Suburb,1988,337549.2222
1688,5,2,Suburb,1986,141942.0672
1147,2,2,Urban,1969,145450.5754
2653,4,1,Suburb,1975,378989.6398
1341,4,3,Suburb,2018,150194.7674
1475,3,2,Urban,2004,181018.0415
2086,2,1,Rural,2007,177225.0106
2724,5,3,Rural,1961,388614.8424
2383,2,1,Rural,1988,290390.7601
1560,5,2,Urban,2016,184069.9466
1326,2,1,Urban,1984,86933.04784
2792,4,3,Urban,2005,315935.8993
2759,5,2,Suburb,2012,340230.7729
2164,3,3,Urban,1964,260736.9961
1989,2,1,Suburb,1996,203613.8903
1214,4,1,Rural,2015,180424.3264
1434,5,1,Suburb,1974,201118.7415
2914,4,2,Suburb,1999,357901.3989
1951,2,1,Suburb,1954,221873.5517
1722,3,2,Urban,2010,217827.1513
2341,3,1,Urban,1975,240546.6068
1031,2,1,Rural,2000,172501.4115
1669,5,2,Suburb,1952,124996.2781
1284,4,2,Suburb,1967,150624.262
2328,4,2,Suburb,1957,217604.8634
1428,5,3,Suburb,2007,192598.0397
2500,2,1,Urban,1993,313158.9443
1285,4,3,Suburb,1999,108135.5491
2167,4,1,Urban,2015,277542.1431
2447,2,1,Rural,1998,263757.3663
2042,4,1,Rural,1968,166135.9263
1017,5,1,Urban,2015,160917.2109
1768,5,3,Urban,1989,265891.3551
1589,2,1,Suburb,2017,162111.0113
2394,2,3,Suburb,1965,264433.3796
2198,5,2,Suburb,1961,231654.6242
2009,2,3,Suburb,1976,71784.63391
1193,5,1,Rural,1954,142812.715
1501,5,3,Suburb,1996,174573.3572
1987,5,3,Suburb,1958,198395.4636
2136,4,2,Urban,1972,147468.3033
1113,2,2,Rural,2012,110817.1601
2245,4,2,Urban,1956,219271.9488
2701,2,1,Suburb,2002,314549.9585
1946,3,3,Rural,2004,232270.8837
1830,4,3,Suburb,1979,95632.49026
2667,4,2,Suburb,2000,233177.9377
2920,4,1,Rural,1958,321136.8012
2287,3,1,Urban,1980,265431.8752
1924,2,1,Urban,1954,164156.1397
1054,3,2,Suburb,2010,171845.2392
2894,2,1,Urban,2001,338492.1224
2666,2,1,Rural,1982,265787.4671
1799,2,1,Urban,2007,167007.7607
1777,2,2,Rural,1990,142219.2662
2481,2,2,Rural,1966,282410.2118
2901,3,3,Rural,2001,299697.5926
1161,4,3,Suburb,1960,79599.39451
2403,3,3,Rural,1997,279182.2622
1086,4,2,Rural,1980,90785.01023
1054,4,3,Urban,2010,161862.4028
2499,5,1,Suburb,1994,344770.6621
2823,4,2,Urban,1980,370861.5967
2201,3,2,Rural,2013,226947.229
2414,5,3,Suburb,1956,260344.8338
2372,2,1,Urban,2001,254226.0912
2031,2,1,Urban,2011,211319.1084
1832,4,2,Suburb,1969,297931.5163
1312,2,2,Suburb,2009,158456.781
1758,2,3,Rural,1952,174479.8125
2858,5,1,Urban,1992,227559.8727
1442,3,2,Urban,2002,110392.5265
2790,2,1,Urban,2007,263515.3117
1327,2,2,Suburb,1958,193903.3499
2077,3,3,Rural,1975,186754.3671
1760,5,2,Rural,2016,167602.8314
2262,5,2,Urban,2008,279502.1217
2252,2,2,Urban,1970,163743.6585
1578,4,3,Rural,1994,200990.4546
2074,3,3,Suburb,1984,230407.9283
2632,5,3,Rural,1983,276882.1284
2627,2,2,Suburb,2016,319114.5971
2006,5,2,Suburb,2019,227149.2623
2287,2,1,Suburb,1985,240203.1314
2441,3,3,Urban,1983,315238.112
2826,4,3,Rural,1955,349820.4501
1095,3,2,Suburb,1992,162886.7816
2111,5,3,Rural,1996,218625.2018
2101,5,1,Suburb,1952,87154.24372
2311,5,3,Urban,1952,325548.5716
2143,4,3,Rural,1985,332085.2402
1813,3,3,Suburb,2001,127991.7989
1490,2,1,Suburb,1982,246946.0309
2935,3,1,Suburb,1950,333667.9771
1451,3,3,Suburb,2021,89754.86041
2523,4,1,Suburb,1993,268233.9899
1164,3,2,Urban,1983,122933.3735
1181,5,3,Rural,1986,132678.4316
1468,4,1,Urban,1960,196895.6869
1909,5,1,Urban,2000,212014.0077
1734,5,1,Rural,1960,167181.8384
1822,3,2,Urban,1972,291306.9248
1943,2,1,Suburb,1985,231611.7539
1006,3,2,Rural,2001,85889.10355
1329,2,2,Rural,2010,222302.5744
1774,4,1,Urban,1981,182010.7351
2696,4,2,Rural,2001,312284.2847
1150,4,1,Rural,1960,199842.8604
2108,5,1,Urban,1985,256967.439
1146,5,1,Rural,2002,206526.7909
2647,4,3,Suburb,1953,372872.8145
2404,3,2,Urban,1983,265184.298
1914,5,2,Suburb,1992,313483.0115
2571,5,1,Urban,2002,224188.6445
2308,3,2,Rural,2007,282485.4998
1699,5,1,Suburb,2015,189790.7287
1081,3,2,Suburb,2002,164366.4039
1513,2,2,Urban,2011,188913.1356
2920,3,1,Urban,2013,362339.7355
1814,2,1,Suburb,2002,197887.2851
1708,5,1,Suburb,1959,277973.3542
2939,2,2,Suburb,2006,326167.7599
2546,3,3,Rural,2014,261128.8139
1745,2,3,Suburb,2011,203909.1341
2022,4,2,Rural,1963,198410.4225
2409,3,2,Urban,1952,203889.7092
1706,3,1,Urban,1954,177859.1496
1470,2,1,Suburb,1991,222943.8148
2142,5,1,Suburb,1999,249760.8732
1395,5,2,Suburb,2012,203610.0254
2555,3,1,Suburb,1951,306341.2621
1260,3,1,Urban,2020,69341.37029
1804,2,2,Rural,1953,212473.8799
1933,3,3,Urban,2009,193558.8041
2279,3,1,Suburb,1987,255372.7595
2757,5,3,Urban,1957,341431.7706
1904,3,1,Urban,2006,169080.629
2249,2,1,Suburb,2001,262083.4916
2076,3,1,Suburb,2017,179387.6332
1939,3,2,Rural,2011,313281.3404
2890,3,2,Suburb,1966,269426.0709
2523,4,1,Urban,2009,330479.5972
2529,3,1,Rural,1968,241835.8438
1853,2,2,Rural,2000,212615.5119
2387,5,2,Suburb,1976,312487.7025
2303,5,3,Suburb,1964,182685.4921
1592,4,2,Rural,1953,278666.6238
1713,2,1,Suburb,1968,264876.1026
2181,5,2,Suburb,2013,365884.7707
1631,5,3,Suburb,1978,158788.6989
1058,3,3,Rural,1953,108762.3639
2750,3,1,Suburb,1954,206376.9921
1127,3,2,Suburb,1977,112374.9921
1735,4,3,Suburb,1954,152363.2747
1720,3,3,Rural,1981,235281.5349
2905,2,3,Urban,1987,406957.3502
2138,4,1,Rural,1962,153602.1405
2232,5,3,Rural,1976,330475.7375
1525,5,2,Suburb,2004,152254.7198
1520,2,1,Rural,1967,172001.8757
1551,2,2,Suburb,1982,201373.4892
2985,5,2,Suburb,1991,400690.7931
1236,2,3,Urban,1998,190309.6681
2304,2,1,Suburb,2011,260404.7383
2382,2,1,Rural,2011,246597.6416
2224,3,2,Suburb,1967,305823.5277
2781,5,1,Rural,1981,237828.1568
2301,2,1,Rural,1987,213896.4311
2258,2,1,Rural,2009,233658.4426
1493,3,1,Suburb,1977,157293.5109
1003,5,3,Urban,1976,132496.6842
1665,4,2,Urban,1960,261203.0423
1441,5,2,Rural,1981,176424.7501
1028,5,1,Suburb,1978,100636.8824
2132,5,1,Suburb,2021,286284.9744
1609,3,2,Rural,1955,223163.2335
2750,5,2,Urban,1952,330966.9497
1804,4,3,Rural,1993,246069.7117
1074,2,1,Suburb,1956,119662.44
1837,5,2,Suburb,2020,210311.8031
2169,3,3,Suburb,1952,213738.6514
1127,5,3,Rural,2021,46604.9338
2876,5,1,Suburb,1980,269188.6908
1041,4,3,Urban,1997,220141.516
2379,4,3,Suburb,1987,300244.5163
1040,3,3,Rural,1950,127238.7087
1933,3,3,Rural,1982,230844.6239
1033,3,3,Rural,1990,67406.08928
2040,3,1,Urban,1986,295445.2955
2700,3,1,Urban,2019,364572.7074
2176,2,1,Rural,2018,204063.0302
1997,2,1,Suburb,2005,231828.1055
2401,3,2,Rural,1984,221099.7373
1587,3,1,Urban,2002,203954.2526
2622,2,1,Rural,1959,317055.5946
2652,4,1,Urban,1978,283404.2706
2897,2,3,Rural,1997,333395.5072
1341,3,3,Rural,2019,116767.8431
1026,4,3,Urban,1965,200421.6191
2848,3,1,Suburb,1968,344631.9723
2310,5,2,Urban,1990,192590.0865
1645,4,2,Suburb,2009,201271.7115
1730,3,1,Rural,1979,246057.9213
1167,2,2,Urban,2018,132707.1398
1609,3,2,Rural,1997,191980.2887
1267,2,1,Rural,1956,132627.3796
2772,4,3,Urban,2003,254601.1157
1820,2,2,Rural,2017,243069.2718
1454,4,3,Rural,2013,172214.8625
1905,3,1,Suburb,1984,227087.3013
2708,2,3,Suburb,2006,317567.6975
2424,4,2,Rural,2018,220624.5774
1921,4,3,Suburb,2021,184267.2477
1980,4,3,Suburb,1996,225362.6042
2499,5,3,Rural,2011,355644.9175
1701,4,1,Urban,1966,150477.2136
1633,3,1,Urban,2018,213727.1388
2581,3,1,Rural,2012,266742.2001
2599,3,1,Urban,2013,246870.6904
1129,4,3,Rural,2008,114431.4409
2019,3,2,Suburb,2021,255712.7755
2845,4,3,Urban,2015,327611.2055
2386,4,3,Suburb,1950,229418.2791
2728,4,3,Suburb,1956,304437.7413
1818,5,2,Rural,1961,167977.874
1692,2,2,Urban,1974,277737.3755
2315,3,2,Rural,1974,211314.7171
2394,5,3,Rural,1971,265483.857
1793,3,1,Urban,1960,164621.8441
1028,5,1,Suburb,1975,147017.7688
1148,2,3,Rural,1990,197925.479
2802,2,1,Suburb,1973,290291.4894
2319,2,1,Suburb,2012,204778.4959
1010,2,3,Rural,1955,153827.0303
2535,4,3,Rural,1974,287242.3683
1675,3,1,Urban,1964,191488.4841
2136,3,3,Suburb,2001,163446.8638
1186,3,1,Suburb,1954,191803.3348
1806,4,2,Rural,2002,288777.333
1743,3,2,Suburb,2012,174115.4865
2250,2,3,Urban,1982,235548.0242
2333,3,1,Suburb,1970,267433.2198
1097,3,2,Suburb,1960,158031.1246
1054,5,3,Urban,1982,106144.3486
1622,4,2,Suburb,1972,209483.7168
1663,2,2,Suburb,1959,209443.9247
1757,2,3,Urban,1955,214556.1282
1405,2,2,Rural,1987,130853.1025
1068,3,3,Rural,1970,233427.9891
2335,2,3,Rural,2020,194918.577
2312,2,2,Rural,1999,238713.0487
2785,5,2,Rural,1956,307795.1662
2571,3,1,Suburb,1955,219956.0802
1750,5,2,Suburb,1953,240328.0837
2171,4,1,Urban,1980,264162.4293
2490,3,3,Suburb,2014,353591.3291
2762,5,2,Suburb,2008,275949.2951
2267,4,2,Urban,2017,280180.8058
2514,5,3,Urban,2021,288969.3331
2872,4,2,Suburb,1965,291782.844
1957,2,1,Urban,2009,285773.1151
2530,2,2,Rural,1985,250406.1265
1364,3,1,Urban,1977,211752.8964
1481,5,2,Suburb,1981,147866.6203
1200,5,2,Rural,2001,224677.7664
1153,4,3,Rural,1966,136266.5315
2473,3,1,Suburb,1959,216288.3154
2524,2,3,Rural,1992,367441.3872
1072,5,3,Urban,2005,167177.8112
1712,4,3,Urban,2018,250537.935
1295,2,1,Suburb,1974,95325.13959
2040,2,3,Rural,2012,213300.0611
2664,2,1,Suburb,1976,252143.885
2240,4,1,Urban,1992,240738.9241
1060,4,2,Suburb,1957,98049.59683
1938,2,1,Suburb,1994,205525.8686
2639,4,1,Rural,2021,254007.6789
1041,2,2,Suburb,1956,181888.3333
1024,2,3,Urban,2014,45265.98849
2062,2,2,Urban,2006,268154.8642
2826,4,2,Rural,1998,307452.8807
1130,3,2,Rural,2005,185777.563
2521,3,1,Rural,2009,309536.2808
2252,4,2,Suburb,1952,312169.5872
1107,5,1,Urban,1954,148553.816
1171,4,1,Rural,1970,235023.5772
2458,5,1,Suburb,2008,159347.8012
2501,2,1,Urban,1984,272011.4225
1101,5,3,Urban,1981,210590.299
1865,2,1,Rural,2006,163862.0472
1523,3,1,Urban,1972,181565.3626
1274,2,2,Suburb,1973,12663.60732
2636,5,2,Rural,2010,216457.752
2067,3,1,Suburb,1983,184822.6425
2978,3,3,Urban,1950,367790.9763
1816,4,3,Suburb,1980,216031.8637
1956,5,2,Rural,1978,191179.4655
2040,5,3,Urban,1964,224483.8792
1329,4,2,Suburb,2000,220277.1219
2592,4,3,Urban,1953,290204.8073
2846,3,3,Urban,1992,334752.6519
2520,4,3,Rural,1956,368121.4766
2838,3,2,Suburb,1994,197232.4488
1011,5,2,Suburb,1967,61978.63281
2341,4,1,Urban,1950,249114.6057
2615,5,1,Urban,1997,379735.4842
1215,3,3,Rural,2007,130684.9091
1338,2,3,Rural,1988,157729.3962
2799,2,3,Suburb,1960,295101.9393
1660,5,2,Urban,2018,233573.7589
2104,3,3,Urban,2004,247697.5059
2750,3,1,Suburb,1984,328892.3692
2508,2,3,Rural,1976,215747.9226
1373,3,1,Suburb,2015,183952.4465
1975,3,3,Rural,2003,194886.711
1709,5,3,Urban,1960,208909.5374
2223,2,3,Rural,1955,231235.5833
2560,3,1,Rural,2007,323968.3416
1465,5,1,Suburb,1981,116399.9054
2112,4,2,Urban,1990,236690.5297
2291,2,1,Urban,1986,264071.977
2678,5,3,Suburb,2000,346679.0062
2594,4,1,Urban,1971,291096.219
2945,3,3,Suburb,1956,292304.2744
1488,3,3,Suburb,1978,170619.3405
2900,4,1,Suburb,1989,259772.5367
2561,5,2,Suburb,1989,299016.1404
1046,3,1,Urban,2002,217141.2512
2311,3,1,Urban,1976,204976.802
1777,5,3,Suburb,2017,208265.2726
2039,5,1,Urban,1992,194605.0247
1710,4,2,Urban,1969,200439.5394
1400,3,3,Suburb,1993,101837.9619
2942,5,1,Rural,1975,355453.8509
2817,2,2,Rural,2021,341401.7798
1980,4,3,Rural,1994,71697.49016
2109,4,2,Suburb,1985,349454.9585
1249,4,2,Urban,1987,155796.8436
1390,4,3,Suburb,1955,200471.6548
2805,2,1,Rural,2007,255191.2567
1334,4,2,Urban,1979,176609.4908
1628,4,3,Rural,1981,181075.093
2542,5,1,Rural,2005,295046.5885
1136,3,2,Suburb,1959,102612.6905
1882,4,3,Suburb,1976,276040.2654
1687,5,2,Suburb,1999,136244.5642
2863,5,1,Urban,1986,361807.0689
2521,3,1,Urban,2009,286645.8661
1826,5,1,Rural,2020,200778.2221
1726,5,3,Suburb,1996,196063.5066
2500,4,1,Urban,1985,236501.9931
1593,4,1,Suburb,2017,130392.1732
2246,5,3,Urban,1994,268214.9415
1989,2,1,Rural,2019,304463.3126
1371,3,1,Rural,1998,64250.32707
1934,5,1,Rural,1976,236449.4445
1994,5,3,Rural,1987,220428.366
1401,2,1,Rural,2009,236725.7955
2466,3,2,Rural,2020,187755.1276
2513,5,3,Suburb,1990,275810.6098
1614,5,2,Suburb,2014,206574.9887
2296,4,3,Urban,1980,169463.4105
2549,5,3,Suburb,1993,395271.1742
2182,2,3,Rural,1968,271442.0788
2175,5,2,Rural,1980,277838.5408
1994,3,1,Suburb,1978,273598.6831
1619,3,1,Rural,1973,126020.6163
1187,2,1,Urban,1979,170049.8591
2836,5,1,Suburb,1983,293960.4249
2121,5,3,Suburb,2005,172278.375
1130,5,3,Urban,2004,196845.4186
1804,5,2,Suburb,2020,86599.15771
2194,5,1,Suburb,1984,272484.6032
1935,3,3,Suburb,2015,231859.0249
1985,4,1,Urban,1980,334318.5443
1182,3,1,Suburb,2006,79959.78674
1982,4,2,Rural,1987,217207.2388
1363,3,3,Urban,1965,162220.7399
1038,2,1,Urban,1989,146066.6541
2550,5,2,Rural,2001,323731.1028
2911,4,2,Rural,2015,311286.636
1496,3,1,Rural,1988,188533.3093
2539,4,1,Rural,1957,305364.6088
2372,5,2,Suburb,2005,308226.4753
1981,2,2,Urban,2021,230383.3874
1920,5,1,Rural,2010,205012.2744
2420,3,1,Suburb,1975,381221.1528
1721,3,2,Suburb,1953,161416.2847
2184,4,3,Suburb,2015,209562.62
1015,2,2,Urban,1956,120883.979
1492,2,2,Suburb,1960,150435.6662
2449,3,3,Rural,2013,400264.699
2131,4,1,Rural,1955,186372.2669
1893,5,2,Rural,1985,194715.8849
2473,5,1,Rural,2002,279766.3873
1310,3,3,Suburb,1981,230298.2432
1738,3,2,Urban,1984,137915.9165
2193,5,1,Rural,1976,298595.9668
1545,5,1,Urban,1998,230081.404
1413,5,1,Rural,1961,190013.6733
1250,4,1,Urban,1959,113905.1412
1758,2,1,Rural,2007,152535.2581
2804,3,1,Rural,2020,287512.4522
2164,3,2,Rural,2010,258715.199
2297,4,2,Suburb,2011,304909.4754
2439,5,3,Urban,2020,260941.8733
2631,4,1,Rural,1963,230379.7331
2762,5,3,Rural,1967,271410.739
2914,3,2,Urban,1986,299196.6292
2062,2,3,Suburb,1970,254908.9173
1813,4,2,Suburb,1966,168031.5189
1028,5,2,Suburb,1987,83746.95946
1957,3,3,Urban,2000,211311.5676
1476,2,2,Suburb,1962,176216.8042
1317,4,2,Rural,2007,178185.303
1244,4,3,Urban,1957,136271.1363
1747,3,3,Urban,1956,201241.5354
1696,4,1,Rural,2009,127689.6337
1271,3,3,Urban,1999,138413.1824
2463,4,2,Urban,1989,273801.9028
2771,2,1,Urban,1951,372386.0646
2262,2,2,Urban,1966,294834.8799
1376,4,3,Rural,1978,184141.1526
1265,3,2,Rural,1970,80079.98029
1925,5,3,Rural,1960,248305.6057
1920,4,3,Urban,1981,190765.8608
2382,5,3,Rural,1996,152940.8195
1339,3,1,Suburb,2004,199705.4787
1388,5,3,Rural,1974,204918.5663
1576,4,2,Suburb,2004,145656.0371
2712,2,1,Rural,1960,310116.7495
1002,3,1,Urban,1985,120978.0272
2452,2,1,Urban,1960,234117.5335
2165,2,2,Rural,1979,259348.5217
1375,2,3,Rural,1957,214843.8032
2693,4,1,Urban,1956,271642.0442
1323,3,3,Suburb,1987,113299.8255
1145,5,3,Rural,1957,208313.0492
2981,2,2,Rural,1954,395189.3899
1292,5,1,Rural,1967,243349.4621
2688,3,2,Suburb,2001,333743.643
1431,3,1,Urban,1978,112937.5989
1704,5,1,Rural,2018,131437.2329
1948,5,3,Suburb,1993,291115.8762
2998,2,3,Urban,1998,342203.6203
1584,5,1,Suburb,1994,219104.8111
1398,5,1,Suburb,2004,95327.35059
1816,4,3,Rural,1997,238788.8634
2912,2,1,Urban,1988,355052.9346
2367,2,1,Urban,2011,184113.2698
1963,3,1,Suburb,1974,247901.2086
2163,5,2,Rural,2011,207849.0436
1186,4,1,Suburb,1995,112612.0365
2828,3,1,Rural,1958,313359.3734
1060,4,3,Rural,2017,165516.2773
1938,2,3,Rural,1983,183183.1139
2403,5,2,Suburb,2019,373622.3913
1709,4,3,Suburb,2006,245708.3465
1806,3,1,Rural,1962,221109.224
2463,2,2,Urban,1965,233778.5012
2342,4,1,Rural,2000,309897.8314
2325,4,1,Suburb,2013,172998.3678
2367,3,1,Suburb,2011,194643.0621
1010,4,2,Urban,1960,110039.1646
2085,2,3,Urban,1962,214703.0269
2868,4,3,Suburb,2019,265485.172
1225,5,3,Suburb,1998,205427.065
2176,5,1,Urban,1981,188121.3357
2734,3,2,Suburb,2009,375729.5916
1563,5,3,Rural,1969,215754.2599
1771,5,2,Urban,1978,212070.823
2594,4,2,Suburb,1974,287121.0474
2607,2,1,Urban,1961,223719.0433
2683,2,2,Suburb,1977,363457.548
2884,4,3,Suburb,1972,202561.4449
2598,5,3,Urban,1993,290573.5749
2333,4,2,Suburb,2002,252802.5457
1884,5,2,Rural,1978,235692.4387
2266,5,2,Rural,2017,274929.0571
2516,5,2,Rural,1969,198758.1491
2389,2,3,Suburb,2014,240611.7552
2353,3,3,Rural,1973,229457.4663
2130,2,1,Rural,1958,284486.154
1225,5,2,Rural,1961,139486.1848
1824,4,3,Urban,1982,220069.1555
1217,4,2,Urban,1952,186020.9409
1936,5,3,Rural,2015,133114.7299
1752,3,1,Suburb,1996,88761.14798
1505,2,3,Rural,1952,162727.7468
1258,2,3,Urban,2018,169593.8488
2911,5,1,Suburb,1996,334083.2281
2797,5,2,Rural,2006,254524.735
2540,3,3,Rural,2006,294629.5861
2796,2,1,Suburb,1958,262131.2346
1053,3,1,Urban,2003,105445.7891
2070,2,1,Urban,1997,287427.5363
1726,3,3,Rural,1970,235141.2712
1688,3,2,Urban,1984,242068.2747
2544,3,3,Rural,1988,233964.8423
2122,4,3,Rural,1989,328858.8642
2043,4,3,Rural,1996,222081.5124
2913,4,1,Rural,2015,347849.1353
2776,2,2,Suburb,1972,369107.7497
2596,3,3,Rural,1985,238312.5623
2914,5,2,Suburb,1950,280600.0172
2513,5,3,Rural,1962,340864.0243
1418,2,2,Suburb,1972,184029.7304
1689,2,1,Suburb,1955,205671.6449
1849,5,2,Rural,1963,213866.0697
1061,3,1,Suburb,2009,93668.62907
2168,4,1,Suburb,2003,178835.3769
1215,2,2,Urban,1986,178507.8785
1002,2,3,Rural,1973,68287.09276
1159,2,3,Urban,2019,162462.5522
2762,5,3,Rural,2017,311607.4258
1780,4,3,Suburb,2001,198479.858
2143,3,2,Rural,1989,231207.6286
1892,3,3,Suburb,1988,176391.5031
2112,5,3,Rural,1983,274918.1486
1328,2,1,Urban,1978,143467.64
1579,5,2,Urban,1983,190975.0035
2933,5,1,Rural,1990,268734.4593
2380,3,1,Rural,2019,242774.5824
2633,4,3,Suburb,1976,301879.0537
2290,3,3,Urban,2010,274105.7785
2640,5,2,Urban,1967,302880.4968
1951,5,1,Suburb,2014,221992.9253
2346,2,3,Urban,1978,238899.6327
1634,2,1,Suburb,2003,161613.5265
1987,5,3,Urban,1985,251249.1194
2564,3,3,Suburb,1965,337648.4456
2672,2,3,Urban,2008,388495.1187
2218,4,3,Rural,1987,306502.7693
1920,4,2,Rural,1955,264007.4546
1737,5,1,Rural,1960,271820.6469
2355,4,1,Rural,1968,283836.7566
1169,4,2,Rural,1984,165865.7903
1520,2,2,Urban,1955,153363.2282
2486,2,2,Rural,2013,258470.6991
1039,3,3,Urban,1978,139181.3346
2560,2,3,Urban,1977,265272.0053
2284,3,1,Rural,1998,205017.1898
2418,2,2,Rural,1994,256814.671
1954,5,1,Suburb,1955,213236.0966
2249,3,2,Suburb,1974,194364.3686
1983,5,1,Rural,1954,297003.6532
2147,3,2,Suburb,1989,192987.818
1974,4,2,Urban,2011,245381.4434
1037,3,3,Rural,2000,140769.2285
1327,3,1,Rural,1952,94955.56339
2274,3,3,Suburb,1985,265436.3643
2924,3,3,Urban,1968,338204.7581
2199,3,1,Urban,1951,235626.9187
2625,4,3,Urban,1970,290389.7982
1913,3,2,Suburb,1968,183122.3653
1453,5,2,Urban,2020,308769.3728
1036,3,2,Urban,1956,123234.4194
2339,3,2,Urban,1972,279757.091
2711,5,3,Urban,2018,289981.5395
1972,2,1,Rural,1970,159633.6054
1795,2,3,Suburb,1997,196546.0209
2988,4,1,Urban,2007,292268.2555
1972,3,1,Rural,1953,254715.6127
1592,3,3,Rural,1961,171773.4933
2137,2,3,Rural,1988,236909.5569
2063,3,2,Urban,1992,134225.1234
2324,4,1,Urban,1950,285201.3812
1223,5,1,Rural,1951,195594.9329
1317,3,1,Rural,1971,145747.6555
1348,5,2,Rural,1972,210651.2519
1114,4,1,Rural,1998,172778.1905
1697,2,1,Urban,1990,224904.3224
2346,4,2,Rural,1994,262140.1699
2591,4,3,Rural,1988,260314.7288
2063,4,2,Urban,2010,156760.5676
2889,4,2,Suburb,2000,294867.2585
1039,5,3,Suburb,1973,145135.7929
2882,4,1,Urban,1972,285818.2978
2996,4,3,Rural,1985,310757.6351
2772,4,1,Urban,1998,299328.7229
2312,4,2,Urban,1957,247017.643
2285,5,1,Urban,2000,285135.9731
1215,4,2,Rural,1994,197533.8959
2170,2,1,Urban,1950,262822.9883
1335,4,2,Urban,1952,158694.0122
2191,4,1,Rural,1999,180879.0867
1091,3,1,Rural,1998,82627.50422
1352,3,1,Suburb,1968,205579.8275
1570,3,3,Suburb,1955,186687.4236
2594,4,2,Rural,2000,239914.0667
1815,2,2,Urban,2017,139145.904
2704,2,2,Suburb,2005,175480.72
1780,3,3,Rural,2007,184921.6753
1362,3,3,Suburb,1963,219678.4559
1556,4,3,Suburb,1950,233827.9165
2368,2,3,Rural,1951,266678.8216
2716,2,1,Urban,2015,352492.7635
2193,3,2,Suburb,1956,281436.5502
1355,2,1,Suburb,1974,85830.11173
1190,3,3,Rural,2016,220711.4115
2690,3,3,Rural,2021,280047.7945
1421,5,1,Urban,2007,128192.3294
1699,5,2,Suburb,2009,182841.2732
1006,4,3,Urban,2007,135684.8221
1132,3,1,Rural,2000,138887.1883
2770,4,1,Rural,1961,306093.8339
1556,5,1,Urban,1953,188449.7756
1825,2,1,Rural,2014,171631.3269
1760,5,2,Rural,1975,204776.1015
2054,5,2,Suburb,1954,270704.1145
1534,5,3,Suburb,1977,175470.0448
1425,2,3,Rural,1960,176184.7284
2417,5,2,Suburb,1963,169104.4356
1671,3,2,Urban,1978,172812.0369
1362,3,1,Urban,2007,240560.7377
2460,5,1,Urban,2018,294182.8573
2693,4,1,Rural,1972,183832.9944
2574,4,3,Suburb,2014,275616.2397
2950,2,3,Suburb,1952,326276.7916
1081,2,3,Urban,1997,169360.2979
1355,3,3,Suburb,2014,228279.7701
2281,3,1,Suburb,1973,331569.6362
2741,5,3,Urban,2009,330331.8327
1588,4,3,Suburb,2009,181267.0523
2547,3,1,Urban,1963,278762.4309
1294,4,1,Urban,1979,163179.7584
2985,2,2,Rural,1957,237088.3952
2247,2,1,Urban,2009,202794.4065
2548,5,3,Suburb,1975,283920.3004
2069,5,1,Suburb,2001,254018.0068
2690,3,3,Urban,2013,316917.6811
2136,4,2,Rural,2003,231716.7794
2256,3,2,Urban,1986,202192.3135
1016,3,2,Urban,2017,74304.69239
1359,4,3,Rural,1981,194201.1492
2246,3,3,Rural,1960,242232.4533
1865,5,2,Urban,1957,238351.447
1699,4,2,Rural,2018,141200.7204
1447,4,3,Suburb,1979,243137.8671
1855,3,3,Urban,2006,251056.2495
1364,4,3,Suburb,1974,118341.1693
1674,5,3,Rural,1977,148330.9012
2007,5,2,Suburb,2021,227350.6794
2349,2,2,Rural,2014,169077.9882
1466,2,1,Urban,1989,262259.3893
1413,2,1,Rural,1975,107385.6051
2478,2,3,Urban,1968,312719.1011
1585,3,2,Rural,1970,209472.5265
2256,2,3,Rural,2012,352228.8134
2247,2,1,Suburb,1992,194794.7606
1993,2,3,Suburb,2014,254008.0506
2854,2,1,Urban,1990,249311.2274
2435,3,1,Urban,1969,250417.4693
1571,2,2,Suburb,1968,57182.84989
1334,4,3,Urban,1970,163164.5042
2245,5,2,Urban,1984,203824.4677
1036,4,1,Suburb,1983,7550.504574
1988,3,1,Rural,1991,176139.4602
1277,3,3,Urban,1995,146021.6389
2219,3,3,Urban,1978,246457.2494
1915,5,3,Rural,1975,215103.3075
2887,2,3,Urban,1980,295067.6513
1483,3,1,Suburb,2018,245467.8437
2265,2,1,Suburb,1990,177066.9129
2347,3,1,Urban,2017,264275.6327
1730,5,2,Urban,1987,192827.5722
1191,4,2,Suburb,2008,96279.8417
2040,4,2,Rural,1987,224332.8264
1523,5,3,Suburb,1983,235140.0593
1917,2,1,Rural,1974,226091.7466
1400,3,2,Rural,2005,198410.8517
2929,4,3,Rural,1996,309771.0723
1885,5,3,Rural,1976,211827.4941
1704,2,3,Rural,2003,135848.1766
1021,4,1,Rural,2007,175367.063
1473,5,3,Urban,1971,165964.6789
2143,3,2,Suburb,2018,233648.8495
1209,5,3,Suburb,1985,124664.0528
1305,2,1,Urban,1966,247560.9896
2293,4,1,Urban,1977,304486.9573
1703,3,3,Rural,1993,202624.0539
1686,2,1,Suburb,1978,177970.8889
1284,5,1,Rural,1952,153240.707
1715,4,2,Urban,1960,241337.517
2699,4,2,Rural,1952,281500.0252
1762,2,3,Rural,1986,243665.3197
2250,3,1,Suburb,2005,206054.6143
1947,2,1,Suburb,1980,250811.8118
1380,4,1,Suburb,1996,161358.4568
1459,4,2,Rural,2009,88756.00032
2030,4,1,Rural,1998,332073.9931
1028,3,2,Urban,1973,90427.33681
1906,4,1,Urban,1977,214239.9263
2056,4,2,Urban,2005,209693.5762
2669,2,3,Urban,1980,213480.567
1878,4,3,Urban,2021,194803.492
1078,5,1,Urban,1978,82084.45466
2951,2,1,Urban,2015,370142.3636
1946,4,2,Suburb,1954,150741.4448
1458,2,2,Urban,1958,162807.693
1569,2,2,Rural,1998,186687.4601
2561,5,1,Rural,1986,220717.3292
2505,2,2,Rural,2013,269534.1997
2453,2,1,Suburb,1970,192999.3054
1737,3,2,Rural,1988,147990.0751
2308,4,1,Rural,1983,209414.6093
1515,3,2,Suburb,1952,226661.4673
2122,4,2,Rural,1972,273816.7585
1396,2,2,Suburb,1985,70674.64479
2512,4,1,Rural,2019,270834.5311
1038,2,3,Rural,1996,137682.2037
2294,4,3,Urban,2006,289829.7922
1886,2,1,Rural,1984,258690.1335
1796,4,1,Urban,1956,277705.3259
1156,4,3,Urban,1995,154839.515
2098,4,3,Rural,2008,364290.8826
1883,2,2,Rural,1951,150999.455
2823,4,2,Suburb,1977,308019.6704
2153,2,1,Urban,1979,239015.5131
2710,3,3,Rural,1956,230339.6097
1973,4,3,Urban,1987,240126.8499
2107,5,1,Urban,1981,172102.9283
2045,5,3,Rural,1984,315832.5794
2482,2,2,Rural,1968,163791.9096
2562,5,3,Urban,1961,208013.6865
2730,2,3,Rural,1992,285608.3006
1848,2,2,Urban,2015,123727.9952
2405,5,3,Suburb,1991,171805.8454
1747,5,2,Suburb,2016,212109.0669
2463,3,2,Rural,1958,188482.8281
2627,2,2,Urban,2005,267119.5329
1988,5,3,Suburb,2021,194819.3058
1020,3,2,Urban,2014,180492.0408
1302,3,1,Rural,1999,149776.2827
2999,2,3,Suburb,1964,322064.1457
1868,4,2,Suburb,2013,187451.0664
2978,5,1,Urban,2009,333100.2367
1083,5,1,Suburb,2009,133453.8599
2797,5,2,Urban,1996,239695.2572
2682,5,1,Urban,1967,229062.9101
2976,5,2,Rural,2002,274366.5496
2476,5,1,Rural,2014,234042.2325
2410,3,3,Suburb,1994,235622.2583
2530,2,2,Rural,1981,233874.0416
2280,3,1,Suburb,1980,241802.5593
1569,5,1,Rural,2008,171448.5959
2915,2,2,Rural,2010,314221.5439
1933,5,3,Suburb,1976,201593.6348
2550,2,2,Rural,2018,247401.0117
2185,3,1,Urban,1962,258792.1474
2980,2,2,Rural,1988,371928.494
2186,3,3,Urban,2018,232121.0224
2855,5,1,Suburb,1987,273753.9698
2008,2,3,Suburb,1969,298816.0613
1792,4,3,Rural,1974,183545.5005
1791,4,1,Rural,1994,214792.7906
2547,3,3,Rural,1968,308312.1511
2809,3,1,Rural,1985,263471.5384
2294,3,3,Urban,1972,153249.7211
1491,3,3,Rural,1971,162266.4892
1207,5,1,Suburb,1982,138526.7023
2562,4,3,Rural,1978,247193.5633
2607,3,3,Rural,1976,246170.1716
2083,2,3,Urban,2017,209129.078
1429,2,2,Rural,1977,99369.22283
1984,5,3,Rural,1960,235067.4461
2680,3,2,Urban,1980,311689.7806
2628,2,1,Urban,1952,277061.9212
2332,3,1,Urban,1970,145702.5363
1519,2,1,Suburb,1971,103491.718
1590,5,2,Urban,1960,188989.1043
2050,2,1,Suburb,2018,247599.5422
2709,3,1,Suburb,1963,274208.0478
2585,3,3,Urban,2017,353287.462
1198,5,2,Rural,1993,174996.6735
1386,4,2,Rural,1979,176171.6579
1348,3,2,Suburb,2004,166770.6982
1959,4,1,Rural,1974,222375.7857
2963,3,2,Urban,1959,310772.0573
1692,5,1,Urban,2012,203759.1963
2559,2,1,Rural,1971,346654.769
2851,4,1,Rural,2002,335302.7653
1377,2,1,Suburb,1974,86255.00311
1898,5,3,Rural,2002,214380.9415
1915,5,2,Suburb,1973,162481.4695
2581,5,2,Rural,1986,256840.8286
1526,3,1,Rural,1994,93253.53016
2176,3,1,Rural,1963,358045.8137
1733,3,1,Rural,1988,172102.1772
1205,3,3,Urban,2017,170009.4171
1454,4,1,Rural,1954,150982.4995
2296,5,2,Suburb,1973,263253.7195
2917,4,2,Urban,1989,333534.2891
2259,3,3,Suburb,1992,318891.913
2875,2,1,Urban,1964,297078.1797
2763,4,2,Rural,2021,268000.0357
1520,2,3,Suburb,1970,128833.9478
2701,3,2,Rural,2009,236968.1167
2967,4,3,Urban,1954,301206.9094
2016,4,1,Rural,1959,372301.3213
1955,4,2,Suburb,1999,258496.9749
2854,2,2,Urban,2015,289419.8669
1725,3,1,Urban,2009,259292.1701
2013,5,1,Rural,2017,203684.7563
1500,5,3,Rural,2010,247409.4424
1116,3,1,Urban,1961,148624.6912
1385,4,2,Suburb,1972,228147.9636
2367,5,2,Suburb,1981,290968.1736
1583,4,1,Suburb,1975,132820.1305
1394,3,1,Rural,2007,167619.1185
2087,2,1,Rural,1977,255223.0526
2740,4,1,Urban,1969,349179.6891
1720,2,2,Rural,2004,175874.9009
1071,2,3,Rural,1954,134416.7693
2812,3,2,Rural,1999,354452.2052
1273,3,2,Suburb,1959,184337.6281
2343,2,3,Urban,1958,278855.3243
1337,2,1,Urban,1950,141919.6053
2389,5,3,Rural,1982,251954.0099
2518,5,2,Rural,2008,291236.8907
1606,3,1,Suburb,1965,159660.7256
1165,4,1,Suburb,2015,83578.20151
2567,2,1,Rural,1959,330264.7605
1010,4,1,Suburb,1976,77434.82055
2324,2,1,Rural,2004,295367.0501
1728,3,1,Urban,1985,157042.2087
1800,4,3,Suburb,2004,228541.6278
1101,3,1,Suburb,2003,42437.60133
2448,2,3,Urban,1980,294144.0973
2415,3,3,Urban,1991,276159.3472
1778,4,3,Suburb,1975,238745.0237
1213,5,1,Suburb,1969,99874.95976
2714,3,1,Rural,1961,408175.9695
2111,4,1,Suburb,1996,137318.9931
2576,3,1,Rural,1978,281565.1923
1400,3,2,Urban,2000,123048.2769
1587,5,2,Urban,1965,242210.2462
1888,4,1,Rural,1975,175117.5967
2069,4,2,Urban,1967,217011.8926
2695,4,1,Suburb,2002,287207.7136
2486,2,1,Urban,1980,254692.4145
1591,3,1,Suburb,2002,157065.9033
2333,5,1,Urban,2006,323516.4802
2109,4,1,Urban,1964,179193.843
1091,5,1,Suburb,1973,186543.4946
2683,2,1,Suburb,2008,243126.3957
1672,2,3,Rural,2014,94607.22727
1713,5,3,Rural,1970,230572.4105
1935,4,2,Suburb,1963,177735.2178
2951,5,2,Suburb,2007,268385.0142
1241,4,3,Rural,1978,193102.1819
2888,4,3,Suburb,2016,233635.5747
1001,2,3,Urban,2014,87541.82201
1224,5,2,Urban,1974,189787.8713
1800,2,1,Rural,1956,138309.0717
2768,3,2,Urban,1962,233812.6755
2996,2,1,Urban,1969,317204.9613
2949,4,1,Rural,1958,288448.9986
2952,5,2,Urban,1954,335983.8339
1588,3,1,Rural,1977,153862.8005
1115,3,2,Urban,1975,81925.84875
2689,3,3,Suburb,2019,318295.1545
1917,3,3,Urban,1955,260499.3859
2126,5,2,Rural,1978,208562.9416
1193,4,2,Urban,2009,236465.8227
2189,3,2,Rural,1959,318411.9724
1870,4,2,Rural,2010,337177.2217
1089,2,1,Rural,1963,109978.4232
2709,4,3,Urban,1970,296757.9203
1121,3,2,Suburb,2004,113407.3474
1142,2,2,Urban,2003,154684.26
1993,2,3,Suburb,1986,159939.5884
1105,2,2,Rural,1995,113758.5478
1886,3,3,Suburb,1996,253214.4977
1427,4,3,Rural,1963,131338.8523
2328,5,2,Rural,2013,250847.4597
2895,4,1,Rural,1988,338446.1328
2994,3,2,Urban,2006,312970.6595
1316,3,1,Urban,1962,122839.2083
2986,2,2,Urban,1979,350379.8723
1634,4,1,Suburb,1957,185603.8296
2925,3,3,Urban,1962,328750.482
1008,3,3,Rural,1985,90514.02811
1773,5,2,Rural,2010,178547.4414
2096,4,2,Urban,2005,273344.9917
2382,2,1,Suburb,1975,324209.9522
1222,2,1,Suburb,1958,109779.7356
2439,2,1,Urban,1990,295026.1699
1552,4,1,Rural,1964,206432.8362
2393,3,1,Rural,1950,296682.2558
1715,3,2,Urban,1950,190190.8892
2287,5,3,Rural,2011,310456.1576
2863,5,1,Rural,1955,341675.4419
2713,3,3,Urban,1950,275758.3863
2883,3,3,Suburb,1968,292884.4443
2341,4,2,Suburb,2015,379615.8577
2107,5,1,Suburb,2021,279191.8835
2341,2,1,Urban,1951,261927.0232
1110,2,1,Urban,1965,111978.433
1250,2,1,Rural,1987,120798.5646
1382,2,2,Suburb,2015,166040.7512
1006,3,2,Rural,1951,73353.57374
1458,3,1,Rural,1966,88268.08077
2107,4,1,Urban,2001,268897.9837
1207,2,3,Urban,2018,218288.3557
1899,3,3,Rural,1996,291915.3746
2413,3,1,Suburb,1982,291957.9624
2337,3,1,Urban,2000,233617.2524
1021,2,3,Suburb,1971,192388.9628
1409,3,3,Urban,2013,245778.5885
1894,5,1,Rural,2007,232071.0366
1514,2,3,Rural,1975,233117.1585
2150,2,2,Rural,1984,131793.8326
1808,5,3,Rural,1951,234896.266
2723,4,1,Rural,1987,315332.8507
1873,4,2,Rural,2017,186791.4342
1013,2,2,Suburb,1993,100403.4295
1970,2,3,Suburb,1999,268374.3192
1977,2,1,Rural,2008,229186.6569
2013,5,3,Urban,1974,269647.0214
2035,3,3,Urban,1970,283216.0889
1086,5,3,Urban,2020,170203.9186
2547,3,2,Rural,2007,294899.4075
1908,3,3,Rural,1991,241716.4515
2560,4,3,Urban,1999,216130.4525
2324,5,3,Suburb,1993,315250.5521
2266,5,3,Suburb,2007,283198.4033
1121,2,1,Suburb,1968,159578.4876
2170,5,1,Urban,1962,245695.3381
2590,3,1,Rural,1965,288740.9055
1749,3,2,Urban,1973,251866.0555
2379,5,1,Suburb,2001,186418.0501
1684,4,3,Suburb,2006,79417.91467
2927,4,3,Suburb,1983,375290.9115
2756,2,1,Rural,1988,285621.1435
2654,2,2,Rural,1953,181965.5813
1308,3,2,Urban,1970,123920.4835
1694,5,2,Rural,1981,220889.5646
1287,3,3,Rural,2001,151588.7534
1306,3,1,Suburb,1951,149323.8787
2835,5,2,Urban,1983,338458.6768
2617,3,3,Suburb,2008,247058.7696
2989,3,2,Rural,1981,251120.021
1913,4,2,Urban,1996,260313.5947
2746,2,1,Rural,1957,356528.5075
1661,4,3,Rural,1972,199293.471
1548,2,2,Urban,1994,58109.07234
2375,2,3,Urban,1997,248397.78
1311,2,2,Suburb,1964,88652.93654
1872,4,1,Urban,1953,191605.1737
2082,5,2,Suburb,1969,232649.0749
2666,3,1,Suburb,2013,362104.9426
1923,5,2,Urban,1998,259885.5558
2737,5,1,Suburb,2011,180398.5798
1754,2,2,Rural,1957,122978.5923
1034,2,2,Urban,1983,176706.605
1444,4,2,Rural,2020,134511.9644
1092,4,3,Rural,2011,157007.1805
2973,3,3,Suburb,2020,289676.4751
2982,5,2,Rural,1958,372958.4234
2230,5,3,Suburb,2014,275099.0399
1352,3,3,Rural,1960,201207.8179
1902,2,2,Suburb,2020,114062.1719
2355,4,2,Rural,2015,286501.4899
2840,3,2,Suburb,2018,235415.604
1861,5,3,Suburb,1997,262950.7116
2748,3,3,Urban,1980,405919.6611
1158,3,3,Suburb,1989,59109.44628
2977,5,2,Suburb,1955,357918.0249
1956,5,3,Urban,1951,162441.9196
1023,4,3,Urban,2011,103133.4287
1403,4,1,Suburb,2011,141174.4063
1804,5,1,Suburb,2019,239387.735
1515,4,2,Rural,1964,226820.9779
1731,4,2,Rural,2015,248259.9537
2387,4,3,Urban,1982,223938.613
2405,5,1,Suburb,1981,298233.49
1531,2,1,Rural,2017,126421.5013
1955,2,2,Rural,2016,206216.1507
1151,4,3,Suburb,1966,104311.967
2585,2,2,Urban,2001,304408.0773
2712,4,3,Urban,1988,267162.7792
1946,2,1,Rural,1956,205665.3348
1607,2,3,Urban,1951,209061.4855
2640,3,1,Rural,2017,196467.0094
1419,4,1,Rural,1986,215038.4316
2273,2,1,Urban,1973,333542.9584
2140,2,2,Suburb,1996,170043.9336
1865,3,2,Rural,1951,111966.0844
2535,2,2,Rural,2004,288060.2065
2763,3,3,Suburb,1992,332269.766
1577,2,2,Rural,2008,103459.5485
1334,3,1,Suburb,1986,124504.7464
2441,3,2,Suburb,1951,276657.6573
1931,5,1,Suburb,1963,208701.479
2797,4,2,Urban,1967,350295.5562
1294,5,3,Rural,1983,186226.9624
2961,4,3,Rural,1983,280322.1943
1754,2,1,Rural,1985,230726.6427
2394,4,2,Suburb,2004,258244.1713
1185,5,2,Urban,2001,100248.6201
2269,4,1,Rural,1985,225212.0743
1636,5,3,Rural,1965,227329.3076
2291,4,2,Rural,1990,186664.5335
2666,2,2,Urban,2005,226809.6156
2260,2,2,Suburb,1981,327309.1392
1529,4,3,Urban,1991,135051.5707
2575,4,2,Urban,1971,349422.1837
1020,2,3,Suburb,1986,49828.74068
1910,4,2,Urban,1957,233471.2405
2760,3,3,Suburb,1956,349170.7303
1866,2,1,Urban,1959,145493.731
1793,2,3,Urban,1993,159201.2747
2543,5,1,Urban,1989,341799.3014
1099,5,2,Rural,1983,238587.9119
1751,3,2,Suburb,1956,232621.9802
1477,4,2,Suburb,1973,167955.8385
2622,3,1,Rural,1961,280458.1638
2321,4,2,Urban,1996,204259.4787
1939,5,3,Rural,2015,126323.6933
1525,4,3,Rural,2021,218224.0666
1333,5,1,Urban,1990,71804.3865
1001,2,3,Urban,1969,95002.72214
1374,2,1,Suburb,1969,144753.6437
1292,4,1,Rural,1961,110732.0447
1836,5,2,Urban,2019,252130.7382
2957,3,1,Suburb,2016,312899.3183
2004,5,3,Urban,1979,213608.3347
1552,5,3,Suburb,1973,217123.606
1317,5,2,Suburb,2004,179351.1094
2525,2,1,Suburb,1997,307337.297
2851,5,2,Urban,1998,296891.4356
1380,4,2,Urban,2012,207562.6035
2646,2,2,Suburb,1978,295817.2551
1013,2,2,Rural,1978,152643.1039
1503,2,2,Rural,1988,213739.8068
1230,5,1,Rural,1982,188892.7847
2107,3,3,Suburb,2021,234743.7178
1129,5,1,Rural,1962,156642.3133
2766,5,1,Urban,1977,353996.5029
1837,3,2,Rural,1960,155576.7568
2168,5,3,Suburb,1965,262476.5901
1890,4,1,Suburb,1982,108576.9909
2880,3,1,Rural,2007,296695.0318
1027,4,3,Suburb,1991,13566.0007
1065,4,1,Urban,1962,94811.58976
2186,2,3,Suburb,2015,148133.513
2252,2,1,Urban,1999,293165.5639
1260,3,2,Rural,1975,115487.4447
2472,5,3,Urban,2009,232360.2725
2447,4,1,Urban,1961,280986.0017
1459,5,1,Urban,1952,138799.4594
2975,4,3,Rural,1967,262435.2508
2699,2,3,Urban,2003,277080.8921
1300,2,3,Urban,1999,73883.85672
1918,2,3,Urban,1958,310613.0419
2326,3,3,Suburb,1991,263135.9366
1286,4,3,Urban,2004,192515.937
2418,5,2,Urban,1990,338348.014
2033,4,2,Rural,2013,295488.0862
2730,5,3,Suburb,1998,341811.1812
1629,5,1,Urban,1951,174875.2744
1269,5,2,Rural,1980,170431.0054
1591,4,2,Suburb,2005,188416.2401
2993,2,1,Urban,1956,319114.6226
2628,3,2,Urban,2010,311197.4517
2801,3,2,Urban,1983,312879.1434
1843,2,3,Suburb,1989,182946.5891
1861,3,2,Suburb,1997,339204.1049
2384,5,2,Rural,1970,202822.9426
2280,3,2,Urban,1998,267114.3135
1132,4,3,Urban,1951,176489.8923
2299,2,1,Suburb,2021,305690.6596
2799,2,1,Urban,1969,288209.0887
2706,2,1,Urban,1968,319827.9135
1971,2,1,Suburb,1979,194277.8711
1512,4,2,Rural,1969,227627.5484
1312,5,3,Urban,1980,182825.4399
1575,5,3,Rural,1966,232085.4902
1885,5,2,Rural,1952,236471.9737
2307,3,1,Suburb,1960,234970.9117
2144,5,3,Suburb,1952,182912.5006
2130,3,2,Suburb,1994,176719.4938
2956,4,2,Suburb,2008,289915.196
1686,3,2,Suburb,2005,181073.1441
2227,5,2,Rural,2004,284922.6181
1164,2,3,Rural,1976,135824.573
1304,4,2,Rural,1950,187510.6046
2520,5,3,Suburb,2020,352133.3165
2655,5,2,Suburb,1954,270342.3377
2579,5,2,Urban,1999,364749.9692
2847,4,3,Urban,1953,176569.8065
1155,2,2,Rural,1990,147641.4365
2390,2,1,Rural,1968,274857.3725
2742,2,3,Suburb,1974,321724.1801
2925,5,3,Urban,1956,388501.9686
1619,3,2,Rural,1966,225181.8528
2274,5,3,Suburb,1982,305036.207
1956,2,3,Urban,2009,110881.1738
2939,4,1,Urban,1982,285556.1144
2905,3,3,Urban,1977,302307.3356
1333,3,1,Rural,1966,188370.49
2665,5,3,Rural,1997,344862.8603
1968,4,1,Urban,1961,178079.2432
1510,3,3,Suburb,1952,196539.2256
2316,2,3,Rural,2015,200779.6339
2043,5,1,Suburb,2001,263793.7083
1281,5,1,Suburb,2010,202334.9994
1796,2,1,Urban,1963,256045.3104
2024,2,3,Urban,2016,161800.5406
1118,2,2,Suburb,1954,87697.03863
2058,3,2,Suburb,2012,92498.86892
1197,4,3,Urban,2008,193111.491
1484,3,3,Rural,2007,239349.2946
2780,4,1,Rural,2002,251076.6243
2082,5,1,Rural,1993,195175.954
1836,4,1,Urban,2021,259690.384
2184,2,2,Urban,1976,222659.0066
2008,3,3,Urban,1963,286491.219
1690,2,3,Urban,1956,188163.3764
2229,5,2,Urban,2018,283708.9437
2035,3,1,Suburb,2013,188192.9089
1489,3,1,Suburb,1981,168312.8646
1275,2,1,Urban,1981,10918.05123
1692,3,1,Urban,1968,284429.4187
1241,2,2,Urban,2003,170266.6006
2239,4,1,Suburb,1966,232741.1481
2274,5,1,Suburb,1998,232965.5287
2834,2,2,Rural,1960,224030.1643
1125,5,1,Suburb,1971,86633.45055
1216,3,2,Rural,1974,161433.4886
2329,5,1,Rural,1994,260713.6779
2820,5,3,Urban,1986,355183.6022
2208,5,1,Urban,1960,197448.5213
2062,3,3,Rural,1993,296675.9481
2246,4,2,Urban,1991,217967.7508
2207,4,1,Rural,1976,191793.8049
1494,4,1,Urban,1992,148691.3133
1426,2,1,Suburb,2015,232000.767
2201,2,3,Urban,1982,280902.2361
1918,3,1,Rural,1951,159767.2095
2451,4,2,Rural,1959,232706.3004
2317,5,1,Suburb,1982,142514.7118
2875,4,2,Rural,2018,337495.6786
1150,2,3,Suburb,1973,121680.881
1383,3,2,Suburb,2000,120815.8061
2661,4,3,Suburb,2021,367853.9714
2836,2,3,Suburb,2014,418522.5923
1307,2,3,Rural,1980,168508.1415
2359,5,2,Suburb,1975,282167.8724
2969,4,2,Rural,2010,334202.17
1745,5,2,Suburb,1996,205364.1488
1891,4,1,Urban,1992,141115.4222
1374,3,2,Rural,1961,121412.634
2031,4,3,Suburb,1963,230238.6208
2364,5,2,Urban,1954,314691.241
1128,5,3,Suburb,1981,129795.8095
2014,2,2,Suburb,1957,296640.2172
2799,4,2,Urban,1971,362568.2167
1668,4,3,Urban,2016,196091.7956
2375,3,2,Suburb,1996,248961.0116
2381,2,1,Urban,1987,267672.8756
1516,5,1,Suburb,1982,208605.4629
2518,4,3,Rural,1998,284990.8522
1085,2,3,Suburb,2001,138358.3687
2198,3,3,Rural,2010,292994.7146
2825,2,1,Urban,1999,296205.434
2216,4,3,Urban,1999,299511.5498
1310,4,3,Suburb,2007,144022.4216
2142,3,1,Urban,1997,195406.2799
2241,3,3,Suburb,1951,222345.1554
1426,3,2,Suburb,1995,147472.0527
2993,5,2,Suburb,1991,272859.1335
2437,2,2,Rural,1958,286333.1146
1113,2,2,Rural,2001,98327.59324
2168,2,1,Rural,1968,183287.7245
2561,5,2,Urban,1985,304633.9247
2671,2,2,Rural,1987,204274.1137
1302,3,1,Rural,2009,146333.1635
1743,2,1,Urban,2021,173744.8699
2904,5,1,Urban,2011,267200.3334
1587,5,2,Rural,1985,216737.2905
1986,2,3,Rural,2011,189368.6125
2863,5,3,Rural,2001,357263.9717
1344,5,2,Rural,2006,181088.983
1813,2,3,Rural,1966,176340.5255
2987,5,3,Urban,2009,422736.6721
1800,5,1,Urban,2021,219069.6592
2024,2,2,Urban,1968,204408.2346
2170,3,2,Suburb,1983,328386.9642
2310,3,3,Urban,1961,239601.6847
2999,5,2,Urban,1999,461502.0146
2677,4,1,Rural,2008,321174.2379
2076,4,3,Suburb,1975,326721.6711
2327,2,1,Suburb,1986,303367.1907
2092,2,3,Urban,2021,201153.1182
1360,3,2,Rural,2012,183964.3101
2625,4,1,Suburb,2014,363102.0068
2981,2,1,Urban,2002,423326.2272
2243,4,1,Rural,1988,259318.5566
2985,4,3,Suburb,2008,263676.3903
2009,5,3,Urban,1993,261256.7992
1703,5,1,Rural,1952,173333.0285
2989,4,1,Urban,2010,289565.1313
1574,3,3,Urban,1976,230942.6615
2608,2,2,Suburb,1957,258275.0596
2184,2,2,Urban,2013,252542.0989
2704,3,1,Rural,1972,251440.6501
2112,5,2,Urban,1989,229994.5751
1687,5,3,Rural,1975,159312.6824
1780,3,2,Rural,2002,276509.9508
1584,3,3,Rural,2012,145706.5564
2780,5,1,Urban,2020,322462.8509
1588,4,2,Urban,2001,227434.1097
2182,5,2,Rural,1986,237292.3603
1488,4,3,Urban,2011,219217.3449
1970,2,3,Rural,1951,238024.9281
2347,2,1,Suburb,2017,323942.1595
2633,4,1,Suburb,1991,324386.7539
2404,4,3,Urban,1950,326862.3555
2125,5,3,Rural,2010,278907.4354
1493,3,1,Rural,1954,64574.64721
2667,4,3,Rural,1986,243356.8367
2637,2,2,Urban,2018,317824.7804
1018,5,1,Suburb,2001,47902.23915
2477,2,2,Urban,1958,285295.0308
2505,5,3,Suburb,1963,325655.9684
2617,3,1,Rural,2000,324141.8085
1396,3,1,Suburb,2015,109796.9429
2000,2,1,Suburb,2010,240007.3839
2302,4,3,Urban,2017,286117.0801
1850,4,1,Rural,2016,223867.5726
2388,2,1,Urban,1991,260870.0683
2354,4,1,Rural,1986,244576.2203
2664,4,1,Rural,2009,206396.1478
2367,2,3,Rural,2020,342694.3257
1821,2,1,Urban,1951,233668.5741
1454,3,1,Urban,1953,188530.6444
2624,2,3,Rural,2000,307045.347
1724,3,1,Suburb,2001,259480.9447
2678,3,2,Rural,1977,227139.9884
2088,5,1,Suburb,1962,171610.2482
2099,4,1,Urban,2001,139606.5251
1710,2,2,Urban,1968,168942.769
1142,4,3,Suburb,1968,149649.2484
1916,5,1,Urban,1993,220955.1807
2938,2,2,Urban,1975,229690.645
1827,2,3,Suburb,1970,144591.4079
1604,5,3,Urban,1989,287029.1755
2496,4,2,Suburb,1964,262498.1944
2440,3,3,Suburb,2021,251357.7136
1304,5,3,Rural,1958,210829.5111
1735,5,2,Urban,2005,262376.6293
2520,2,3,Rural,2007,285799.6623
1290,3,2,Suburb,2000,169224.3714
2963,5,3,Urban,2020,272009.5364
1101,4,2,Urban,1952,158172.89
2290,5,3,Suburb,1998,294583.7863
1866,4,2,Rural,1998,261400.116
1967,2,1,Suburb,1957,182230.8256
2645,5,3,Urban,1972,352345.0633
1973,4,2,Suburb,1996,271382.7446
1841,2,3,Rural,1971,181366.8527
1961,2,3,Suburb,2010,257727.6311
1941,2,1,Suburb,1952,165639.5168
2800,5,3,Urban,1998,243474.4477
2026,2,3,Suburb,1997,198205.3994
1084,2,1,Urban,1987,134139.609
2817,4,2,Rural,2009,284652.0788
1327,2,2,Suburb,2004,70898.66643
1815,5,2,Urban,1978,236463.2292
2473,3,2,Urban,1961,263159.5843
1453,2,2,Suburb,1967,107698.2954
2947,5,2,Suburb,2014,315835.7699
1628,2,1,Urban,2003,144881.1749
2244,5,2,Urban,2006,258201.5359
2177,2,1,Rural,2010,219665.9238
1664,4,3,Rural,2005,218455.7743
1011,3,1,Rural,2017,107334.4886
2156,3,1,Suburb,1978,132073.9926
1303,5,1,Suburb,2006,115553.7395
2316,5,1,Rural,2018,215415.3337
1974,3,2,Suburb,1965,228101.0867
2323,4,3,Suburb,2009,261706.0345
2763,4,3,Suburb,1980,355956.2452
1782,2,3,Suburb,2018,191120.2962
1042,4,1,Rural,1979,75099.32403
1943,3,1,Suburb,1973,220838.3244
1342,3,2,Rural,1970,186302.7803
2349,4,2,Rural,1954,247178.5271
2837,4,3,Suburb,2011,350986.4062
1497,3,1,Suburb,1984,148478.4031
1363,3,1,Rural,2014,153662.2957
1890,3,1,Suburb,1980,208201.8752
1426,3,3,Rural,1989,124142.077
2004,3,3,Urban,1993,202831.9183
1020,4,1,Urban,1954,134100.6379
1406,4,1,Rural,1998,180241.4098
1618,2,3,Urban,1997,263024.8079
2014,2,3,Rural,1970,187786.1866
1335,5,2,Rural,1996,207957.9275
2838,2,2,Suburb,1951,328168.744
2140,4,2,Urban,2011,283147.392
2147,2,1,Urban,1964,197871.4317
1398,2,1,Suburb,2006,134718.9474
1792,4,1,Rural,2018,172927.9341
2827,3,3,Suburb,1950,294455.6883
1714,4,2,Urban,1960,226499.5936
1050,4,3,Rural,1983,136812.8117
2806,5,3,Rural,1966,358092.4156
1323,5,3,Suburb,2013,127279.01
1788,5,1,Rural,2008,109080.5903
1140,3,1,Urban,1963,131010.0725
1469,2,3,Urban,1991,159711.2582
1786,5,2,Urban,1993,224234.0608
2825,4,1,Rural,1967,321469.4201
2357,5,1,Suburb,1986,191311.8341
2916,4,3,Urban,2003,225743.166
1963,3,1,Rural,1978,332121.0274
2007,5,2,Suburb,1980,302156.4374
1372,4,3,Rural,2001,221983.7914
2587,2,1,Urban,2008,334517.4073
1493,3,3,Rural,2007,189121.5177
2562,4,3,Urban,1966,316102.859
2692,2,2,Urban,1950,240595.0892
1750,2,2,Urban,2018,199661.2722
2179,4,1,Urban,2016,261252.9062
1290,5,3,Rural,1994,237567.6011
2671,2,1,Rural,1979,168741.5546
2167,3,1,Suburb,2021,336045.5801
1105,2,1,Suburb,1952,161667.2898
2443,5,2,Suburb,2014,296033.6043
1669,3,3,Suburb,1953,193318.338
2681,3,3,Urban,1964,280841.5705
1001,3,2,Urban,2019,55453.87009
2968,4,2,Rural,1984,312344.8203
1588,2,1,Rural,1976,190994.4008
1643,5,1,Suburb,1990,183378.0071
1089,4,2,Rural,1971,155740.5921
2368,4,2,Rural,1989,274778.1992
1349,3,3,Rural,2007,96544.77518
2482,4,3,Urban,1986,232992.7825
2286,2,3,Suburb,2007,255788.8944
2374,4,2,Suburb,1992,178494.5998
2131,4,1,Rural,1994,299860.5025
2609,3,3,Rural,1961,324703.2256
2062,3,2,Urban,2018,208711.0141
1908,4,2,Urban,2018,189094.1749
1158,3,1,Rural,2008,120431.3469
2606,5,3,Urban,1999,292542.7866
1958,5,3,Urban,1975,194456.9922
1311,5,2,Rural,1959,185353.7738
2264,4,3,Rural,1998,278394.512
2961,2,1,Urban,1952,305895.8473
1444,2,3,Rural,2013,211016.0808
1297,3,1,Suburb,2020,228138.3046
1951,2,2,Urban,1955,143719.3037
1035,2,1,Urban,2004,171830.3885
2107,4,1,Urban,2015,184956.0496
2475,3,1,Suburb,2007,202637.0719
2909,2,1,Urban,2004,256533.3196
2798,5,2,Rural,1951,331331.7458
2845,3,1,Suburb,1980,246222.3151
2408,3,2,Suburb,1992,237328.011
2195,3,3,Suburb,2014,251000.6652
2399,5,3,Suburb,2004,207405.8715
2708,2,3,Rural,2014,265416.4569
2385,5,3,Suburb,1974,248347.9668
1558,3,2,Urban,2016,160990.2846
1890,3,2,Suburb,1988,255185.1496
1140,4,3,Suburb,1990,164163.3739
1886,4,1,Suburb,1999,222052.0367
2941,4,3,Suburb,2006,310126.5619
2141,4,3,Urban,2011,155736.7739
2300,3,3,Urban,1968,203508.3186
1725,5,2,Suburb,2001,232256.4052
2243,4,3,Suburb,1997,264519.657
2928,5,3,Urban,1977,331111.8808
2049,4,3,Suburb,1991,236049.7019
1520,2,2,Urban,1984,176572.6684
2806,4,3,Rural,2008,241125.0277
1009,5,3,Rural,1985,110870.7049
1983,4,1,Suburb,1957,243147.467
1377,2,3,Rural,1950,202481.9094
2656,5,2,Rural,2012,304907.9897
2660,5,1,Urban,1984,302534.8619
1681,5,3,Urban,1958,297382.4635
1583,3,2,Rural,1955,110732.4432
1151,5,1,Suburb,1990,92403.9845
1719,3,2,Suburb,1973,295468.8457
2072,2,1,Suburb,2009,188349.2923
2177,5,2,Rural,1953,199418.5464
1858,5,1,Rural,2021,172653.7246
2316,5,3,Suburb,1963,365275.749
2603,2,3,Rural,1980,280912.1754
1049,3,3,Suburb,1988,133669.9851
1663,4,3,Urban,1968,168793.2209
1530,2,1,Urban,1974,168264.0255
2635,2,1,Suburb,1977,310831.5105
2083,2,1,Rural,2013,311910.3567
2190,3,1,Urban,1973,173417.4187
2225,3,1,Suburb,1989,320244.9301
1856,3,1,Suburb,2009,244231.0021
1145,3,3,Rural,1964,140932.6982
1914,3,1,Rural,2003,176699.8165
2699,5,2,Urban,2007,270876.8999
2993,4,2,Suburb,1954,300559.487
1992,4,2,Suburb,1988,259653.56
2462,3,1,Suburb,2012,275169.2956
1241,3,3,Urban,2021,209223.5346
1580,5,2,Urban,1950,178946.0394
1686,3,1,Urban,1969,178274.492
2584,5,1,Suburb,2018,232749.2271
1482,5,3,Rural,1998,218885.7468
2131,2,1,Suburb,1967,203174.2602
2249,2,1,Rural,1972,162855.1584
1672,3,2,Urban,1967,151172.7125
1630,5,2,Suburb,2009,136594.4343
1660,3,2,Rural,1992,222597.5899
1661,2,2,Suburb,2021,170648.3719
2455,2,2,Suburb,2003,266532.2488
1804,2,1,Suburb,2000,244993.4185
2678,2,1,Suburb,2009,227285.4996
1418,2,3,Urban,1973,222799.9153
1987,3,2,Urban,1999,157462.0344
2478,3,2,Rural,1986,135582.3022
2183,2,2,Urban,2006,305410.3992
2546,3,2,Urban,1979,162431.6181
1649,2,2,Urban,1997,277920.6683
1968,2,1,Urban,1970,221766.3344
1589,2,1,Rural,1964,219030.4772
2100,3,2,Urban,2020,160391.1618
1508,3,1,Urban,1981,173922.5736
1440,5,2,Rural,1996,200346.5505
2277,3,3,Urban,1991,308312.974
1920,3,2,Rural,1954,236392.4978
1769,4,3,Urban,1970,200865.7042
2343,2,3,Urban,1974,247332.2768
2826,2,2,Suburb,1987,288967.9779
1262,3,2,Rural,1974,141315.1822
2620,3,2,Rural,1994,252661.2148
2681,5,2,Suburb,1995,333142.5862
2858,4,1,Rural,2014,264489.8201
2577,2,1,Rural,2013,291404.286
2397,2,3,Rural,2013,246270.529
1636,3,2,Suburb,1983,65916.45842
2190,3,1,Rural,2017,301750.7242
2960,4,1,Urban,2000,245558.9571
2776,2,1,Urban,1966,302558.6599
1458,4,3,Rural,1964,230523.3873
1998,2,1,Suburb,2016,201815.4647
2303,3,2,Urban,2006,404064.4753
1699,4,1,Urban,2018,185469.9971
1301,5,2,Urban,1959,117115.0443
2554,3,1,Suburb,1967,363164.1473
2603,5,2,Rural,1957,248625.0219
2241,5,3,Urban,2013,282479.0871
2125,5,1,Urban,1965,287821.3108
1553,2,1,Rural,2021,161477.8435
1287,5,3,Rural,2020,172234.7429
2190,2,3,Urban,1953,231003.3383
1620,4,3,Urban,1969,343903.2937
2005,3,2,Urban,1979,307507.2765
1035,2,2,Suburb,1981,165349.2366
1743,2,1,Rural,1974,210500.3443
2764,4,2,Suburb,1998,271981.5826
1352,4,1,Suburb,1951,99425.12371
2699,3,3,Suburb,2009,314445.3582
2922,4,1,Rural,2016,348293.5471
1072,2,3,Rural,1980,12832.94955
1647,3,3,Urban,1997,134233.4486
2376,3,1,Suburb,2015,264559.8468
2914,3,2,Rural,1997,283707.3602
2093,5,2,Suburb,1979,258404.1503
1424,5,1,Suburb,1966,154640.4141
1998,2,2,Rural,1968,241124.9769
1707,5,3,Suburb,2020,282229.3445
2804,4,3,Urban,1995,247972.4871
1560,3,2,Urban,1987,186058.0091
1827,2,2,Suburb,2009,308786.6989
2665,4,3,Urban,2005,277346.6313
1955,3,1,Suburb,1977,175135.111
1516,4,2,Urban,1956,222825.0778
1427,5,2,Suburb,1999,171739.9734
2562,4,1,Urban,1988,338345.8329
1159,5,3,Urban,1992,123518.6693
1148,4,1,Rural,1984,167884.284
1775,2,1,Suburb,1957,169727.2177
2253,5,1,Urban,2004,262816.6021
2735,5,2,Rural,2017,298865.5495
2585,3,3,Rural,1966,348220.5397
1066,5,3,Suburb,1970,145881.6578
2013,3,2,Urban,1972,157919.5413
2835,5,1,Urban,2016,259976.4502
1380,5,2,Urban,1980,185806.2485
1057,5,1,Urban,1993,92447.12816
2282,5,1,Rural,2021,277838.5537
1341,3,1,Rural,1976,103012.4729
2861,2,1,Rural,1998,286280.9996
2153,4,2,Suburb,1974,196594.9197
1726,5,1,Suburb,2014,197917.2716
2195,5,2,Rural,2009,194148.8068
1769,2,1,Urban,1991,182714.5829
1613,3,2,Urban,1980,207880.5423
2232,4,3,Rural,1992,230141.3498
2826,2,2,Urban,1977,316032.5155
1353,2,3,Urban,1980,91903.73217
2494,2,2,Suburb,2004,217345.3687
2821,2,3,Rural,1962,271411.6343
1115,5,2,Suburb,1958,99181.05033
2287,4,1,Suburb,1992,265385.7482
1661,5,3,Urban,1997,273609.881
2835,2,1,Rural,1998,280689.1106
2465,4,3,Rural,1988,355776.1231
2571,2,1,Urban,1953,325608.4477
1452,3,1,Rural,1962,135392.4887
2868,2,2,Urban,1993,299315.9118
2500,2,1,Suburb,1950,360810.5625
1286,3,3,Rural,1993,177114.993
2326,5,3,Suburb,2002,226148.0628
2016,4,3,Suburb,1965,274266.6993
1310,2,2,Rural,1959,142398.4317
1207,2,2,Urban,2015,149446.025
1617,3,3,Suburb,1952,253647.9877
1445,4,1,Rural,2021,185532.5265
1669,3,2,Rural,1996,193850.2296
1632,2,1,Urban,1958,171005.7997
1054,5,2,Suburb,1995,164103.4116
1911,5,2,Urban,1976,161795.0675
2035,4,2,Rural,2000,183813.6733
1656,2,2,Rural,2012,236467.1067
2423,3,3,Urban,2008,408992.841
2931,2,2,Suburb,1987,331223.3254
2671,3,2,Urban,1999,364027.0443
1979,3,3,Suburb,2009,192164.8751
1514,4,3,Suburb,2019,200556.9062
2679,3,3,Rural,1993,164170.0873
2565,4,3,Rural,1983,280858.6876
1236,5,1,Urban,2020,197949.2005
2302,4,3,Suburb,2001,224883.0969
1347,4,3,Urban,1959,151703.9534
1626,4,3,Suburb,1996,244823.3094
2127,5,1,Urban,2009,191954.0089
1629,4,3,Urban,1965,221591.3229
2540,3,1,Urban,1983,174174.0782
2895,3,2,Rural,1977,369396.5041
2271,4,1,Urban,1956,239165.5259
1363,3,3,Urban,2006,164961.4506
1320,4,1,Suburb,1975,182153.3849
2656,5,1,Rural,1999,173033.9636
1285,3,1,Suburb,1989,79935.45028
1148,4,1,Urban,1978,140763.4095
2107,2,1,Urban,1963,175527.7663
2989,5,1,Urban,1963,260583.8227
1405,2,1,Rural,2010,190279.3623
1977,4,1,Suburb,1987,179676.8232
1455,3,2,Rural,1957,162943.9353
2766,4,2,Urban,1978,271413.3499
1799,3,3,Suburb,1988,182670.2642
2184,4,3,Urban,1985,264847.904
2012,4,3,Urban,2001,184556.1862
1783,3,3,Rural,1998,217462.2582
1459,3,3,Urban,2009,129503.4579
2573,4,3,Urban,1967,292542.4229
2523,2,2,Urban,1980,264221.3178
1737,5,2,Urban,2009,127925.261
1508,2,2,Suburb,1963,167390.4574
2677,2,1,Urban,1994,263029.1643
2827,2,1,Rural,1989,313460.636
1480,2,3,Rural,2011,110451.384
2686,3,2,Suburb,2018,327467.7285
1113,2,3,Urban,2020,103271.5866
1748,5,2,Rural,1950,236602.187
2601,3,2,Rural,1981,373516.5634
1360,2,3,Rural,2016,70719.58386
1340,3,3,Urban,2004,105658.7471
1769,2,1,Suburb,1964,151680.7198
1760,2,2,Suburb,2010,197457.2758
1968,5,1,Suburb,2005,233516.4456
1448,3,1,Rural,1988,128932.8437
2866,3,1,Suburb,1971,350900.7638
1834,4,1,Rural,1968,249037.3302
2203,2,2,Suburb,2010,294099.9274
2725,2,2,Rural,1999,328977.2576
2430,5,1,Urban,1967,335396.3234
2689,5,2,Rural,2010,267700.7542
2219,3,1,Suburb,1994,204841.7275
2489,5,3,Rural,1960,229651.5828
1310,3,1,Urban,1962,175567.1544
1261,2,3,Suburb,1988,156059.5126
2442,2,1,Urban,2015,297776.6852
1405,3,1,Suburb,1994,140509.8534
2962,5,2,Urban,1984,398064.007
1142,5,3,Suburb,1982,161606.5092
1341,3,2,Urban,1980,136880.2645
2339,2,1,Suburb,1967,247781.2958
2124,3,3,Rural,2014,316920.5006
1243,5,1,Urban,1998,152934.5099
1489,3,3,Suburb,1964,177247.892
1011,2,3,Suburb,2013,137967.2937
2262,4,1,Rural,1956,276113.8232
1560,3,1,Urban,2006,189661.6388
1041,4,2,Suburb,1998,160042.756
1677,3,2,Suburb,1970,212913.1143
1593,5,1,Rural,1989,203422.2554
2452,5,2,Rural,1961,364024.4172
2826,4,2,Urban,1971,273574.0865
2181,3,1,Urban,1958,259341.2078
2239,5,3,Rural,1980,245378.1886
2693,4,1,Urban,1952,249890.3039
2485,4,2,Rural,1992,262092.667
1133,3,1,Rural,1997,80594.28817
2090,5,1,Suburb,1972,242814.9044
2871,4,3,Urban,2010,326375.3754
2030,2,3,Suburb,1964,238146.6314
1947,2,2,Rural,1995,202304.1488
2549,5,2,Rural,2005,287182.5971
1072,5,2,Urban,1963,101520.4512
1398,2,2,Urban,1997,134286.8781
2428,4,2,Rural,1994,220874.9933
2698,3,1,Rural,1973,229165.6644
1577,4,1,Urban,2002,86547.87098
1858,5,2,Rural,1968,271613.6361
1129,5,3,Urban,1956,212420.0385
1930,3,3,Suburb,2011,130717.9573
2489,4,2,Suburb,1996,287435.8502
2229,3,1,Rural,1999,184609.1198
2811,4,3,Rural,2012,284051.5016
2791,4,3,Urban,1999,300843.7658
1265,2,3,Urban,1974,119980.7264
2560,4,3,Suburb,1988,332647.3022
2985,5,1,Rural,1961,456959.8044
1792,5,1,Suburb,2004,141586.2604
1252,5,3,Urban,1972,204133.3614
1821,2,1,Rural,2008,221151.9112
2312,3,1,Urban,1981,249184.8818
1163,5,2,Suburb,1966,106470.3288
1094,5,2,Rural,1977,42159.00376
2805,3,2,Urban,1992,325843.3318
1832,2,2,Urban,1998,208247.0441
2133,4,3,Suburb,1993,247235.3306
1335,3,2,Suburb,2006,191030.5468
1821,4,2,Rural,1963,232581.0964
1237,4,1,Suburb,1976,145917.739
1380,4,3,Urban,1956,205654.5394
2459,3,1,Rural,2005,268616.6668
1898,3,1,Urban,1996,213395.488
1482,4,1,Rural,1961,237087.8453
2960,2,2,Urban,1951,317306.9485
1901,2,3,Suburb,2021,130462.6407
2048,2,2,Suburb,2005,266338.5958
2676,5,3,Rural,1965,346205.2457
2140,4,1,Urban,1974,233665.5839
1481,5,3,Suburb,1952,241926.8448
2415,2,1,Suburb,1994,228823.6392
1916,3,2,Suburb,1999,212662.8763
1993,2,1,Rural,1954,277032.4981
1963,5,2,Suburb,1982,211545.3916
1536,5,2,Urban,2014,166303.8134
2102,2,2,Rural,1981,231128.1903
2603,4,1,Rural,1978,325865.9651
2196,3,2,Rural,1972,181063.3493
2979,3,3,Rural,1961,377346.1408
2035,2,3,Rural,2009,275975.0652
2823,4,3,Rural,1996,379295.3927
1127,4,3,Suburb,1960,56134.95578
2631,2,2,Rural,1987,336783.9853
1091,3,3,Suburb,2017,139634.0765
2676,3,1,Urban,1970,273868.9567
1542,3,3,Suburb,1955,161802.4915
1845,4,3,Rural,2020,200298.8294
2555,2,1,Urban,1985,298021.6808
2681,4,1,Rural,1964,298152.8389
1988,3,3,Rural,1958,227620.7542
2851,4,2,Rural,1996,193188.2721
1446,3,1,Suburb,1960,132471.5838
1389,2,2,Urban,1966,166923.8104
1671,3,2,Urban,1983,71406.67028
2884,5,3,Urban,1995,362452.3218
1042,5,2,Suburb,1979,118146.8958
1253,2,2,Suburb,1961,119050.6506
2153,4,2,Suburb,1956,240399.118
2083,4,3,Suburb,2015,178570.7985
1662,4,1,Urban,1970,130229.2905
1466,3,3,Suburb,1999,207184.9652
1286,5,1,Rural,1950,189473.9644
2010,2,2,Urban,1998,191497.9843
2540,4,1,Suburb,2015,317919.0315
2490,4,1,Suburb,1975,321550.5111
2953,2,1,Rural,1974,208697.1467
1777,3,1,Rural,1978,235667.752
1344,4,2,Rural,2001,158348.6355
1641,3,1,Rural,2013,233876.4134
1381,3,1,Urban,1977,208435.4399
2802,3,2,Rural,1988,304995.213
1689,4,1,Rural,2017,211762.28
2276,4,3,Suburb,2010,286560.3973
2950,2,1,Rural,1959,371114.7342
2079,2,3,Suburb,1959,246456.0195
2486,3,3,Rural,1989,250692.4109
1456,4,3,Urban,2000,153904.0335
1982,3,2,Suburb,1992,195499.4416
1082,2,3,Suburb,1988,125439.963
2928,3,3,Suburb,1962,457902.6754
2122,5,2,Suburb,1991,265550.482
1148,3,2,Suburb,1975,250446.1698
2352,4,3,Rural,2008,323581.5326
2179,3,2,Rural,2007,218869.0694
1189,3,1,Urban,1980,152332.4918
2517,4,3,Rural,1976,282028.6306
1882,5,3,Urban,2011,225689.2699
1262,4,1,Urban,2006,170513.9305
2103,2,2,Suburb,1953,407173.1123
1399,5,1,Urban,2001,212536.7276
1763,5,1,Urban,1988,192576.2834
1608,4,2,Urban,1950,177056.5489
2283,3,2,Urban,1965,250997.411
2795,2,3,Urban,1994,293723.3971
2638,2,3,Suburb,1983,261822.8488
2575,5,3,Urban,1971,346915.1261
1784,2,2,Suburb,1952,172890.9879
1100,5,3,Rural,1987,50210.14549
2382,5,1,Urban,1951,237196.4079
2403,2,3,Rural,2003,301107.2443
1819,5,2,Rural,1989,195750.4583
2244,3,2,Urban,1991,275301.4633
1819,5,3,Rural,2007,144517.7104
1419,3,2,Suburb,1984,83233.90902
1123,3,2,Suburb,1998,92402.94372
1421,3,3,Rural,2010,183339.9549
2254,2,3,Urban,1991,216149.2845
2713,3,1,Rural,1976,270883.69
2086,2,2,Urban,1969,217634.7924
2508,4,3,Rural,1970,224554.0623
2651,3,1,Urban,1955,353686.605
2726,5,2,Rural,1971,388796.7967
2597,4,2,Urban,1978,326799.0757
1767,4,1,Rural,1989,263232.9283
1482,3,2,Urban,1976,182385.5297
1518,2,3,Suburb,1964,179146.4709
1154,4,1,Suburb,1999,161345.9555
1091,3,1,Urban,1961,133572.0839
1981,4,3,Urban,2003,271000.7215
2549,4,1,Suburb,1990,237470.2005
1454,3,3,Urban,2021,215957.693
2764,5,3,Suburb,2000,393864.7194
1597,5,2,Suburb,1998,177048.8052
2668,5,2,Rural,1974,251495.5657
1509,4,2,Rural,1996,237548.3779
2206,2,2,Urban,1966,265312.6026
1385,2,2,Urban,1987,172911.1216
2597,4,3,Suburb,1961,266296.7184
2754,4,1,Suburb,1955,321260.3541
1404,3,1,Suburb,1958,162507.0069
1245,2,2,Rural,1995,151889.0048
1741,4,3,Suburb,1971,226966.6453
2614,5,3,Rural,2004,275197.2383
1660,2,3,Urban,1952,152441.9224
1649,4,1,Rural,1983,127915.0424
2494,3,3,Urban,1953,252484.7545
2849,3,2,Urban,1951,294567.4975
2911,2,3,Urban,2007,348178.4515
2446,5,2,Rural,1962,320600.3097
1900,2,1,Urban,1986,68439.06817
1064,4,1,Rural,1958,129836.9992
2036,5,3,Rural,1957,258202.4236
1212,4,1,Urban,1999,134972.3116
1241,5,1,Urban,2011,152976.4661
1492,5,3,Rural,1979,191101.7494
2236,4,1,Urban,1973,236176.7404
2716,2,2,Suburb,1997,299032.0218
1337,3,3,Urban,1971,84685.09028
1172,5,2,Urban,2017,112546.1508
1671,5,1,Suburb,2000,183244.6712
1163,3,3,Rural,2011,114009.4555
1464,2,2,Urban,2016,123522.8664
1994,3,3,Suburb,1965,254431.7734
1496,2,2,Suburb,2002,126123.3886
1699,5,2,Rural,1987,285620.4457
1394,5,3,Rural,1997,138880.1014
1702,4,2,Rural,2008,180800.4274
2940,2,3,Suburb,1956,268314.031
1307,3,1,Rural,1994,96464.69355
2791,2,2,Urban,2010,316930.2772
1182,2,2,Urban,1976,86128.02984
1628,2,2,Urban,1980,186170.8798
2817,2,2,Suburb,2019,338627.003
1509,3,1,Rural,2006,116008.0091
2731,4,3,Suburb,1962,222600.8936
1545,5,3,Suburb,2005,259988.4039
2587,3,3,Rural,1956,213439.7939
1623,3,1,Urban,1988,205946.1351
2787,5,1,Suburb,2000,240728.7458
1593,4,3,Rural,2006,203212.7314
1743,3,3,Urban,1995,233564.2789
2250,5,1,Rural,1963,225151.194
2768,4,1,Rural,2005,226681.9544
2756,4,2,Urban,1967,265441.0253
2459,2,3,Urban,2003,232974.1703
2948,3,3,Suburb,2002,283715.3805
2445,4,3,Suburb,1992,113827.7656
1553,3,3,Urban,1967,115575.522
1020,5,3,Rural,1952,98716.03835
1553,3,2,Urban,2001,172649.2993
1396,4,1,Urban,1981,124313.7553
1624,5,2,Urban,1951,214156.604
1104,5,2,Suburb,1960,107228.5392
1191,2,3,Rural,1951,163391.494
1016,5,2,Suburb,1978,190235.2454
2143,4,2,Suburb,1952,254698.6998
1392,2,3,Urban,2009,191605.0123
1424,4,2,Urban,2005,133596.2554
1128,4,2,Suburb,1950,178684.878
2153,2,1,Urban,2013,169288.5717
1571,2,3,Rural,1961,166900.0131
2583,3,3,Suburb,1954,303031.1698
1028,4,2,Urban,2001,120717.0354
2120,3,3,Suburb,2020,244825.1606
2033,5,1,Rural,1992,180347.8961
1241,5,2,Suburb,2007,192982.3992
2849,3,1,Suburb,1979,247704.5366
2979,2,2,Suburb,1967,257150.9829
1231,5,2,Urban,1986,203542.425
1788,2,3,Suburb,1967,260748.1255
2307,3,3,Urban,1985,271059.9372
1714,2,2,Urban,2004,175358.6972
1758,4,1,Suburb,2005,143407.4765
1801,5,2,Suburb,2009,157229.5024
1775,2,2,Suburb,1996,171578.1451
2978,2,2,Suburb,1970,291795.4759
1725,4,1,Suburb,1981,80574.05732
1199,2,3,Suburb,1979,157912.5287
1944,3,3,Suburb,1990,130009.8006
1078,3,1,Urban,2007,57658.96129
2936,3,3,Rural,2011,289947.4395
1955,5,2,Rural,1990,238773.3124
2878,2,3,Rural,1967,312036.3603
1855,5,3,Rural,1987,217283.7708
2196,5,1,Urban,1996,194780.8881
1466,2,1,Rural,2006,156811.7644
1580,2,2,Suburb,1971,236684.5768
2439,3,2,Urban,1994,267225.5738
1939,5,3,Rural,2004,260253.775
1448,5,1,Rural,1988,66486.86232
1086,2,1,Rural,2017,127241.756
1100,5,2,Rural,1989,182859.9475
2031,4,3,Rural,1965,256195.7758
1844,2,3,Rural,2011,225565.5271
2223,3,1,Urban,1957,201606.5244
2528,4,1,Suburb,1984,285395.1007
1086,4,1,Rural,1981,183383.5692
1042,3,1,Rural,1995,114428.8059
2408,4,2,Rural,1993,353976.4838
2644,4,2,Urban,2000,235622.4051
2458,4,1,Rural,1969,285258.9993
1407,5,3,Urban,2005,165141.4607
2506,4,2,Urban,1957,199439.1247
1663,4,1,Suburb,2000,198048.5434
2040,2,1,Urban,1950,212732.3376
2668,3,3,Suburb,1992,233696.2862
1147,5,3,Rural,2014,67321.3716
1276,5,1,Rural,2008,165273.7725
1231,3,2,Rural,1990,144638.7181
2849,5,2,Rural,1959,319329.4672
2950,5,3,Urban,1986,382303.3065
1365,5,2,Suburb,1966,177278.824
2251,2,2,Urban,1963,207351.8301
2674,2,2,Rural,1965,411781.9948
1435,5,1,Urban,1953,264587.3995
1398,3,1,Rural,1967,147721.2074
2234,3,2,Suburb,1988,252086.0103
2414,2,1,Urban,1953,147288.7771
1498,2,3,Suburb,1962,203830.8199
1539,4,2,Urban,2003,166166.1651
1562,2,2,Suburb,1970,189795.0842
2514,5,3,Urban,1962,219149.5809
1441,2,2,Urban,1980,190185.0235
2284,4,2,Rural,1954,159292.7807
1772,4,2,Urban,1958,69042.38379
1349,3,3,Suburb,1994,237053.3426
2375,3,1,Suburb,1958,149445.6618
1519,5,1,Suburb,1958,92982.49698
2343,2,2,Rural,2007,196703.0299
1137,4,1,Suburb,1971,123377.99
2573,4,2,Rural,2005,165588.5823
2646,3,3,Suburb,1953,209654.2075
1991,3,3,Rural,1992,155152.1827
1367,2,2,Suburb,1979,129191.5432
2243,4,2,Rural,1978,337379.2207
2360,3,2,Urban,1965,285712.3727
2246,2,1,Suburb,1964,236335.4105
2671,2,3,Rural,1957,241037.4047
2791,2,2,Rural,1964,279430.3676
1359,3,1,Rural,2009,138899.4748
1920,3,2,Rural,1982,229328.4149
1328,3,3,Suburb,2021,165888.7736
1961,5,3,Rural,1990,216560.9931
1462,5,3,Suburb,2008,205631.557
1945,5,2,Urban,1982,230228.2498
1962,3,3,Urban,1991,136922.901
2584,3,2,Urban,1964,217015.2165
2827,5,1,Suburb,1968,266097.7406
2405,4,1,Urban,1995,320707.5064
1835,4,1,Suburb,1978,250200.1151
2613,4,2,Urban,1959,281734.3934
2640,4,3,Urban,2010,299682.9632
1168,5,3,Suburb,1980,133294.1228
1216,2,2,Urban,1951,147211.2554
1377,2,1,Suburb,1960,181801.3084
1118,4,1,Suburb,1989,149202.6706
1189,3,2,Urban,1988,105365.6034
1766,4,3,Suburb,1999,189955.1372
1369,4,3,Rural,1955,175157.0296
2801,2,3,Rural,1977,257263.167
1148,3,3,Urban,1961,154140.8473
2699,2,1,Rural,1997,312966.2803
1651,3,3,Urban,2005,189808.5161
2882,5,2,Suburb,1982,371934.4888
2511,2,3,Suburb,1959,288418.6461
1769,5,1,Rural,1958,237649.0971
1373,5,3,Rural,2008,132497.9906
1780,4,3,Rural,1971,269155.7514
2716,3,2,Suburb,1998,321177.9522
1159,2,3,Rural,2010,126204.6848
1350,4,3,Urban,1980,187740.5591
2935,2,2,Suburb,2014,310095.1201
2311,5,2,Rural,1956,305474.8656
2311,2,2,Suburb,1971,240336.7127
1891,2,2,Suburb,1970,186482.0244
2249,4,1,Urban,1996,227382.4833
1522,3,3,Urban,1981,214824.4817
1521,2,3,Rural,1996,190829.5939
1782,5,1,Suburb,2015,314004.3201
1272,5,2,Urban,2014,157232.4164
1935,4,3,Urban,2010,146276.7206
2425,5,2,Rural,1966,298145.6938
1182,2,2,Suburb,1972,141121.9211
2992,3,1,Rural,1999,324707.658
2688,2,1,Rural,2018,272252.4117
1487,4,2,Rural,2013,172630.7945
2850,5,3,Suburb,1997,348967.9234
1845,2,2,Suburb,1962,227820.7861
1123,2,3,Rural,1966,94380.09783
1984,5,2,Rural,2013,217392.2378
2649,3,2,Rural,2000,358652.4308
1789,3,3,Suburb,1974,262667.8821
1413,3,1,Rural,1969,170918.921
2748,5,1,Urban,2008,304504.398
2195,2,2,Rural,2018,109733.1424
2311,4,3,Rural,1970,256710.0632
2458,2,1,Suburb,1982,228394.7586
1685,5,3,Suburb,2012,142153.2851
1112,5,1,Urban,2005,70445.46443
1887,2,3,Rural,1955,235102.4378
2940,5,2,Suburb,1961,250084.4918
1121,2,3,Suburb,2006,101599.9098
2567,2,2,Suburb,2006,282166.6719
2245,3,1,Suburb,2017,343022.7574
2654,5,3,Suburb,1999,297306.9439
1038,5,1,Suburb,1976,96854.60595
1496,3,1,Rural,2010,231832.9731
1779,3,2,Suburb,1954,220128.9846
2256,3,3,Rural,2016,248975.8353
1942,4,2,Rural,1953,194949.5751
2553,5,3,Urban,1962,345898.188
1148,2,1,Urban,1952,207320.0155
2420,2,1,Urban,2020,335654.6821
2021,2,3,Rural,1964,170014.4475
1660,5,1,Rural,1968,203439.9026
2661,4,1,Rural,1980,279168.2935
2927,5,2,Suburb,1964,270887.9805
1301,5,1,Urban,1997,82347.26906
2383,5,1,Suburb,2003,225942.174
1237,5,1,Urban,2004,220770.215
1646,5,3,Urban,2007,295325.5508
1662,4,1,Suburb,2005,147084.9127
1235,3,2,Rural,2012,19871.25115
2759,2,2,Urban,2013,313276.2532
1202,5,2,Rural,1984,250758.4084
1255,5,2,Suburb,1980,167128.782
1597,5,1,Urban,1968,131208.1655
1661,2,2,Rural,2007,164928.548
1234,4,3,Urban,2002,64552.72702
2368,2,3,Rural,2017,309664.598
1533,4,1,Rural,1958,195595.7603
1859,3,3,Rural,1959,209603.7269
2820,5,3,Suburb,1997,338858.368
2804,4,1,Urban,1972,235291.7023
2489,2,1,Rural,1974,240502.1599
1769,4,2,Suburb,2006,261743.9067
1540,4,2,Rural,1985,112637.0593
1212,3,1,Rural,1975,190867.2487
1462,5,3,Suburb,1976,166426.1819
1435,5,1,Suburb,1985,101224.1919
1282,2,2,Urban,1981,162832.7625
2585,2,1,Suburb,1976,346352.981
2630,3,1,Rural,1963,255598.2309
2486,4,3,Suburb,1995,319032.1494
2430,4,1,Suburb,1998,299338.6524
1087,2,2,Rural,1983,115141.8318
2067,5,1,Rural,1979,281590.0396
1460,4,3,Urban,1982,206687.407
1277,3,1,Rural,1992,69539.33493
2706,2,3,Suburb,1957,229539.8669
1420,4,1,Suburb,2018,156561.6257
2724,5,3,Rural,1963,358648.7381
2376,5,1,Urban,2010,254442.4445
1695,3,1,Urban,1970,289798.0417
1514,3,1,Rural,1978,217093.7264
1702,2,1,Suburb,1958,157277.3114
2653,2,1,Rural,2011,192253.8753
1018,5,2,Suburb,2006,128947.1792
1022,5,2,Suburb,1977,144098.6497
1412,4,1,Suburb,1978,180968.8137
2053,4,3,Rural,1998,256961.1189
2830,4,3,Suburb,2000,280565.9844
1107,3,2,Rural,2008,189618.7095
2390,3,2,Rural,1990,209809.9029
2304,4,2,Urban,1968,318464.1309
2151,5,3,Urban,1972,203172.4696
2252,2,2,Urban,2017,249661.2375
2134,3,2,Rural,1977,268257.4295
1135,3,2,Rural,2021,157990.0476
1361,4,1,Rural,1983,112370.169
2209,2,1,Urban,1967,186727.3614
2679,3,2,Suburb,1982,215865.2424
2607,2,3,Suburb,2004,215014.2583
1128,3,1,Urban,1979,61993.38381
2899,2,2,Urban,1952,372315.8471
2284,2,1,Suburb,1971,332202.8676
1514,3,3,Urban,1965,200507.001
1448,2,2,Rural,1958,189605.2788
2923,5,2,Rural,1988,359085.9999
2127,3,1,Urban,2012,221557.2436
2506,3,2,Rural,1982,242896.7263
2247,5,1,Rural,1964,243800.5491
2855,2,3,Rural,1974,217989.6904
1873,5,1,Suburb,1980,218285.6547
2889,3,2,Urban,2009,412180.6786
2514,5,3,Rural,1993,276918.7546
1472,2,3,Urban,1999,147911.1591
2033,5,3,Rural,1965,266828.8048
2428,3,1,Suburb,2019,232022.0638
2919,2,3,Rural,1999,254693.6927
1301,3,2,Suburb,1979,108301.9194
1230,3,3,Rural,1989,217984.6768
2754,4,3,Suburb,1991,280689.2339
1922,3,1,Rural,1950,141603.3835
2089,3,1,Rural,2013,261293.3782
1936,2,2,Suburb,1991,224127.1424
1111,2,2,Rural,1984,91996.30687
2036,2,1,Rural,1995,242475.6811
2416,5,3,Rural,1967,310962.874
1499,5,1,Suburb,2007,118865.2479
1931,2,1,Urban,2013,257032.8913
1597,5,1,Rural,1957,172280.0653
1233,4,2,Rural,1980,66481.78547
1601,5,2,Suburb,1963,111508.2163
1313,4,2,Urban,1970,125095.5486
1565,2,2,Rural,2020,185563.7578
2035,2,3,Rural,2004,259814.2224
1208,5,2,Urban,1985,141224.8526
2997,2,2,Rural,1988,230653.3848
2037,2,3,Urban,1975,286036.6114
2656,3,3,Suburb,1985,351655.9717
2441,2,1,Suburb,1985,268620.7994
2460,3,3,Urban,2009,248555.109
2400,2,3,Suburb,1975,240143.6717
2043,4,2,Urban,1982,137819.9478
1586,4,2,Rural,1965,163736.6868
2935,2,2,Suburb,1950,241215.8461
2778,4,2,Urban,2014,318478.9075
2758,4,3,Urban,2011,271596.9777
2014,4,2,Urban,1964,314082.5856
2093,5,2,Rural,1977,309180.0719
2847,4,1,Rural,1984,254727.0311
2234,3,3,Rural,1955,217044.4727
2124,5,3,Suburb,1956,261314.7535
1697,3,3,Rural,1977,210918.2755
1131,3,1,Urban,1999,171937.2261
2646,3,3,Rural,1986,285216.879
2404,5,3,Suburb,1980,168817.2823
2155,2,2,Rural,1956,211881.5938
2043,4,3,Urban,2002,217343.663
2929,4,2,Suburb,1987,327070.7786
1535,2,1,Urban,1990,213733.3771
2013,2,2,Rural,1990,266794.0985
1226,3,1,Suburb,2008,165595.0854
2177,5,1,Suburb,1962,234625.5799
2828,3,1,Urban,1961,311416.5292
2765,4,2,Suburb,1975,268501.3484
2492,2,1,Suburb,2003,320150.1052
1821,4,2,Suburb,1995,188399.6186
1870,2,2,Urban,1983,203003.3169
1404,5,2,Rural,2005,77075.49364
1201,3,1,Urban,2006,129520.4436
1037,4,2,Rural,1984,183274.9743
1941,5,2,Rural,1966,222369.3557
2795,4,1,Suburb,1982,279070.8179
1187,2,2,Suburb,2004,211295.0221
2080,4,1,Rural,1967,179504.1171
1940,5,1,Rural,1983,178111.5765
2043,5,1,Suburb,1955,158461.3181
1272,3,2,Rural,2011,213233.2984
2142,4,2,Rural,2017,148585.6112
1582,2,3,Rural,2010,169730.0933
1515,4,3,Rural,2012,157802.861
2244,3,3,Rural,1971,250040.0838
1525,2,1,Suburb,1969,225603.0782
2538,2,3,Suburb,1959,252853.9168
2751,3,2,Urban,2004,280059.6977
2764,2,1,Rural,2005,221608.0864
1335,5,1,Urban,2014,187410.458
1697,5,2,Urban,1964,200595.5223
2078,2,3,Suburb,1977,230098.5472
1499,4,3,Rural,1965,242685.839
1899,2,2,Urban,2009,221111.313
2911,4,2,Urban,2006,249657.28
1765,3,3,Urban,1964,165649.0325
1535,5,2,Suburb,1999,305659.5845
1161,5,3,Rural,1970,195354.3034
2693,3,2,Rural,1997,260102.3187
1593,3,3,Suburb,1980,131238.8394
2938,5,2,Rural,2013,241186.5709
1158,3,1,Suburb,2008,167100.6521
2211,2,1,Rural,1987,220628.4754
1059,2,1,Urban,1986,91808.81943
1914,4,2,Rural,1963,226146.1206
2840,4,3,Urban,2011,353639.1194
2342,4,3,Rural,2019,212892.9357
2901,2,3,Urban,1996,470989.6791
1210,5,1,Rural,2019,89705.1585
1405,4,1,Urban,1988,184428.1239
1663,2,3,Rural,2020,167679.8968
2132,5,2,Suburb,1982,245569.0828
2099,3,2,Rural,2000,314619.8376
1541,2,3,Urban,1994,227911.994
2337,3,3,Suburb,1983,169714.927
1997,4,2,Suburb,1996,220657.9832
2140,5,3,Urban,1986,199300.1652
1926,2,2,Suburb,1952,173274.284
1867,4,2,Urban,2017,143930.5258
2727,4,1,Suburb,1959,222875.4109
1018,5,1,Rural,1970,152476.6391
1431,3,1,Urban,2021,193015.2045
2708,4,3,Suburb,2004,284986.7129
1739,5,2,Suburb,2016,183037.5106
2373,5,3,Urban,2013,297296.0006
1182,2,3,Urban,1951,96296.99457
1112,4,3,Urban,1982,22206.06152
2206,3,2,Suburb,1988,300476.2032
1480,3,1,Suburb,2014,206367.8239
2169,4,2,Rural,2014,246342.4858
1830,3,2,Urban,2009,245287.5254
2651,5,3,Rural,1966,331022.4592
2136,5,3,Urban,2007,270464.4601
1762,4,1,Suburb,1980,256277.3253
1475,3,2,Urban,1955,105710.2114
1762,5,1,Rural,2000,150840.4402
2326,4,3,Rural,1999,298666.7447
1970,5,3,Suburb,2016,240967.2793
2848,4,1,Rural,2005,328773.3981
2019,2,1,Rural,1960,234185.0805
2141,2,2,Suburb,1956,320770.3634
2836,4,1,Rural,1999,270068.8025
1160,2,1,Suburb,2007,183294.6824
1400,2,2,Suburb,1983,110133.3715
1197,3,3,Rural,1956,106614.7121
2283,2,2,Suburb,1951,174931.5493
1659,3,3,Urban,1984,235157.3052
2775,2,3,Suburb,1985,245658.4858
2070,2,1,Rural,1976,188867.9144
1398,5,1,Urban,1975,306902.2965
2733,4,1,Urban,2019,208916.6289
2582,2,1,Urban,2021,272727.8839
1077,4,1,Urban,1965,155367.5214
1123,4,3,Suburb,1956,147367.2098
1074,5,2,Suburb,1957,233342.8639
2894,4,1,Suburb,1950,297673.0238
1136,4,3,Rural,1981,177642.9566
1601,2,1,Rural,1977,117202.9788
2423,5,2,Urban,2001,329919.086
1836,4,3,Rural,1982,183705.8913
2528,2,2,Suburb,1967,314441.3188
1499,5,1,Suburb,1971,192430.773
2596,2,3,Suburb,1999,315521.4706
1137,5,2,Suburb,1963,105493.1972
1049,5,1,Suburb,1991,78552.60333
2794,3,1,Urban,2019,263332.1577
1972,3,3,Suburb,1991,243326.4915
2642,3,1,Suburb,1978,247816.9083
2648,4,2,Suburb,1998,303507.0475
2885,2,1,Urban,1962,332380.6721
1253,5,2,Suburb,1985,59000.84998
2653,2,2,Rural,1989,267891.449
1709,4,2,Urban,1971,168040.2105
2872,3,2,Urban,1968,351824.736
2900,3,3,Suburb,2015,412564.994
1562,2,2,Suburb,1993,152606.4096
1756,2,3,Suburb,2005,276174.4772
2938,5,3,Urban,1972,350479.3369
2449,2,3,Urban,1972,240355.2792
1546,5,1,Rural,2007,184503.3402
2325,5,2,Suburb,1994,259824.0601
1921,3,1,Suburb,1969,256325.2327
1580,2,2,Suburb,2008,78396.45392
2372,3,3,Urban,1962,274069.5847
2855,5,1,Urban,1952,384640.6713
2956,3,1,Urban,2017,350610.4492
1048,3,3,Urban,1997,131916.5883
1916,5,3,Urban,2006,245129.2895
2097,4,3,Rural,2021,222578.8924
1703,4,1,Urban,1953,198183.5582
1260,2,3,Urban,1966,176032.5435
1355,3,1,Rural,1963,140389.0777
2605,2,2,Urban,1970,210421.0235
2625,3,3,Rural,2021,208658.3035
2283,2,1,Suburb,2018,267261.5632
1637,2,3,Rural,2003,188448.8732
1742,5,3,Suburb,2001,250110.5778
2318,4,1,Rural,1957,216461.5227
2009,4,1,Suburb,1987,168430.1742
1930,4,1,Rural,1984,256517.7126
1640,5,3,Suburb,2010,213272.1593
1791,4,2,Urban,1999,186789.8583
2336,5,2,Rural,2016,257880.246
1611,3,3,Urban,1994,148121.8992
2861,5,3,Rural,1969,360769.349
1808,2,1,Urban,1964,205899.6521
2205,2,2,Suburb,2001,242852.8854
1685,3,2,Suburb,1992,224795.1931
2851,3,2,Suburb,1979,276481.0919
2387,2,1,Urban,1965,333698.502
1187,4,2,Rural,1975,81644.56474
2592,4,1,Urban,2017,272838.0104
2566,4,3,Rural,1962,364343.3553
2619,3,1,Suburb,1960,280160.7374
2687,2,3,Rural,2000,274204.2909
1984,5,2,Suburb,2003,228769.5252
1547,3,3,Suburb,1973,236681.9598
1724,2,3,Urban,1971,161809.1949
1925,4,3,Urban,1968,202510.4547
2431,4,1,Suburb,1981,302009.303
1875,4,1,Suburb,1984,194923.6643
1617,2,1,Rural,1998,121459.5318
1413,4,3,Suburb,2001,168104.0733
2365,2,3,Rural,1992,208800.4412
2243,3,3,Urban,2003,254461.0169
1902,5,2,Suburb,2009,203243.006
1162,4,1,Urban,1983,135338.2593
2974,3,2,Rural,1967,287394.9931
2243,3,2,Rural,1987,285548.9992
1269,2,2,Suburb,2010,156919.1165
1631,3,3,Suburb,2000,180881.3983
1905,2,1,Suburb,2017,172504.5302
2871,2,2,Rural,1975,281596.9708
2423,3,1,Urban,2015,243828.3053
2205,2,1,Suburb,1970,218187.0671
2641,2,3,Urban,2013,319018.0324
2752,2,2,Suburb,1961,249368.2113
1204,3,3,Urban,2018,139409.1161
1581,5,1,Rural,2014,180417.3337
2579,2,2,Suburb,1965,316339.6957
1840,4,1,Rural,1955,257196.7587
2836,3,1,Rural,2005,325137.9298
2251,3,3,Urban,1987,304037.0289
2719,2,2,Urban,1993,319052.6417
2642,3,3,Rural,1994,291488.9833
1595,4,3,Suburb,1988,268973.8839
2873,5,1,Urban,1959,290889.6418
1249,3,2,Rural,2015,174210.344
1874,3,2,Rural,1956,179412.8337
2464,3,2,Rural,2015,218931.1135
2556,2,3,Suburb,1993,332312.8364
1195,4,3,Urban,1994,152033.9592
1689,5,3,Urban,1957,280596.1725
2952,4,1,Rural,1954,377184.8121
2542,4,3,Suburb,1998,293393.8907
2093,3,2,Rural,2001,235960.8406
1638,5,1,Urban,1981,315534.1017
2422,4,2,Suburb,1962,271138.7937
1671,5,3,Rural,1992,97986.38853
2783,2,2,Urban,1971,360211.1405
2226,3,1,Urban,1958,287633.8648
2171,2,3,Urban,1977,263528.3383
2495,5,1,Suburb,1971,276409.8607
2678,3,3,Suburb,1962,291846.3053
1943,2,1,Urban,1967,223305.4921
1198,3,1,Urban,1975,142072.3562
2940,2,2,Suburb,2017,363669.0211
2449,4,3,Rural,1977,342026.3801
2689,3,3,Rural,2020,246961.947
1491,5,3,Rural,2021,203129.9385
2911,3,1,Urban,1962,244864.3358
1895,5,2,Urban,1999,292255.3198
1141,2,2,Suburb,1967,108098.1014
2336,2,3,Urban,1984,258711.5062
1164,5,3,Rural,1973,204859.3474
1313,2,1,Urban,1963,107235.3318
1020,3,1,Rural,1999,128991.8166
2105,2,1,Suburb,2017,165743.7921
2604,5,2,Suburb,2019,295541.012
2154,5,1,Suburb,1983,257814.967
2622,4,1,Suburb,1974,178378.5109
2753,5,1,Suburb,1994,338912.5225
2956,2,3,Urban,1950,261327.8317
1983,5,1,Rural,2007,208323.6119
1304,2,3,Rural,1997,136575.8733
2938,2,2,Rural,1966,244917.9231
1370,4,2,Urban,2004,182711.0475
2880,2,3,Rural,1986,309750.7874
1852,5,3,Rural,2013,152756.8729
1383,5,1,Urban,1969,241304.2443
2931,5,1,Rural,1983,453551.1255
1444,2,2,Urban,1952,142373.0633
1424,5,2,Rural,2005,138052.9177
1160,3,2,Suburb,1983,101267.9032
2201,3,2,Suburb,1972,234230.5579
1628,5,1,Urban,1992,219416.2198
2731,2,1,Urban,1981,245241.5355
1894,5,2,Urban,2015,258411.4148
1489,3,1,Urban,2007,165024.0039
2016,2,1,Suburb,2011,229519.9721
1326,5,3,Suburb,1988,161527.811
1597,2,3,Suburb,2006,102084.3954
2014,5,2,Urban,1966,258300.2949
1288,4,2,Suburb,1984,206245.38
1592,2,2,Suburb,1951,250492.2286
2687,3,2,Urban,1967,290750.2526
2596,3,2,Urban,2020,186478.9759
1572,3,1,Rural,1977,175975.4675
2377,3,3,Suburb,1995,252863.2526
1027,5,3,Urban,1954,173563.0149
1953,5,3,Suburb,1968,161885.9464
1042,2,1,Suburb,1977,82188.35643
2704,4,1,Suburb,1983,248005.5055
1422,4,1,Suburb,1954,147316.6509
2621,2,3,Urban,1979,274001.3316
1176,3,3,Rural,1973,100923.2651
1528,4,3,Suburb,1968,231680.5574
2633,4,3,Rural,1969,368879.9523
1965,2,3,Suburb,2000,97448.90285
2517,3,1,Rural,1981,279240.9838
1197,5,1,Urban,1962,260664.4859
1609,5,3,Suburb,2010,201999.8012
2600,4,1,Suburb,1989,235994.9889
1841,5,3,Rural,2013,185884.9233
1852,2,3,Urban,2012,266982.5714
2540,4,3,Suburb,1968,256259.9994
2537,4,1,Rural,1966,325789.4216
1021,3,2,Urban,1966,115818.1117
2135,5,2,Urban,1952,219097.0323
2080,3,2,Rural,1967,288182.2376
2089,4,2,Urban,1963,354844.0618
1841,5,2,Suburb,2012,237786.2795
1097,3,1,Urban,1952,171366.2201
2167,5,3,Urban,1974,328805.9908
2903,4,2,Suburb,1956,298336.1533
1434,4,2,Suburb,1974,170891.7852
1636,4,2,Urban,1966,129305.9247
2702,2,3,Rural,2020,319839.2558
2109,3,2,Suburb,1983,182918.4095
1587,3,1,Suburb,1998,229363.3453
1343,4,3,Rural,1976,131244.0801
2959,3,3,Suburb,2009,336154.7418
2317,4,3,Rural,1984,250399.9872
2979,3,3,Suburb,2010,402057.3858
1570,5,2,Urban,2018,285697.7885
2673,3,2,Urban,1957,320259.1008
1610,4,1,Rural,1963,161553.4183
2727,3,2,Urban,1984,353435.2452
1242,5,3,Rural,2013,222880.0087
2854,5,1,Urban,2017,240094.2447
1560,5,2,Rural,1961,213618.5675
1959,4,3,Rural,2006,254828.5093
1031,2,1,Urban,1983,99658.42336
1390,4,1,Suburb,1984,149127.6008
1276,5,2,Suburb,1978,103228.6335
1531,3,3,Rural,1980,201322.9781
2177,5,2,Rural,2015,204084.141
1382,2,1,Urban,1976,188618.0808
2091,2,3,Urban,1962,244791.6568
2901,5,1,Urban,1991,251995.0279
1883,4,1,Rural,1969,183741.8113
1213,2,3,Urban,1952,212935.7755
2678,5,2,Urban,2003,252127.8907
1375,4,1,Urban,1966,126086.9705
1743,3,3,Rural,1965,196865.225
1212,4,2,Rural,1987,192831.021
1078,2,2,Urban,1968,117633.5861
2749,4,1,Rural,2013,226370.2691
1627,4,3,Suburb,2016,249043.3959
1603,3,2,Rural,1985,303775.7494
1781,5,3,Urban,1957,199144.351
2946,4,2,Urban,1988,362220.4314
2404,3,3,Rural,2016,223260.555
2000,2,3,Urban,1982,283225.982
1679,5,3,Suburb,1997,266903.6131
1057,2,1,Urban,1995,159501.5416
2819,5,2,Rural,1982,356575.6927
2049,4,2,Rural,1965,287449.7692
1880,4,1,Rural,1986,214776.2073
1446,5,2,Rural,2017,70829.8175
1065,2,2,Urban,1999,120262.984
2944,2,1,Rural,1954,274809.256
2783,2,1,Rural,2014,272816.9939
2277,4,1,Suburb,1993,270239.0504
2922,5,3,Urban,1968,345222.6193
2991,5,1,Suburb,1995,258926.032
2067,2,3,Urban,1955,262246.9465
2120,4,2,Rural,1997,237816.9349
2577,5,1,Urban,2014,334629.6946
2011,5,1,Rural,2008,244904.1706
1226,2,1,Rural,1981,154917.6625
1773,2,1,Suburb,1960,170531.2263
1678,5,2,Urban,1967,238486.8165
2459,4,3,Urban,1963,311911.9998
2814,3,2,Rural,1958,315312.6609
1600,5,3,Suburb,2010,214499.2518
1378,5,2,Suburb,1951,190032.1276
2201,4,2,Rural,1978,248895.7323
2450,5,2,Suburb,1966,231846.2277
2938,3,1,Suburb,2008,258762.1383
1708,4,1,Suburb,1974,167482.0916
1306,3,3,Rural,1979,231373.9089
1778,3,2,Suburb,1957,257274.4457
1503,5,1,Rural,2002,223601.1649
1267,3,2,Rural,1983,60226.03623
2609,5,2,Rural,1960,321602.6025
1007,5,3,Urban,2009,180894.9181
2943,4,3,Rural,1997,340432.9106
1507,4,2,Urban,1977,202787.4775
1475,4,2,Urban,2004,203692.0315
2320,5,2,Urban,1988,286749.2869
1163,3,3,Rural,2011,149155.7128
1484,3,3,Suburb,2012,127678.3628
2620,4,1,Urban,2006,278907.9416
2095,4,3,Urban,2003,143133.1477
1566,5,2,Suburb,1971,168563.0109
1904,2,2,Urban,1998,247619.1691
1558,2,3,Urban,2016,121452.2986
2934,5,1,Urban,1981,281762.2314
2967,2,3,Rural,1991,250149.0714
1237,2,3,Urban,2018,254997.2311
2127,2,2,Suburb,1959,287641.5601
2233,4,2,Suburb,1989,227150.529
1553,3,1,Urban,2003,298798.4605
1827,3,2,Rural,1957,265677.6989
1467,4,1,Urban,2021,223645.4544
2477,4,3,Suburb,1974,273304.2063
2291,4,1,Suburb,1989,288881.1294
1385,2,3,Suburb,1955,197949.3419
1774,5,3,Rural,1990,144503.0058
1847,5,2,Urban,1980,233584.9183
1386,2,3,Urban,1971,155560.2732
1876,2,3,Rural,2001,207864.3503
1258,4,1,Urban,2005,194533.3471
1282,4,2,Urban,1971,223123.8601
2649,3,2,Suburb,1968,225521.7167
2898,4,2,Urban,1970,276008.2547
1039,2,3,Urban,1952,115874.9417
1485,3,3,Suburb,2018,222167.7935
1928,4,1,Urban,1955,193398.7175
1219,3,2,Urban,2004,98540.85109
2152,3,2,Urban,1978,254336.6358
2014,4,3,Rural,1950,124352.7441
2023,5,1,Rural,2021,234453.7925
2543,2,3,Rural,2015,388387.6519
1612,2,2,Suburb,1957,199955.3305
1927,3,3,Suburb,1992,177180.877
2915,5,1,Urban,2017,326510.2445
1687,5,1,Rural,2011,159679.7221
2642,4,3,Suburb,1978,229142.5981
1612,4,2,Urban,1990,170287.5255
1259,2,3,Urban,1985,106782.6315
1989,4,3,Suburb,1964,297026.0565
1965,4,1,Urban,2009,316948.7098
1365,3,3,Rural,2021,154675.5077
2781,5,1,Urban,1956,290229.1629
2810,5,1,Suburb,2006,326710.6437
1543,4,3,Rural,1980,146959.529
1648,4,1,Rural,1969,178623.215
2547,4,3,Rural,1966,286760.4942
2930,2,2,Suburb,1961,272043.0326
1813,2,2,Suburb,1951,139617.314
2910,3,1,Urban,1999,327108.7778
2039,2,2,Urban,1993,243155.5096
2152,5,2,Urban,1967,201204.8839
1574,2,3,Urban,2005,201584.1669
2132,5,3,Suburb,2003,235097.2759
2910,2,2,Urban,1957,285903.2477
2012,2,2,Suburb,1984,128249.2786
2556,3,3,Urban,1963,316114.9881
1669,4,3,Rural,1983,182254.2886
1268,4,2,Urban,1967,143884.1888
2185,4,1,Urban,1951,272931.5474
2283,3,3,Suburb,1971,320617.2642
1923,5,3,Urban,1986,203412.4255
2125,2,2,Suburb,2011,237631.1696
2529,3,2,Suburb,1952,357697.4764
2758,5,1,Urban,2007,321218.7801
2594,3,3,Suburb,2016,269835.6282
1246,3,2,Urban,2010,238678.6593
2663,5,2,Suburb,2013,232404.4098
2818,4,1,Suburb,2003,319694.0849
2860,2,1,Rural,1971,275568.6761
2560,4,3,Rural,1977,315530.2763
1130,3,2,Suburb,1966,158644.9256
1352,5,2,Suburb,1977,10608.35952
1195,3,3,Suburb,1981,195120.0114
2816,4,1,Suburb,2017,321258.3609
2939,4,3,Urban,2010,400094.0087
1929,4,3,Urban,1999,174309.4931
2689,2,3,Urban,1979,277487.7076
2405,4,1,Rural,1990,303638.8574
2021,2,1,Urban,1955,211268.2143
1644,2,2,Suburb,2002,177846.2666
1226,4,2,Rural,2007,17865.52342
1700,5,3,Suburb,1950,193268.0061
2499,3,2,Urban,1980,341331.6543
2500,3,1,Rural,1969,306038.3193
1264,2,2,Suburb,2021,144446.7458
2395,2,2,Suburb,1987,205534.2256
2509,2,1,Suburb,2005,253878.9885
2457,3,2,Urban,1995,182843.8214
1645,2,1,Urban,1959,226101.9088
1210,5,2,Suburb,1987,185190.4499
2595,5,2,Urban,1963,279697.4741
2963,2,3,Suburb,1974,376439.8719
2400,3,2,Suburb,2009,308498.0569
2418,4,3,Urban,2009,315292.6392
2473,3,2,Suburb,1967,340270.5433
1942,4,3,Suburb,1968,321863.0956
2387,4,2,Suburb,1974,243070.277
2899,2,1,Suburb,2003,281121.2189
1456,5,2,Suburb,1972,146129.5174
1724,2,1,Suburb,1982,137721.0974
2751,4,1,Rural,2000,223904.5451
2249,2,3,Rural,1980,221400.0773
1981,4,1,Suburb,1955,213111.6274
2154,2,1,Suburb,1976,171037.5397
1587,5,3,Suburb,1962,169482.7446
1475,5,2,Urban,1955,169113.5588
2821,3,2,Urban,2000,285759.4305
1985,4,1,Rural,1996,195282.8048
2300,4,3,Rural,1989,239475.9733
1155,2,2,Rural,2015,151469.8015
2783,3,3,Urban,2012,270676.9921
2241,5,3,Rural,2015,195312.5014
1189,2,1,Suburb,1986,132634.3704
2440,3,3,Rural,2008,229133.6831
1980,5,1,Rural,1987,242969.5914
2698,2,3,Suburb,1972,216124.6818
2715,5,1,Suburb,2020,319328.9946
1545,4,2,Rural,2018,180511.8658
1040,3,3,Urban,2010,160345.9863
1306,5,1,Rural,1974,68571.64039
1942,3,2,Urban,1952,124893.4331
1337,2,1,Urban,1983,145134.3363
2337,3,1,Suburb,1982,194750.6966
2098,2,1,Urban,1970,197617.714
1952,3,1,Rural,2003,285516.1574
1278,2,1,Urban,2013,152510.1994
2199,2,3,Urban,1969,192154.8691
1895,2,2,Rural,1980,216072.918
2685,5,2,Suburb,1992,293911.4044
1272,4,2,Urban,1999,157517.3086
1836,3,3,Rural,1962,333349.092
1619,4,1,Urban,1990,225407.2119
2674,4,3,Urban,2013,210995.7361
1861,4,1,Urban,1982,342071.536
2806,4,3,Urban,1989,282795.3627
2882,3,2,Rural,1986,312766.897
1930,3,3,Urban,2002,144580.451
1288,4,1,Rural,1985,145150.6403
1723,3,2,Suburb,2001,151304.0972
1892,3,2,Suburb,1957,188206.8518
1271,2,1,Suburb,1972,114197.0098
2953,3,1,Rural,1978,371859.3642
2089,5,3,Rural,1961,249983.3331
1482,4,1,Rural,2016,262268.4808
1935,3,1,Suburb,1950,200591.2071
1247,4,1,Urban,1965,155837.9885
1155,3,2,Rural,2016,141160.282
2070,4,1,Suburb,2017,286116.4175
2958,5,2,Rural,2002,386060.189
1453,3,2,Rural,1984,135675.6119
1200,3,2,Suburb,2014,103547.1715
2683,5,1,Rural,2019,281391.5305
1123,3,1,Rural,2019,103542.4576
1000,4,2,Rural,1999,44328.56965
1967,5,3,Suburb,1974,234684.7251
2782,2,3,Suburb,1976,322746.8151
1854,4,3,Rural,1954,227105.7039
1639,3,1,Suburb,2015,173415.878
1190,4,2,Rural,2011,167062.5887
2602,5,1,Rural,1989,375442.841
1515,3,2,Rural,2002,189495.8617
1441,3,3,Rural,1988,145159.4862
2944,5,1,Urban,1953,352112.0054
2838,2,3,Urban,1958,365776.6222
2829,3,2,Rural,2020,335231.1489
1142,3,3,Rural,1991,189596.5819
2214,3,2,Suburb,1954,220116.7198
1532,2,1,Rural,1980,178255.379
1226,4,1,Suburb,2011,256087.2162
2336,2,3,Urban,1990,277717.3153
2652,4,1,Urban,1978,247417.3431
1948,3,2,Suburb,1977,190316.1206
2325,4,2,Rural,1987,349276.7682
2677,4,3,Suburb,1977,295605.5076
1459,4,2,Urban,1958,210981.3653
2424,4,1,Rural,1980,240166.3912
1550,3,3,Rural,1962,133251.3512
1392,5,3,Rural,1971,119260.3399
2890,2,1,Urban,1991,323538.1668
2787,4,1,Rural,1986,406293.7976
1844,3,1,Urban,1985,221015.4587
2230,3,3,Urban,1960,275974.4387
1209,3,3,Urban,1965,137408.9982
2138,3,2,Suburb,1970,195853.7893
2760,4,3,Urban,2003,274297.0405
1645,2,3,Urban,1958,132560.4222
2274,3,2,Suburb,1989,232220.9742
1218,2,3,Rural,2000,107820.1404
1406,2,2,Suburb,2019,162869.3558
2466,2,2,Rural,1971,349892.1098
2626,5,2,Suburb,1978,360892.7043
2377,3,1,Rural,1973,247604.0042
1887,3,1,Suburb,1980,169670.7126
1557,3,3,Suburb,1991,205137.018
1549,2,2,Urban,2004,68475.27042
1141,3,1,Rural,1951,147901.2557
1611,3,2,Suburb,2021,104059.3401
1500,2,2,Suburb,1999,175201.5389
1839,3,1,Rural,2019,253862.1467
1701,4,2,Suburb,1978,235566.0283
2570,5,3,Suburb,1972,355213.444
2682,4,3,Urban,1989,287862.6345
2565,4,3,Urban,1985,297895.1296
2869,4,3,Rural,1977,317302.2322
2530,2,1,Rural,1973,291016.7183
1595,3,1,Urban,2004,113317.5104
2904,4,3,Suburb,1998,315256.905
1280,4,1,Suburb,1953,156860.71
1423,3,3,Urban,1997,183343.9669
1855,2,1,Suburb,1962,157581.9339
1269,4,1,Rural,1993,209453.7758
1153,3,2,Urban,2008,137684.3437
1613,3,3,Suburb,1971,205394.1695
2750,5,2,Suburb,1956,247935.0819
1661,4,3,Rural,1978,158775.4454
2967,4,1,Rural,1987,306938.1353
1082,5,3,Rural,1966,224304.7905
2645,3,2,Rural,1973,320580.0181
1946,3,2,Urban,1963,296641.4426
1898,4,1,Urban,1956,167532.3564
2449,4,2,Urban,2014,372438.854
2298,5,1,Suburb,2001,291969.0126
2736,4,1,Suburb,1954,348097.1657
1283,4,1,Suburb,1960,78110.98913
1979,2,1,Suburb,1996,140939.6711
1172,5,1,Suburb,1970,113306.384
2350,3,2,Urban,1977,280666.8586
2741,4,2,Rural,1962,339074.5485
2086,3,2,Urban,1983,236893.4159
2096,4,2,Rural,1970,188290.6659
1762,2,1,Rural,2007,248401.3455
2659,5,3,Urban,1956,325534.1759
2398,5,3,Rural,1979,216310.2162
1632,3,3,Rural,1991,102071.5414
2531,2,3,Suburb,1975,246225.8841
1786,3,2,Suburb,2001,155846.4491
1942,2,1,Rural,2008,210449.7209
2011,4,2,Rural,1994,243026.9293
1397,4,2,Rural,1982,145943.6948
2143,2,2,Urban,2017,256725.4007
1933,4,1,Rural,1984,216196.5571
2460,5,2,Rural,1996,216100.2362
2852,2,1,Suburb,1976,277857.0655
1675,2,3,Rural,1988,190902.8594
1935,3,2,Rural,1977,163833.6088
1464,2,1,Suburb,1969,173816.425
1285,3,2,Rural,1971,272519.9566
1264,2,3,Rural,1975,220773.3394
1319,5,1,Urban,2005,196887.9027
1672,5,3,Rural,1973,274736.8883
2399,5,3,Suburb,1951,299828.0247
1819,3,1,Rural,2016,218296.2582
1088,3,2,Rural,1965,133198.1876
2677,4,1,Rural,1989,347047.8911
2226,3,3,Rural,1976,282832.9168
1820,3,1,Suburb,1981,139822.3035
2762,5,2,Suburb,1968,274068.9383
2000,2,1,Rural,1967,307553.0275
2978,3,3,Rural,1952,317102.3853
1333,4,2,Suburb,2010,173453.9563
1221,2,2,Urban,1977,108866.0603
1040,3,1,Rural,1970,182616.0428
2731,2,1,Rural,1953,310978.374
1067,2,1,Suburb,2014,118139.2021
1987,2,3,Rural,1967,244869.5004
2799,2,2,Rural,1986,284346.1624
1513,2,2,Rural,1979,147245.1969
2896,3,2,Rural,2018,250188.231
2660,2,2,Suburb,2001,308820.2539
2645,2,2,Rural,2013,341165.4481
2621,4,3,Urban,1987,313765.9659
2960,4,2,Suburb,1966,291431.5104
2655,2,1,Suburb,1961,281097.2958
2150,3,3,Urban,1980,329700.8597
2278,4,3,Urban,1960,290967.9587
1694,4,2,Rural,1973,103481.3448
2039,2,1,Urban,1975,196307.4148
1476,3,1,Rural,2003,76517.84999
2085,5,2,Rural,1964,311118.6737
1880,3,3,Rural,1960,211850.7101
1431,4,2,Suburb,1977,203919.0315
2693,4,3,Rural,1990,311970.9077
1267,4,2,Rural,2011,121389.4541
2058,4,1,Suburb,1984,301908.192
1778,4,2,Rural,1992,148993.0823
2599,2,1,Suburb,1990,190661.6049
1493,2,2,Suburb,2005,209050.0327
2585,2,1,Rural,1982,319018.8429
2492,4,1,Rural,2003,284315.6615
2790,2,1,Rural,1965,338959.502
1660,4,1,Suburb,2000,142039.2246
2348,3,1,Urban,1970,218545.9457
2327,5,2,Suburb,1967,246371.0789
2299,3,2,Urban,1963,180916.2914
2892,5,2,Urban,1968,393404.2513
2986,2,3,Rural,2021,317052.3342
2707,5,1,Suburb,1961,246655.4868
2952,3,3,Suburb,2018,240502.0301
2012,3,1,Suburb,2013,189205.3339
2224,5,1,Suburb,2000,264060.1288
2468,3,2,Urban,1987,222722.2746
2928,2,3,Rural,1983,323452.1164
2347,3,1,Urban,2018,240661.3174
2058,5,2,Urban,1973,270790.4198
1976,2,3,Urban,2002,148218.1001
1481,5,3,Suburb,1965,101234.7918
1727,4,1,Urban,1989,244247.6268
1479,4,1,Suburb,2015,135750.6503
2088,2,2,Suburb,2014,344249.3356
2031,2,3,Suburb,1989,164129.1042
2324,3,3,Suburb,2001,317217.8931
1342,5,1,Urban,1998,238184.5595
2454,4,2,Urban,1994,243890.6421
2447,3,3,Suburb,1969,299067.2481
1331,4,1,Rural,2020,146981.4099
1437,3,3,Suburb,1980,217962.8391
2611,3,3,Urban,1988,256208.2276
1173,4,3,Suburb,1958,167452.2504
1558,3,2,Urban,1962,148845.3044
1526,4,2,Urban,2018,288205.0827
2896,2,2,Rural,1968,353308.1256
1658,5,2,Urban,1991,191347.5326
1025,3,3,Suburb,1964,189393.436
1819,4,2,Urban,2001,183392.4406
1604,4,1,Suburb,1977,196941.3386
1405,5,1,Rural,1999,169089.1791
1231,5,1,Rural,1964,175360.0498
1532,5,1,Urban,1968,202785.9674
2842,3,1,Rural,1984,256342.4341
2573,4,1,Urban,1985,336301.4317
2811,3,3,Rural,1982,266541.4418
1504,3,2,Urban,1988,206804.834
2692,2,1,Urban,1986,335831.8892
1178,5,1,Suburb,1998,226191.0346
1131,2,2,Urban,2002,201836.0999
2846,2,2,Suburb,1973,238321.8794
2478,3,3,Urban,1988,347219.7223
1347,3,1,Urban,1974,176995.1186
1539,4,1,Urban,1983,128850.9294
1771,2,1,Rural,1959,128568.4959
2429,5,3,Rural,2009,174262.5225
1075,2,2,Urban,2013,18134.11801
2964,4,3,Rural,2005,269043.6619
1578,2,3,Urban,1966,75432.4312
1853,2,1,Suburb,1991,195884.919
2515,2,2,Suburb,1991,231411.2438
1193,4,1,Urban,1996,181275.1623
2185,2,3,Suburb,1990,311641.7827
1346,3,3,Suburb,1980,145078.0156
1950,2,2,Rural,2014,127287.9431
2384,3,2,Suburb,2020,219281.7959
2792,2,2,Urban,1980,282830.1338
2607,3,1,Rural,1976,373123.1345
2110,2,3,Urban,1953,139411.203
2957,5,2,Urban,1974,372781.8685
2285,3,2,Urban,1979,323426.5253
1213,5,2,Suburb,2015,210426.6543
2688,3,1,Suburb,1996,222572.8828
2745,2,1,Rural,1988,275684.0461
2936,4,1,Urban,2005,272193.4163
1572,2,1,Suburb,2008,108637.5695
1779,4,2,Urban,1990,243951.8891
1261,5,3,Suburb,1980,158073.4932
1729,4,3,Urban,1984,192838.1298
1282,4,2,Urban,2000,87163.1192
2671,4,3,Urban,1982,243472.6085
2490,4,1,Suburb,2007,227226.5617
2403,5,1,Suburb,2018,251280.0211
1361,4,1,Suburb,1970,264542.2269
2472,2,2,Suburb,2017,187265.8348
1440,3,1,Rural,1957,240599.1005
1092,3,1,Urban,2001,155774.7049
2644,2,1,Suburb,1979,235626.7787
1752,5,3,Suburb,1982,256831.4351
1866,2,2,Urban,1994,97790.01765
2447,2,2,Urban,2003,176544.8308
1141,4,2,Urban,1981,81558.9079
2314,4,3,Suburb,1982,262493.2863
2455,5,1,Rural,1986,289615.3404
1748,5,2,Rural,1991,196115.3151
2875,3,2,Rural,2013,320582.2153
2847,5,1,Rural,1986,262925.8907
2712,2,1,Urban,1978,433613.9987
1652,3,3,Rural,1952,179223.0976
1700,3,2,Rural,2001,68423.28375
1997,4,2,Rural,1981,262963.9537
1048,4,2,Rural,1995,97983.48638
2325,3,3,Urban,1950,212039.7038
1880,4,2,Urban,1996,229092.12
2213,4,2,Suburb,1973,281852.5342
2159,4,2,Urban,2014,242669.93
1554,3,3,Rural,1979,211811.6799
1403,3,2,Suburb,1961,131536.3512
1891,3,2,Suburb,1983,280727.6063
1864,2,3,Urban,1953,231531.1464
1601,3,2,Suburb,1987,119072.2595
2830,4,1,Urban,1989,343160.2954
1340,3,3,Suburb,1979,156720.7927
2780,2,1,Rural,2017,245715.4515
2968,4,1,Rural,2001,251600.8542
1703,5,2,Rural,1950,112518.3085
1317,3,2,Suburb,1979,225621.7119
1617,3,2,Urban,2007,206275.8199
2386,5,3,Suburb,2003,263665.1389
2845,4,3,Rural,1999,401747.941
1381,3,3,Suburb,2017,285046.8545
1232,2,1,Rural,1995,183435.7285
2800,4,3,Rural,1954,332944.6379
2367,3,3,Urban,1963,278920.3832
2572,4,2,Rural,1956,339348.8007
1816,3,1,Urban,1988,205728.1597
1552,5,3,Suburb,2016,88296.55893
2552,3,2,Urban,1965,257936.0589
1855,4,2,Urban,2005,192065.1448
2812,3,3,Rural,2011,272586.038
1818,3,1,Rural,1992,228535.9079
2594,4,1,Urban,1984,156944.052
2958,3,3,Rural,1975,216716.0645
1182,3,3,Suburb,1955,150407.4873
2064,4,3,Suburb,1967,241638.8551
2574,5,1,Rural,2018,289319.962
1396,2,1,Urban,1970,131890.0605
2727,2,2,Suburb,1989,305166.7005
1778,2,2,Urban,1990,175896.6371
2517,2,1,Suburb,1967,301625.0367
2682,2,2,Suburb,2007,135953.2757
1906,2,1,Rural,1969,202862.6338
2356,4,2,Rural,1984,269190.7292
1126,4,3,Urban,2013,60804.94938
2581,4,1,Rural,1988,170719.9797
2580,3,2,Rural,2002,275355.6383
1000,5,3,Rural,2000,72076.31198
2191,5,2,Suburb,1989,206255.7907
2643,2,2,Urban,2001,311423.6844
1018,2,3,Urban,1952,140292.9648
2355,4,3,Urban,2020,311412.2452
1583,5,1,Rural,1958,302767.1725
1455,3,2,Urban,1974,192972.8325
1956,3,3,Urban,1969,299315.5733
2132,4,2,Suburb,1958,208291.3462
2291,2,3,Urban,1958,160018.1998
1444,5,1,Rural,1964,93572.73267
2263,3,3,Suburb,1979,162554.1208
2952,2,2,Suburb,1965,347902.5458
2324,5,2,Suburb,2002,381612.4555
1601,3,1,Urban,1972,146310.0148
1102,2,1,Suburb,1967,5796.058628
1987,3,3,Suburb,1964,219872.1394
2273,2,3,Suburb,1999,231772.1841
2476,2,2,Urban,1991,207820.5022
1519,2,3,Suburb,1980,212490.7677
2176,5,1,Urban,1962,214892.5474
1858,4,3,Rural,1954,225981.2264
1173,2,1,Urban,1974,154462.4909
2366,2,2,Rural,1969,254254.7796
2693,3,3,Rural,1981,274488.2879
2004,3,1,Rural,1998,217304.484
1430,5,3,Suburb,1953,134381.7851
1726,4,1,Urban,1966,205793.3172
2712,3,1,Urban,2016,313963.2355
2710,5,1,Suburb,1953,232696.6138
2875,5,3,Urban,1998,276767.4531
1849,5,1,Suburb,2013,199237.4731
2681,2,3,Suburb,1992,255032.6897
2985,4,1,Urban,2018,271460.2252
2347,4,1,Rural,1994,258853.6884
1989,4,3,Rural,2005,254275.8225
2696,2,3,Rural,1950,165430.1393
1638,2,3,Suburb,1999,194696.1609
1419,3,2,Rural,2005,213825.2754
1593,3,2,Suburb,1993,115201.6148
1484,3,2,Suburb,1973,231837.661
2682,5,1,Rural,2006,326169.4444
2774,4,1,Rural,1977,246187.2039
1411,2,1,Suburb,2019,95147.82512
1935,3,3,Suburb,1986,218435.0082
2107,5,2,Rural,2001,216101.8159
2136,2,1,Urban,1977,192390.917
2760,5,3,Suburb,1995,413360.7352
1331,5,2,Suburb,1972,214876.6484
2401,5,2,Rural,1994,239283.8351
2778,4,3,Rural,1957,322665.5162
1654,2,1,Rural,1992,183267.2618
1040,2,2,Suburb,1998,156117.8359
2958,5,1,Rural,1988,314293.0422
2793,4,1,Urban,1957,376855.8785
1958,5,1,Urban,2016,307868.3297
2820,3,1,Rural,1990,297071.1216
1104,2,1,Suburb,1971,147394.1167
1201,2,1,Rural,1999,171661.8003
1449,4,1,Rural,2016,166025.2637
2842,2,3,Suburb,1977,290441.6701
2866,2,1,Urban,1980,328221.7647
2996,2,1,Urban,1961,324553.1471
2289,4,2,Suburb,2015,331590.5023
1909,5,2,Rural,1963,239942.9683
1209,2,1,Rural,1990,225647.7395
1562,5,2,Suburb,1993,128273.6085
2141,4,3,Urban,1995,221440.6608
1712,5,3,Suburb,2004,176350.4253
2400,3,3,Suburb,2004,251676.7993
2574,2,2,Urban,2020,258226.5758
2563,4,3,Suburb,1994,200856.3807
1770,4,3,Rural,1966,267453.033
2107,5,2,Rural,1979,241059.8971
1453,2,1,Suburb,1993,148814.2331
1666,4,1,Suburb,2016,185248.4301
1628,3,1,Urban,2015,182089.2827
2537,5,2,Suburb,1993,265746.0268
2628,3,1,Rural,2010,200926.9207
2701,3,3,Urban,1974,313326.9827
1386,5,1,Suburb,1998,172625.0783
2935,3,3,Rural,1984,330661.073
2373,5,1,Suburb,1984,213543.8908
1295,5,1,Suburb,2000,174626.4144
1257,4,1,Urban,1998,10094.56966
2104,4,2,Suburb,2020,345670.4575
2960,3,1,Urban,1951,357346.9081
1267,3,3,Urban,1991,116625.7064
1418,3,3,Suburb,1971,282733.4011
1234,3,1,Urban,2003,130872.1965
2856,3,2,Urban,1994,226021.3897
2334,4,1,Urban,2011,172303.9425
2836,3,1,Urban,2013,243418.0547
2998,3,3,Suburb,1962,366164.7072
1985,2,2,Urban,1967,228898.7303
2380,5,3,Suburb,1954,343663.1928
2236,5,2,Rural,1975,321311.4733
1573,4,1,Suburb,1984,259362.2082
1048,5,3,Urban,1976,109293.0593
2150,3,1,Urban,1956,227462.4409
1222,5,1,Rural,1956,99768.14255
1920,4,3,Rural,1958,256977.5085
2302,5,1,Suburb,1969,190057.0871
2431,5,2,Rural,1960,301366.2998
2528,2,1,Urban,1960,218312.2533
2317,2,2,Suburb,2009,267479.2428
2819,3,1,Urban,2001,207258.876
1276,5,2,Urban,1966,142136.4225
2461,3,3,Urban,2016,211562.0758
2130,5,1,Urban,1994,194044.2893
2681,3,3,Rural,2001,289744.9749
1419,3,3,Suburb,2016,76391.60247
1610,5,2,Urban,2002,130997.0802
2452,2,1,Urban,1996,222311.8404
1374,4,3,Suburb,1961,201209.1293
1072,3,1,Urban,1969,93450.96071
2972,4,2,Suburb,1975,309959.3769
2657,5,3,Suburb,1979,257057.5474
2053,3,2,Rural,2009,191672.3893
2211,5,3,Suburb,1993,283745.8968
2387,3,2,Suburb,1963,297658.4793
2889,2,1,Suburb,1959,336350.7238
2823,3,3,Urban,2001,410138.5709
2474,3,3,Suburb,1958,311093.6534
1194,3,1,Suburb,2006,169533.7707
2179,5,3,Rural,1956,197012.7905
2195,2,2,Rural,2013,216315.2227
1846,5,3,Rural,1957,239698.0123
2064,4,3,Rural,2020,273423.3474
2086,2,3,Suburb,1978,288253.8897
1022,3,2,Urban,2004,100397.6653
1359,3,1,Urban,1961,207616.2237
2098,3,2,Urban,1998,221191.1642
1559,4,2,Rural,1995,217002.248
1671,4,3,Rural,2009,103320.041
2848,3,3,Suburb,1968,390962.6381
2141,3,1,Rural,2001,274760.4721
2635,4,3,Suburb,1996,269129.4894
2403,5,2,Suburb,1975,303317.996
2952,2,3,Urban,1996,354276.0037
2943,2,3,Rural,1956,394039.6355
1678,4,1,Rural,1972,174690.0675
2313,4,2,Suburb,2020,211839.2555
1439,5,2,Urban,1954,203558.9536
2691,3,1,Suburb,1955,269191.0936
1932,4,2,Suburb,1974,300123.4988
1006,5,2,Suburb,2004,116681.8387
2219,4,3,Rural,1981,265338.8287
1420,3,1,Rural,2014,132064.9067
2591,4,1,Rural,2009,292448.1766
1832,3,3,Urban,2020,212327.7064
2216,5,1,Rural,1956,189174.0494
1558,2,1,Urban,1955,179717.1683
2171,5,3,Urban,1984,179682.1229
2810,2,3,Rural,1963,347410.2033
2692,5,2,Rural,1997,367198.7841
2225,2,2,Urban,1964,206202.6604
2467,5,3,Rural,2009,324024.1039
1913,3,1,Suburb,2013,204076.6553
2442,2,3,Urban,1986,294893.9772
2450,2,3,Rural,1953,277082.8173
2006,3,3,Urban,1962,203780.8043
2502,3,2,Urban,1989,211052.605
2498,2,3,Rural,1983,339160.7429
1125,2,1,Rural,1997,195181.5428
1394,2,3,Urban,2009,158408.5472
1816,4,3,Rural,2005,183558.1218
1880,5,3,Rural,1992,238701.8145
2829,3,2,Urban,1997,291824.8522
1575,3,1,Suburb,1994,113120.971
1324,5,1,Rural,2001,194064.9528
2415,3,2,Suburb,1981,263549.1863
1929,3,2,Suburb,2012,198296.3394
2711,2,2,Suburb,2014,256428.9069
2651,3,1,Suburb,1991,287705.719
2463,4,1,Rural,1997,268952.3994
2227,4,3,Suburb,2005,278211.514
2509,2,1,Urban,1960,283850.3074
1832,2,2,Rural,1992,237428.6904
2054,3,1,Rural,2011,123569.7427
2411,2,1,Suburb,1951,262592.5312
2648,2,1,Rural,1976,319839.9929
2900,5,1,Suburb,2019,343501.2377
2457,2,3,Suburb,1950,330123.9485
1836,4,2,Rural,1988,172967.0631
1925,3,1,Urban,2009,233181.4307
2399,2,2,Rural,2000,209977.8544
2367,5,2,Rural,1968,368184.358
1442,3,1,Rural,1950,138937.5606
2602,3,3,Urban,2005,271146.503
1074,3,3,Rural,1995,164116.0081
1556,5,3,Rural,1950,151908.0929
2795,4,1,Rural,2011,236582.4447
2689,5,1,Rural,1966,376763.8077
2178,5,1,Rural,1958,306467.8744
2453,3,1,Urban,1992,289370.0393
1362,5,1,Rural,1988,144986.9272
1447,3,2,Rural,1958,209380.3084
2257,2,2,Suburb,1960,164767.2974
2586,2,1,Rural,1960,196015.4026
2841,5,3,Suburb,1975,258694.4836
1261,4,2,Rural,1958,134324.6183
2850,3,1,Rural,1958,323192.9772
1124,5,1,Rural,1957,110375.8594
1910,5,2,Suburb,2003,200687.9687
1244,4,2,Urban,2018,130524.4645
1541,3,1,Urban,2018,206021.7182
2961,5,3,Urban,1964,324950.1989
1484,4,1,Rural,1983,152706.8476
1121,3,2,Urban,1950,60278.93214
1124,2,2,Urban,1967,105681.8274
2572,4,1,Suburb,2016,262901.3979
1169,5,2,Urban,1963,58068.50679
1123,2,1,Rural,1976,109315.2067
2892,3,3,Rural,1956,304647.7649
2058,4,3,Rural,2001,192263.2344
2110,2,1,Suburb,1965,231908.6404
1645,2,2,Rural,1991,237441.3097
2731,5,2,Suburb,1981,412072.7991
1785,2,3,Rural,2018,185785.885
1200,5,2,Rural,1951,112562.6683
1368,3,2,Suburb,2016,114712.9061
1796,5,1,Urban,2020,231738.5856
1076,4,3,Suburb,1951,43579.97233
1058,2,3,Suburb,1955,191220.37
1430,3,1,Rural,2018,113543.4329
1637,5,1,Suburb,1960,232841.1801
2523,5,3,Suburb,1968,218386.9006
2936,5,3,Rural,1996,381014.0425
1108,3,1,Rural,2018,152144.4806
2759,3,3,Urban,2021,296765.6338
2007,4,3,Suburb,1999,231951.386
2301,3,2,Urban,1963,239499.1325
1067,5,3,Urban,1952,158226.1161
2092,3,1,Urban,1953,142003.9215
2188,5,2,Rural,1982,264786.0527
2512,4,2,Suburb,1989,285341.5317
1304,4,3,Urban,1986,105017.93
2932,5,2,Rural,1975,317682.3473
1673,3,1,Rural,1961,232381.1703
1364,3,1,Suburb,2001,127072.7846
2877,2,3,Urban,1992,353207.3734
1820,4,3,Rural,1976,222591.3051
2402,4,1,Urban,1950,287943.6391
1342,5,1,Suburb,1969,123130.3248
1946,2,3,Urban,1967,279936.7229
1898,3,1,Rural,1955,197074.8135
2577,5,3,Urban,2020,270419.0639
2377,3,2,Rural,2005,301143.078
2439,3,2,Urban,2019,271642.3595
2132,3,3,Suburb,1954,228185.7944
2586,2,3,Suburb,1997,332524.7936
1761,4,3,Rural,2016,214158.6463
2520,4,1,Suburb,2018,299213.7207
1340,3,3,Suburb,2007,154517.9613
1941,2,3,Urban,1957,172704.0695
1382,3,2,Urban,2014,152367.0158
2003,3,3,Urban,1984,171660.7264
2556,5,3,Urban,1953,341928.8822
1299,2,2,Urban,2018,108683.276
1138,2,1,Suburb,1958,190525.4911
1358,4,3,Suburb,2021,156427.7173
1835,4,3,Rural,1996,191213.4898
2522,3,3,Urban,1972,327860.7253
2408,5,3,Rural,1960,363464.941
2627,5,2,Urban,1979,315382.4685
2982,5,2,Urban,1998,357463.9674
2303,3,2,Suburb,1969,267170.7776
2660,4,3,Urban,1968,278186.4738
1482,2,1,Urban,1957,193237.3476
1908,3,3,Suburb,1986,195515.1958
2134,5,3,Urban,2004,269763.7979
1865,5,1,Suburb,1958,142671.6688
1138,3,3,Urban,1974,197338.207
1995,5,2,Suburb,1990,198138.3747
1434,2,2,Rural,1953,110473.7913
1508,3,1,Urban,1972,188414.2852
1272,2,2,Rural,1974,147781.0226
2122,4,1,Urban,1964,217936.3332
2787,5,1,Urban,1988,279901.2538
2873,5,3,Rural,1970,273488.7864
1103,4,2,Rural,1972,166560.8593
2237,4,1,Suburb,1997,253802.9797
2784,4,3,Urban,1987,351278.4103
2687,5,1,Rural,1961,323685.5193
1761,4,2,Urban,1954,209787.9435
1786,3,2,Suburb,2015,167214.3889
1164,4,3,Rural,1996,226347.0096
1998,3,1,Suburb,1995,180257.8872
2876,3,2,Urban,1983,325941.5173
1519,2,2,Suburb,1955,233905.774
2307,3,2,Suburb,1995,299257.5613
1516,3,2,Suburb,1972,199572.7078
1656,4,2,Suburb,1972,153812.3506
1612,5,1,Urban,1953,282739.1263
1163,4,1,Suburb,1951,126505.855
2909,2,3,Suburb,1990,250886.5844
2682,2,2,Suburb,1975,304476.4021
1063,5,3,Suburb,2002,135474.9045
2114,3,1,Suburb,1978,202023.2283
2140,2,1,Suburb,1974,165522.3959
2889,5,3,Urban,2019,389375.2606
1266,4,1,Suburb,1951,203678.135
2845,4,2,Urban,1984,231516.5764
2708,4,2,Suburb,1961,345305.8563
2582,3,1,Urban,2001,277777.874
2163,3,2,Rural,2012,176463.1117
1245,5,3,Urban,1973,145011.4062
2684,2,1,Rural,2020,312011.8404
2781,4,3,Rural,1961,241517.2469
1394,3,1,Urban,1973,147980.0157
2510,3,2,Rural,1970,194798.9311
1475,2,2,Rural,1990,157014.2286
2540,4,2,Rural,2005,260608.5027
1976,4,2,Suburb,1951,274929.069
2207,2,3,Suburb,1977,257837.0483
2043,5,3,Urban,2001,214999.566
2960,5,1,Urban,2014,300450.9708
1557,2,2,Suburb,1975,253579.1751
2017,2,2,Urban,2020,222278.7378
2547,5,3,Urban,2018,258466.3411
2605,2,2,Suburb,1962,273074.4311
2552,4,2,Suburb,1990,353528.6576
1882,5,2,Suburb,1966,238544.913
1146,5,3,Suburb,1959,202634.6626
1665,5,3,Rural,1962,157855.5662
2327,4,2,Suburb,1972,267464.8867
1619,2,3,Suburb,1971,152592.7632
2771,3,2,Suburb,1958,371378.0117
1819,3,1,Suburb,2005,250709.2757
1863,4,2,Suburb,2006,252097.7119
1581,4,2,Rural,1967,175671.4289
2022,2,1,Suburb,1984,291850.4366
1694,3,2,Rural,2003,176289.5557
2785,5,2,Rural,1985,356441.1138
2251,4,1,Rural,1954,337270.6123
2125,3,2,Urban,1990,286505.2523
2610,5,1,Rural,2009,306545.1982
2440,5,1,Suburb,1959,196916.6361
2981,2,2,Suburb,1963,373322.7092
2239,4,2,Urban,1986,179116.0882
1406,5,2,Suburb,2000,145345.4854
1398,4,1,Rural,1951,171866.2086
2946,3,1,Rural,1996,308601.6061
1714,3,3,Rural,1969,251929.1026
1703,4,1,Rural,1969,105367.6292
1760,5,3,Urban,1991,209375.8923
1498,5,1,Rural,1958,160602.6856
2777,3,2,Suburb,1990,285345.9463
2488,5,2,Suburb,1996,426908.6825
2714,5,2,Rural,2001,299599.07
2972,3,3,Urban,2015,298219.258
1973,2,2,Urban,1959,313510.6083
2754,3,1,Rural,1988,242996.1142
1081,4,2,Rural,1989,191655.3761
1603,2,2,Rural,1961,193898.4767
2970,4,1,Suburb,1978,359479.6196
2710,2,3,Suburb,2006,261861.5127
2774,2,2,Urban,1980,297564.6903
1771,3,3,Suburb,1969,233188.3072
1902,3,3,Urban,1960,231595.3283
1364,4,2,Urban,1985,174258.4874
1162,3,1,Urban,1971,228139.1147
2071,2,3,Suburb,1995,94290.36691
1510,3,1,Suburb,2010,181045.7861
2352,4,3,Urban,2021,353792.1916
2863,2,2,Urban,1969,327451.0314
1115,4,1,Rural,1988,91001.75417
1940,5,1,Urban,1970,242090.5249
2872,3,3,Urban,2005,419879.2735
1336,2,1,Rural,1988,74239.92964
1880,4,2,Urban,1979,184639.0506
1736,3,1,Suburb,1960,198342.5346
2887,3,1,Suburb,1978,365194.3976
1839,4,3,Urban,1961,236640.034
1146,2,1,Rural,2001,208399.0792
2598,4,1,Rural,1968,286274.0587
2829,3,2,Suburb,1982,317694.6323
2346,4,1,Suburb,1974,254631.5138
1442,5,2,Rural,1966,152902.4725
1836,3,1,Urban,1981,233138.5371
2036,2,1,Urban,1983,239701.5427
1942,5,2,Urban,1950,255951.7001
2517,4,1,Urban,2010,337159.5905
2724,2,1,Rural,2011,278196.8263
1286,5,3,Rural,1986,157496.0501
1719,4,3,Rural,2014,239433.0496
2137,5,1,Urban,1951,147774.7453
1479,3,2,Urban,1965,95984.88301
1021,2,3,Suburb,2004,191273.0368
2372,5,1,Rural,1992,216848.4171
2749,3,3,Rural,1998,304295.2941
1682,4,1,Urban,1967,208626.4036
2858,3,2,Urban,1982,362477.1445
2589,4,3,Urban,1964,261443.066
1905,2,3,Urban,2014,244659.9318
2833,3,1,Rural,2007,260332.9333
1319,3,2,Urban,1975,124516.2924
1125,4,2,Suburb,1985,115182.1253
1276,5,2,Urban,1951,142596.301
2999,4,1,Suburb,1996,287295.3687
2227,5,2,Suburb,1973,245309.8737
1193,4,2,Urban,2006,160966.5546
2704,2,1,Urban,2021,334670.6242
2687,5,2,Suburb,2013,242187.3613
2570,3,2,Urban,1985,219151.5117
1695,5,3,Suburb,1971,155935.6739
2309,4,2,Suburb,1959,261625.0114
1056,4,3,Urban,1990,164034.1691
2757,5,3,Suburb,1990,286397.0988
2326,3,3,Suburb,2008,324337.8015
2186,2,3,Suburb,1962,258730.7941
1018,3,2,Rural,1985,141175.5984
2393,5,3,Urban,2013,322070.3707
1263,4,3,Urban,1990,206155.619
1793,3,3,Rural,1984,229481.7676
1112,4,2,Suburb,2011,70187.86381
2511,4,1,Rural,1970,396186.3509
2350,3,3,Suburb,1952,220788.6715
1541,5,3,Urban,2017,267047.5864
1646,3,1,Urban,1999,75404.70923
1578,2,2,Urban,1967,152740.1846
2088,4,3,Suburb,2016,228160.2905
2315,4,2,Rural,1951,311436.6131
1024,5,3,Rural,2018,166975.693
2572,4,2,Rural,2009,316432.2695
1000,4,2,Suburb,2009,225548.4237
1910,4,3,Urban,1959,315581.2347
2572,3,3,Urban,1991,332974.1111
1140,4,2,Urban,1959,117900.9697
2767,3,3,Urban,1955,299393.0393
1647,5,1,Rural,2020,138120.7662
2924,2,2,Urban,1993,351125.8732
1187,4,1,Urban,2016,104820.4984
2151,2,3,Urban,1995,219018.0551
1200,3,1,Urban,1954,125622.7733
2150,5,1,Suburb,2021,256300.7422
1256,5,2,Suburb,2005,146013.2103
2699,3,1,Rural,2016,270296.9188
1546,2,3,Urban,1958,172150.8155
1193,4,2,Suburb,1978,182827.1201
1702,3,3,Rural,1969,251972.0597
2127,3,3,Suburb,2001,242618.2581
2558,3,1,Rural,2008,273453.9878
2288,3,3,Rural,1983,250536.2405
1801,3,1,Urban,2006,95067.63676
1941,5,2,Rural,1990,243472.8877
2997,3,2,Urban,1995,219808.2989
2407,5,1,Urban,2012,288029.9466
2283,2,2,Urban,2007,332368.885
1413,4,2,Rural,2000,122561.929
2381,5,2,Rural,1999,210605.226
2098,4,2,Rural,1963,242235.8101
2378,4,1,Urban,1985,196332.383
2607,4,1,Rural,2014,236200.2175
2794,5,3,Suburb,2020,389534.8023
1909,5,3,Urban,1957,226052.7698
1187,5,2,Suburb,1978,70820.84359
2996,2,1,Rural,1971,369236.2745
2708,5,1,Suburb,1961,266276.9676
2313,2,1,Suburb,2007,311834.2037
1044,5,3,Suburb,1956,95602.80544
2596,5,2,Urban,1979,343825.9409
1082,4,1,Rural,1967,232660.511
2146,3,3,Urban,2002,256719.6803
1357,4,1,Rural,1981,202068.3007
2551,5,1,Urban,1971,282960.8377
2089,3,3,Suburb,1990,267768.9559
1935,3,3,Suburb,1963,290429.6901
2680,2,1,Urban,1961,210205.7137
1374,3,2,Suburb,2004,93591.25075
1161,2,2,Suburb,1972,8336.559189
2769,4,3,Rural,2000,371453.4799
2403,2,1,Rural,1951,207958.8475
2679,5,3,Urban,1965,346336.12
2381,3,1,Rural,1972,361918.4001
2211,5,1,Urban,1976,352696.5612
1321,3,1,Urban,2001,117115.5068
1449,3,3,Rural,2020,180873.7453
2497,4,3,Urban,1960,299364.9088
2036,2,3,Suburb,1963,265906.9759
1183,4,3,Suburb,2020,85660.50372
1110,2,2,Suburb,1960,223214.4935
2950,4,1,Urban,1994,341504.0146
1507,4,3,Rural,1982,319431.9232
2313,3,1,Urban,1969,241338.5241
1294,4,2,Suburb,2017,186570.6892
2474,4,3,Suburb,1986,295325.9942
1903,2,2,Suburb,2011,177992.5106
2238,4,3,Rural,1982,207578.1882
1973,3,1,Suburb,1985,218965.9637
1631,4,2,Urban,1950,102568.1146
2917,5,2,Suburb,1991,307147.2347
2590,5,3,Rural,2006,351277.9662
2050,2,1,Urban,1956,184106.0041
2653,2,1,Suburb,2021,227113.5872
1732,5,1,Rural,2021,166407.4526
2254,4,1,Rural,1976,224645.0224
2588,4,3,Suburb,2016,254417.5385
2830,2,2,Rural,2009,173254.7482
1320,3,3,Suburb,2020,216311.87
1912,4,1,Urban,1987,302151.6297
2256,5,2,Urban,1967,197072.1913
2693,3,2,Rural,1968,267026.1803
1436,3,1,Urban,1972,194336.0152
1780,4,3,Suburb,1992,277908.4123
2556,3,3,Urban,1957,217886.8039
2426,2,1,Urban,2008,229287.6191
2076,3,2,Suburb,2009,282822.3299
2810,2,2,Suburb,1977,356735.8741
2336,4,3,Rural,1995,166973.4476
2304,3,2,Suburb,1962,219923.6028
1725,5,1,Suburb,2004,210289.9611
1030,5,2,Urban,1989,155480.9097
1336,2,3,Suburb,1952,123653.1058
1182,2,3,Suburb,1972,93579.83343
2046,4,1,Urban,1971,215965.6502
1543,3,3,Rural,1984,199217.9121
2469,2,1,Suburb,1952,173304.1277
2097,2,2,Urban,2001,147501.7296
2033,4,2,Rural,1992,245323.8642
2507,3,2,Rural,1997,279307.3826
2479,3,1,Rural,1975,255021.1286
2589,2,3,Rural,2017,304956.6892
2587,3,1,Urban,2007,306022.5719
1659,3,2,Rural,1999,177904.756
1159,3,2,Urban,2001,129085.8379
2905,5,2,Rural,1992,288533.059
2037,3,2,Urban,1977,210863.6743
2201,5,2,Rural,1997,255837.3012
1411,3,1,Urban,2001,174929.0352
2901,3,2,Suburb,1986,204997.1862
2011,3,1,Suburb,1968,205446.0819
1052,2,1,Urban,1972,140942.4597
1407,2,2,Rural,2003,143653.746
1846,5,2,Suburb,2017,291200.5182
2045,3,2,Suburb,2014,212151.4967
2053,5,1,Urban,1985,235166.0788
1702,3,3,Urban,1992,229619.1179
1259,4,1,Urban,2003,134355.5188
2228,5,2,Urban,1956,372551.4462
2082,2,1,Urban,1951,208341.6765
2494,4,3,Suburb,2019,199194.8548
1775,2,3,Urban,1979,131033.7735
2489,4,3,Rural,1986,265565.8404
2035,4,1,Urban,1977,243045.4762
2654,4,3,Rural,2005,256877.8751
2950,5,3,Suburb,2013,391722.2207
2997,5,1,Suburb,2002,368543.1829
2313,2,2,Urban,1961,263364.5908
1849,5,3,Suburb,2007,254601.9494
2783,2,1,Suburb,1961,349165.2363
1353,3,3,Rural,1956,133042.7603
2662,2,1,Suburb,1992,281569.6626
2098,2,2,Urban,2016,168533.1239
1872,5,1,Suburb,1985,327890.7363
2739,2,1,Suburb,2008,261387.438
2584,5,3,Rural,1981,192298.3291
2614,2,1,Rural,1996,253204.5368
2464,3,2,Urban,1956,246663.9297
1990,5,1,Suburb,1996,262715.0281
2264,5,1,Suburb,1991,287178.2081
2017,3,1,Rural,2010,261654.2479
2884,5,2,Suburb,2000,313504.2413
2177,2,2,Rural,2005,255524.7521
2809,4,1,Urban,1985,194775.3645
2119,5,1,Rural,1992,224268.1111
2749,4,1,Urban,1972,381301.4697
1293,2,3,Suburb,1962,230656.5459
1208,3,2,Suburb,1994,103279.6794
2366,5,1,Rural,2021,260777.2309
2111,4,1,Urban,1999,223531.7186
1817,3,2,Rural,1980,129731.0592
2799,3,3,Suburb,1987,311179.8406
2960,5,1,Rural,2018,299961.822
1389,4,2,Suburb,1980,107121.5561
1324,5,3,Rural,2003,86105.70703
1939,2,2,Urban,1957,257530.9607
1888,3,2,Urban,1961,128579.7891
2855,4,1,Urban,2008,337156.7975
2180,5,2,Rural,2018,293130.6705
1667,3,1,Suburb,2004,157531.7773
2674,5,3,Rural,1981,327005.4592
1632,4,1,Suburb,1975,105857.8982
1576,2,2,Urban,1961,211278.287
2642,2,2,Urban,1958,315578.0209
2682,2,2,Rural,1950,290868.0613
1136,5,1,Suburb,1964,163480.7646
2946,3,3,Suburb,1984,321650.4015
2697,2,3,Suburb,1957,227344.8381
1427,2,2,Rural,1955,174720.044
2475,2,1,Suburb,1971,274858.0688
1611,2,2,Rural,1989,202026.1904
2873,4,1,Urban,1985,309502.5574
1910,4,3,Urban,1996,213173.1168
1818,3,1,Urban,1994,233891.5105
1140,4,1,Urban,2020,23911.00312
2106,4,2,Rural,2017,276339.1048
1176,4,1,Rural,2004,117462.6769
1197,5,3,Rural,2020,154616.6559
1623,4,3,Urban,1987,143028.1254
2591,5,3,Urban,2004,346719.2391
2995,5,2,Suburb,1965,375438.2563
1690,4,1,Rural,1994,199628.2252
2444,5,1,Suburb,1973,219361.7171
1400,2,2,Urban,1998,105502.0307
2721,3,3,Suburb,2001,287963.4563
1470,4,3,Urban,1974,107001.0401
1217,4,2,Suburb,1971,189176.0414
2948,3,2,Rural,1993,321357.5519
1928,4,3,Urban,1998,205244.1572
2851,4,3,Rural,2003,282794.669
2752,3,1,Rural,2013,306857.7993
1631,5,3,Suburb,1995,189708.3893
1950,2,3,Urban,1950,225725.7995
1905,5,1,Suburb,1980,158209.8052
1174,2,2,Rural,2001,78487.66971
1022,3,1,Urban,1952,217985.1954
2748,5,1,Suburb,2011,352610.5563
2940,5,3,Rural,1977,305965.4419
1234,2,2,Rural,1959,95372.94008
2036,2,3,Suburb,1991,181121.4697
2124,2,2,Rural,1975,198645.4588
1928,2,1,Rural,1971,179302.1743
2559,4,2,Suburb,1980,304379.4333
2899,3,3,Suburb,1981,413630.9064
1522,2,2,Rural,1985,274480.6604
2808,5,2,Suburb,2020,413131.017
2475,5,2,Rural,2021,234285.0792
1430,5,3,Urban,1978,225904.9031
1792,2,1,Rural,2021,208535.1416
2629,3,1,Suburb,2019,277956.896
2736,4,2,Suburb,2011,309411.5545
1532,2,2,Rural,1991,203960.9826
2875,2,2,Rural,2005,325873.5476
1978,4,1,Rural,1986,235240.1915
2746,3,3,Urban,1981,321374.6392
2675,2,2,Suburb,1984,286410.9048
2316,5,2,Urban,1960,226853.3943
1809,5,2,Suburb,1956,185174.7972
1912,2,1,Urban,1959,78066.63683
2124,3,1,Rural,2019,276060.6731
2525,5,3,Urban,2008,242453.3819
2327,5,2,Rural,1956,261041.5011
1870,4,2,Suburb,1993,215841.5981
1539,3,1,Rural,1967,194916.2904
2023,2,1,Suburb,1962,237681.9168
2576,4,2,Suburb,1963,326469.9804
2378,4,2,Rural,1965,247220.304
2326,4,2,Suburb,1967,196554.7233
2519,3,1,Suburb,2011,269755.1718
2681,3,2,Suburb,1997,260133.1718
2791,3,3,Urban,2010,336147.2209
2997,2,1,Urban,1962,333157.4832
1226,3,3,Suburb,1987,92229.48911
2259,4,3,Urban,1998,278408.6227
1872,5,1,Urban,1972,167840.5335
1891,2,2,Rural,1968,184775.8859
2478,2,3,Rural,2021,259451.9151
2036,2,2,Suburb,1985,125570.5798
1209,4,3,Rural,1957,212060.6959
1740,3,1,Suburb,2006,157650.0778
1396,4,2,Suburb,1979,116390.3841
2123,5,3,Rural,1955,236581.5011
1030,3,3,Rural,1952,80276.79909
1897,5,1,Rural,1973,344022.8214
2551,2,3,Suburb,1973,303208.2903
1648,2,1,Suburb,1961,105657.4654
1328,4,3,Urban,1984,207185.4407
2189,3,2,Suburb,1985,172147.6875
2482,2,1,Rural,1997,273868.2061
2845,4,3,Suburb,1986,377890.8024
1951,5,3,Rural,1988,214594.0107
2123,4,2,Rural,2013,181444.1339
1620,3,3,Suburb,1952,178342.2743
2878,3,1,Rural,2000,249882.7591
2196,3,3,Suburb,1987,129385.2564
2772,2,3,Rural,1971,344222.0673
1161,4,2,Suburb,1964,165786.0586
2928,5,2,Urban,2012,274669.7314
2751,3,3,Suburb,1983,333743.7914
1775,4,2,Rural,2004,202630.6996
2286,2,3,Rural,1985,211455.1275
2827,5,3,Suburb,1955,336888.9432
1273,5,1,Rural,1961,136840.7506
2026,5,3,Urban,1963,150676.0945
2051,2,1,Suburb,2006,316939.7015
1325,3,1,Urban,1971,239149.9521
1939,2,3,Urban,2012,267202.3747
2172,5,2,Suburb,1992,241699.7188
1539,4,3,Urban,1965,252486.8222
1487,5,3,Rural,1988,155845.7168
1821,4,2,Urban,1961,144196.1649
2461,2,2,Rural,1963,215794.2792
2088,2,1,Urban,1986,289400.8414
1355,2,3,Suburb,2001,97337.19845
2556,4,2,Rural,1999,220946.9995
2275,2,2,Urban,2006,222056.8783
1234,3,1,Rural,1975,83963.67831
1226,5,3,Suburb,1986,168165.0337
2548,3,2,Rural,1967,349692.9092
2336,4,1,Rural,1984,358247.1365
1048,2,1,Rural,1959,126964.0681
1117,5,1,Urban,1967,150812.0164
1053,2,1,Urban,1950,116402.3408
2673,2,3,Rural,1994,283856.4129
1564,5,3,Suburb,1952,162420.2369
2067,5,2,Rural,1994,177724.0947
2838,3,2,Rural,1983,403821.2673
1052,3,2,Urban,2019,83600.30482
2609,3,2,Rural,1971,354235.4732
1557,3,2,Rural,2015,206590.7065
2548,3,1,Suburb,1960,288301.5896
2700,4,3,Suburb,1966,375852.4747
2125,4,1,Rural,1986,230571.8329
2815,2,3,Rural,1968,310624.0118
2793,2,1,Suburb,1981,232290.7966
2872,3,1,Suburb,1960,233052.6586
1867,2,2,Rural,1960,133216.9706
1397,4,3,Rural,1979,228816.9464
2161,4,3,Rural,1951,198248.161
1674,2,3,Urban,1984,159993.0584
2944,3,2,Suburb,1978,380940.9157
1386,4,2,Suburb,2000,116963.7674
1110,5,2,Urban,1954,200812.4154
1613,5,2,Suburb,2018,146233.2501
1016,2,1,Urban,1971,199404.1316
2803,3,3,Suburb,1977,273099.4868
2205,2,2,Rural,1974,173173.1634
1883,3,2,Urban,1953,136688.8532
2559,3,2,Urban,1995,289133.6686
1540,5,2,Rural,1982,322922.6599
1170,4,3,Urban,1972,155120.0489
1408,4,1,Suburb,1987,202512.5229
1739,2,1,Urban,2002,130895.3076
2401,2,2,Rural,2012,324275.4425
2211,3,1,Urban,1953,279300.9927
1857,4,2,Suburb,1986,157893.6848
1229,3,2,Rural,1950,136060.1294
2856,5,3,Urban,2016,331372.7499
2875,5,1,Urban,1953,224228.194
1118,3,1,Rural,1967,128058.8596
2179,3,2,Rural,1995,196551.3247
1783,3,3,Suburb,1956,216470.1868
2710,3,2,Urban,2010,295320.4247
1464,3,3,Rural,1950,235391.7188
1103,5,1,Suburb,2006,100871.3676
2627,5,3,Rural,1962,294885.2162
1697,5,1,Urban,1973,220231.5286
2995,2,1,Urban,1977,338178.9167
2818,5,1,Suburb,2001,283828.0966
2525,4,2,Suburb,2019,310630.8376
2716,4,2,Rural,1958,360925.8712
2705,3,3,Urban,1976,307147.1189
2722,5,2,Urban,2008,341048.0728
1174,3,2,Urban,2003,120239.4547
2757,3,3,Suburb,1980,250381.6984
1744,4,1,Suburb,1993,294941.0477
2697,4,3,Urban,1973,364927.5529
2444,3,2,Urban,2017,244314.6838
2157,4,1,Rural,1962,238269.202
2414,3,3,Suburb,1985,223533.9974
2759,3,1,Rural,1997,350519.546
2524,3,2,Suburb,1994,281067.616
1664,2,2,Rural,1959,227111.7767
1032,4,3,Rural,1970,191636.3111
1054,4,1,Rural,2002,120847.049
2977,5,2,Urban,2005,260219.0767
1518,4,1,Rural,2012,165410.3202
1755,5,3,Suburb,1967,233915.1432
2848,3,3,Rural,2014,258210.7549
2661,2,3,Urban,1982,269861.3008
1011,3,2,Urban,1981,55829.68531
2551,3,2,Urban,1953,293066.6806
1719,3,2,Urban,1999,224736.1492
1554,5,2,Rural,1963,202109.8098
1372,2,3,Rural,1984,161026.1073
1483,3,2,Suburb,1995,195723.9575
1972,5,2,Suburb,1957,257833.8102
2670,3,2,Rural,1988,257555.1017
2251,2,3,Suburb,1997,254485.4004
1622,3,3,Suburb,2008,164581.1775
1306,3,2,Suburb,1950,80840.87308
1456,4,1,Suburb,1980,216127.5643
1159,5,1,Urban,1997,130081.6704
1330,2,2,Suburb,1979,165369.0234
1775,5,2,Rural,1965,268162.7149
1224,4,2,Rural,1990,145308.8431
1982,3,3,Suburb,1973,236398.5151
1728,2,1,Urban,2014,182873.8177
2527,2,3,Urban,1960,152606.1611
2479,5,1,Urban,1968,290559.7704
2068,3,3,Suburb,1968,188531.571
2237,4,3,Rural,1980,244489.6271
2082,3,2,Suburb,1961,167364.2265
1643,5,2,Rural,1982,152736.9385
1615,2,2,Rural,2019,117726.633
1194,2,3,Urban,1991,102256.4156
2948,3,2,Suburb,2000,305239.5505
1488,3,3,Rural,2005,181957.2564
1156,3,3,Rural,2002,160003.9774
1609,3,2,Rural,1991,195354.5068
2249,4,2,Rural,2006,302032.2191
1411,4,3,Rural,1985,102520.0552
2228,4,1,Urban,1966,258243.495
2102,4,1,Urban,1967,136118.0129
2147,5,3,Rural,1953,216305.76
1470,2,2,Suburb,2000,81451.72077
2963,2,2,Rural,1969,365520.8357
2241,5,2,Suburb,2016,339100.1394
1515,5,3,Rural,2006,183054.3521
2625,4,2,Urban,1963,258377.8598
2127,3,1,Urban,1993,216363.5266
1392,2,1,Suburb,1974,111374.6183
1630,5,2,Rural,2013,215368.5641
2668,3,3,Rural,1951,206891.7188
2847,4,1,Urban,1987,356628.0649
1607,5,2,Suburb,1955,110723.0966
1979,2,2,Rural,1997,83132.63112
1433,2,1,Suburb,1977,96792.42189
2354,2,3,Urban,2015,227367.4667
2166,5,3,Rural,1988,274611.2048
2823,2,1,Rural,1990,349502.4203
1539,4,3,Suburb,1952,246863.7387
1277,2,2,Urban,2020,123187.4805
1232,4,3,Urban,1950,199419.5744
2552,2,1,Suburb,1998,324238.1554
2594,4,1,Urban,1984,338286.1011
2113,5,1,Urban,1984,106852.4611
2515,4,2,Suburb,1998,227057.2134
2222,5,2,Suburb,2011,239090.2928
1361,3,2,Rural,1965,249336.9666
2464,4,1,Urban,2014,293630.7406
1025,5,3,Urban,1951,115665.6933
2048,3,2,Rural,1951,198043.4335
2417,2,1,Suburb,2016,228590.4088
1506,3,1,Urban,2008,127399.1275
2324,4,2,Suburb,1991,296538.4525
2362,3,3,Urban,1981,298800.3893
1266,2,2,Suburb,1965,86822.54009
1460,3,3,Rural,1998,83633.29464
2716,4,1,Urban,2002,271715.6084
1455,4,1,Rural,2015,133845.7039
2383,5,1,Suburb,1986,278290.5141
2091,2,3,Urban,2002,313089.201
2006,2,2,Rural,2000,174123.8146
1862,3,2,Suburb,2015,242890.4807
2435,2,3,Rural,1951,297126.7674
2994,4,2,Suburb,1951,235054.1665
1490,3,3,Rural,1978,140411.8761
2856,5,2,Suburb,2015,260148.115
2072,3,2,Suburb,1964,267538.5993
2710,3,3,Urban,1994,278877.9754
1563,5,2,Rural,2020,181083.9602
2125,3,1,Urban,1978,213610.9501
1215,2,1,Rural,1982,150333.0656
2461,3,3,Urban,2000,234205.531
2723,3,2,Rural,1954,267826.7125
2592,3,3,Suburb,1986,241897.3971
1558,4,3,Urban,1952,141802.0665
1158,4,2,Rural,1960,124740.1128
1488,2,1,Rural,1960,174971.2489
1685,5,1,Urban,1956,122450.7844
2265,4,2,Suburb,2017,285445.2142
1793,4,1,Rural,1968,110435.5925
2776,2,3,Rural,1983,289493.3386
2905,2,3,Suburb,1959,363430.372
1004,5,3,Suburb,1951,203601.9267
2619,3,1,Urban,2020,310576.7446
2843,3,2,Suburb,1984,224073.4811
1360,5,2,Urban,1981,159201.798
1458,5,3,Suburb,1964,275200.9743
1247,5,3,Rural,1961,225244.7292
2589,2,3,Suburb,2012,272626.3742
2696,3,1,Suburb,1992,350824.4818
1945,5,2,Suburb,2021,216536.0236
1421,5,2,Suburb,1976,202699.0365
2946,3,1,Suburb,2004,248769.8959
2761,3,2,Urban,2021,198973.6868
1014,2,3,Urban,1981,80648.50059
1735,4,2,Urban,1959,211582.4961
2596,4,2,Rural,1984,233387.1743
2145,2,1,Urban,1953,204852.0469
1276,2,2,Rural,1988,50271.18004
2581,3,3,Rural,1992,224980.3644
1452,2,1,Rural,1967,77435.12268
2413,2,1,Urban,1981,210287.6163
2317,5,1,Suburb,2018,150533.168
2597,2,3,Urban,1977,256216.3628
1597,2,2,Urban,1988,179520.6445
1445,5,1,Urban,1976,188951.5483
1209,3,3,Urban,2002,204315.5968
2613,3,3,Urban,1958,236050.7227
1713,2,3,Urban,2000,141119.4653
1301,2,2,Suburb,1961,102893.7825
2932,4,3,Urban,1961,348671.5516
2246,5,2,Suburb,1979,268925.2995
2757,4,1,Rural,1976,275813.9475
1002,2,1,Rural,1992,192662.2755
1989,4,2,Suburb,2007,219218.2507
2541,4,3,Suburb,2002,258815.708
2116,3,1,Rural,1955,209753.3631
1519,5,2,Urban,1950,177297.5078
2451,3,3,Urban,1992,237055.0882
1492,3,1,Suburb,1970,9255.923304
2258,4,2,Rural,1961,272708.7823
1619,5,3,Urban,1995,232831.1641
2184,2,3,Suburb,1987,302623.7634
2744,5,3,Rural,2000,306275.9163
2775,3,2,Rural,1994,192575.6758
1330,4,2,Suburb,1963,184092.165
1332,2,3,Suburb,1958,73674.13832
1049,3,3,Rural,1951,177999.9237
2546,4,3,Urban,1978,337986.7841
1862,3,3,Rural,2010,126707.0229
2691,4,3,Urban,1984,336925.4588
2515,5,3,Rural,2018,276150.5118
2605,3,1,Urban,1954,218743.8485
2704,5,3,Rural,1993,319494.5715
1271,5,2,Suburb,1999,117391.745
1579,4,2,Rural,2004,58678.52808
2890,2,2,Suburb,1993,367156.3153
2275,5,2,Urban,2018,279048.6154
1559,3,1,Urban,2011,211644.1144
1695,3,1,Rural,1956,269624.1132
2855,4,2,Suburb,2018,325182.0668
2722,5,2,Suburb,1950,348295.5827
2113,2,2,Urban,1988,273262.0278
1445,2,2,Rural,1958,137405.8658
2016,3,2,Suburb,2001,205280.2233
2355,4,1,Suburb,1985,259111.7944
2162,5,1,Rural,1993,296209.1617
1356,3,1,Suburb,2016,137769.9922
2624,4,3,Urban,1975,229792.8694
1273,2,2,Urban,1960,171728.3371
2042,3,2,Rural,1992,300444.1732
1310,4,3,Suburb,1977,174663.4133
1869,2,2,Urban,1989,147521.1287
1885,4,3,Suburb,1960,317827.6731
1153,3,3,Urban,1961,170328.4471
2413,5,3,Urban,1991,261996.1284
2283,4,3,Urban,1982,285902.3317
1619,5,2,Suburb,1954,175720.0858
1882,3,3,Urban,1970,112604.8382
1796,2,2,Rural,1979,233237.7663
2594,4,3,Rural,1982,336635.4131
1124,2,1,Suburb,1950,193328.065
2377,5,2,Urban,1978,266429.3516
2296,5,3,Rural,2020,293362.5847
1618,2,3,Rural,2000,188472.1929
2834,3,3,Urban,2014,390263.0302
1244,5,1,Suburb,1997,140879.5228
1847,3,2,Suburb,1982,196248.1521
1449,2,1,Suburb,1952,134900.3183
1929,3,1,Suburb,2015,212606.8829
2270,5,1,Urban,1967,299672.9886
1519,2,2,Suburb,1967,255691.1506
2164,3,1,Urban,1961,225261.3182
1361,3,2,Urban,1976,138357.7987
1007,4,2,Urban,2008,28575.44237
1477,5,3,Suburb,2018,169458.9387
2375,4,1,Suburb,1984,199631.956
1494,3,1,Urban,1975,295747.4732
2629,5,1,Urban,1959,301569.7584
1832,2,2,Urban,2001,128044.9406
2450,2,2,Urban,1952,253411.8635
2062,2,2,Urban,1970,249066.4773
1592,3,1,Rural,1983,233823.4579
1186,3,2,Urban,2003,156410.4076
2619,2,2,Urban,1975,337466.5128
2623,4,2,Rural,1959,301507.1448
1753,4,3,Rural,1969,178367.8333
2877,5,2,Urban,2004,252999.2888
1092,5,1,Urban,1996,78766.34111
1085,2,2,Suburb,1998,122304.1244
2067,3,3,Rural,2011,231943.9359
1136,3,2,Urban,1957,24029.52535
1420,5,2,Rural,1964,95972.77381
1073,2,3,Urban,1962,142351.027
2571,5,1,Suburb,1974,252107.5987
2636,4,3,Rural,1994,282103.2897
2535,2,2,Suburb,1998,259548.3569
2179,2,2,Urban,1991,170880.9703
2961,2,2,Rural,1977,286380.9225
2278,4,2,Suburb,2010,268427.4315
1170,2,1,Urban,1988,153026.7388
2751,5,2,Suburb,1987,318240.1634
1169,4,2,Suburb,1959,222941.0391
2787,3,3,Urban,2001,385114.6075
1871,5,1,Urban,2008,217548.5679
1321,5,3,Rural,1962,126514.6891
2590,5,2,Suburb,1974,345817.2967
1455,4,2,Rural,2004,125522.4098
1943,5,2,Urban,1966,186738.9613
2626,4,1,Urban,1955,267011.7139
1789,2,2,Suburb,1970,248694.1491
1612,3,3,Urban,1970,157068.9936
2178,2,3,Suburb,1977,314943.9866
1888,5,1,Rural,2021,303453.816
1348,4,2,Suburb,2012,73456.37936
2474,4,2,Urban,1969,227112.0022
2899,2,2,Rural,1954,354760.3865
2676,5,1,Rural,1972,285306.942
2196,3,1,Suburb,1958,291575.2106
1009,4,2,Rural,1958,62000.52008
1739,4,3,Suburb,2001,164316.1297
2288,5,1,Rural,1978,309114.9891
2461,4,1,Urban,1986,238185.4383
2783,5,3,Urban,1979,261118.0789
2270,5,3,Urban,1966,241629.1475
1666,3,2,Rural,1999,259457.7876
1545,5,2,Urban,1953,211823.1713
2522,2,2,Urban,2016,249565.6998
1128,3,2,Urban,1995,85870.29711
2695,5,1,Rural,1968,266754.4048
1600,5,3,Rural,1950,173378.2088
1604,3,2,Urban,2021,234023.0648
1326,4,3,Urban,2015,118883.9305
2776,3,2,Urban,2001,248610.119
2858,4,3,Rural,1952,332215.1837
1979,3,2,Urban,1993,310446.7828
1403,3,3,Suburb,1980,192055.8455
1628,2,2,Urban,1959,210732.7576
2629,3,1,Suburb,2003,296077.3277
2698,2,2,Rural,2001,337175.6266
2634,5,3,Rural,2007,232377.8689
2648,4,2,Suburb,2018,202012.2982
2382,4,1,Rural,2019,307767.7818
2626,2,1,Suburb,2007,262250.1524
2881,4,2,Suburb,1980,290788.6798
1717,4,3,Urban,1985,194362.15
2040,3,3,Urban,1963,247934.6765
1273,2,3,Rural,1990,210033.6304
1684,4,3,Urban,1957,232070.736
1115,5,1,Rural,2019,123758.3668
1860,2,1,Rural,1981,217895.4046
1692,3,2,Rural,1992,186995.4751
2114,5,3,Rural,1979,194760.8671
2105,4,2,Suburb,1996,163527.3115
1323,4,1,Suburb,1952,231414.6044
1960,2,2,Urban,1959,237782.9224
1113,4,2,Rural,1966,110328.5244
2792,2,3,Suburb,2009,368927.9485
2081,4,1,Suburb,1963,254700.8022
1153,5,1,Suburb,1959,173382.2544
2900,3,2,Rural,1966,347365.5676
2427,5,1,Suburb,1968,275907.3603
2651,3,3,Urban,1958,285537.6868
2878,2,2,Rural,2013,354639.2485
2289,4,1,Urban,1995,257865.8567
1314,5,3,Suburb,2008,257145.626
2738,4,1,Rural,2019,339175.8426
2064,2,3,Suburb,1997,260423.7214
1104,3,2,Suburb,1954,145610.6645
2924,5,3,Suburb,2012,280989.3302
2913,3,1,Urban,1977,244853.006
2216,3,2,Rural,1992,245738.5392
2424,2,1,Rural,1957,215749.6417
2301,3,2,Rural,1983,320368.7626
1353,2,1,Rural,1990,57117.79941
2015,3,2,Urban,2001,167712.6289
2772,3,2,Rural,1966,314844.398
2960,5,3,Urban,1954,367245.5138
1732,2,2,Rural,1978,108449.1082
2603,4,2,Urban,1968,210659.422
1708,4,3,Suburb,1975,140576.9119
2279,4,2,Suburb,1993,305358.5689
1650,5,1,Urban,1974,202366.1925
1823,5,3,Urban,1967,284045.358
1946,3,3,Urban,1988,218888.816
1660,3,2,Urban,1990,181248.5883
1098,4,3,Rural,1979,173745.0752
1587,3,1,Rural,2007,255335.3236
1281,3,2,Suburb,1984,114690.7613
2906,5,2,Suburb,2000,318811.2946
1402,4,2,Rural,2003,158405.1844
2132,2,1,Urban,1996,188749.8055
1699,4,1,Urban,1994,253277.798
1198,5,1,Urban,2002,129437.4643
2326,4,3,Rural,2016,258213.5782
1326,2,3,Rural,2015,171488.9902
1153,3,2,Suburb,2013,195791.0325
1551,4,2,Suburb,1993,251224.3173
2668,5,2,Suburb,1997,247180.5916
1404,5,3,Rural,1988,214871.1787
1461,4,1,Rural,2014,179343.987
1131,3,1,Rural,1986,148227.2144
1790,3,2,Urban,1966,147353.1593
1873,5,1,Suburb,1960,274285.5877
1083,5,3,Suburb,1960,168403.1773
2422,2,1,Suburb,2003,216802.6982
1753,3,2,Urban,2015,111573.5741
1627,4,2,Rural,1957,176838.285
2132,5,1,Suburb,1963,268556.0103
1220,5,2,Suburb,1995,84837.54179
2927,5,2,Urban,2017,199203.6807
1552,5,3,Suburb,1965,185530.8756
2391,3,3,Urban,2020,232121.0152
2170,5,1,Suburb,1982,179007.0142
1111,3,2,Urban,1955,103340.943
1614,2,1,Rural,2001,179974.2602
2581,2,3,Urban,1957,223133.847
1923,4,3,Rural,1979,321765.5925
2517,5,3,Suburb,1956,309871.7036
2528,4,1,Rural,1968,332987.1091
1474,3,3,Suburb,2012,188375.9744
1835,4,2,Suburb,1952,130818.5048
2913,4,3,Rural,1980,347469.1034
1270,5,1,Suburb,1996,150022.3959
1420,3,3,Suburb,1962,172545.464
2920,3,1,Rural,1992,277449.5012
1706,5,2,Suburb,1968,181020.5055
2390,3,3,Rural,1976,335788.9338
2303,2,1,Rural,1983,231448.9143
2306,5,2,Suburb,1968,213134.2341
1039,5,2,Urban,1967,97969.22648
2982,5,3,Rural,2014,388457.3128
1188,2,2,Suburb,1997,200283.4678
2187,3,2,Suburb,1961,261617.2339
1993,2,1,Urban,2019,232802.5365
2559,2,1,Rural,1968,326811.5196
1535,2,1,Urban,1975,168714.0236
2027,4,3,Rural,1987,203139.1733
2858,3,2,Suburb,1974,193176.8131
1289,3,3,Rural,1961,136602.7636
2976,5,3,Suburb,2012,326156.1635
1432,5,1,Suburb,1989,231883.3642
1470,4,2,Urban,1977,154917.2587
2204,2,3,Suburb,1955,221797.8302
2271,5,3,Urban,2009,173401.4826
1627,3,3,Rural,2001,214118.9254
1278,5,3,Rural,1972,194061.942
1876,2,1,Suburb,1951,191895.5434
1580,4,3,Urban,1975,188393.2639
1862,2,1,Urban,1966,312271.5476
1253,5,2,Suburb,1979,297869.0098
1180,4,3,Urban,1997,160646.4687
2853,4,1,Rural,2009,250468.1951
1680,2,1,Urban,1970,106245.9636
1824,5,3,Rural,1967,254232.5353
2532,2,1,Urban,1976,356283.0434
2784,5,3,Rural,2018,387397.4901
1699,5,1,Suburb,1975,247099.639
1565,3,1,Rural,2010,173855.001
2349,4,2,Rural,1954,200584.6247
2380,5,3,Rural,1962,337722.8517
2848,2,2,Suburb,2011,244313.1014
2673,2,1,Suburb,2007,256863.339
1679,3,3,Urban,1989,132620.7325
1390,3,2,Suburb,1986,67171.59527
2638,3,3,Rural,1997,219048.242
2957,4,3,Rural,1990,258346.8474
2108,3,2,Suburb,1994,232560.9298
2340,4,2,Urban,2005,227641.9607
1211,3,2,Rural,1964,240093.2667
2538,4,1,Rural,2009,225036.6671
1383,5,2,Rural,1972,98823.44043
2714,3,2,Urban,1970,378473.0019
1341,4,1,Suburb,2000,237934.631
2838,5,2,Rural,1985,280662.8245
2987,3,3,Rural,1983,370870.785
1843,5,3,Suburb,2015,287023.8488
2061,3,3,Urban,1976,163983.3104
2534,2,1,Suburb,1950,272157.2584
1419,4,2,Suburb,2002,83897.51345
1750,2,3,Urban,1987,182178.5525
2192,4,1,Suburb,1988,248214.2151
2988,2,1,Urban,1977,329756.3911
2932,3,1,Suburb,1978,302119.4389
2366,2,1,Urban,1982,230682.3727
2849,3,1,Suburb,2018,274217.201
1305,4,3,Suburb,1983,87884.19083
2565,3,1,Suburb,1957,335930.8008
1701,2,2,Suburb,1984,280347.5383
1868,5,3,Suburb,1968,284608.6597
1536,4,1,Urban,2007,232085.9789
2135,5,3,Rural,1991,270112.0816
2434,5,3,Urban,2005,301827.1984
2970,5,2,Rural,2010,395595.8797
1205,5,1,Rural,2011,92533.81917
2208,5,2,Suburb,1979,292001.5235
2405,2,1,Suburb,2014,257395.4603
1495,3,1,Suburb,1992,139196.2224
2402,3,3,Urban,1996,236142.7437
2070,5,1,Rural,1959,240948.8077
2909,2,3,Urban,2012,314471.7371
2763,5,2,Suburb,2011,337881.0409
2574,5,1,Rural,2021,273329.2277
2551,4,1,Urban,1982,280226.9066
1503,2,2,Urban,2007,205555.4961
2045,5,2,Urban,2006,207066.9825
1212,3,3,Suburb,2006,170207.519
1309,4,2,Suburb,2003,207758.6381
1660,5,1,Rural,1962,232547.8565
2991,5,3,Rural,1983,356890.1136
1752,5,2,Rural,1971,124242.9351
1271,2,1,Urban,1992,129432.7508
2594,5,1,Rural,1965,296294.4988
2822,3,1,Suburb,1989,326883.9276
1937,4,2,Suburb,1974,140281.4818
2225,2,3,Suburb,1962,235067.7176
1031,4,2,Urban,1990,173626.6544
1442,3,3,Urban,2002,248669.5483
1161,5,2,Urban,1999,108547.4563
1766,2,1,Suburb,2000,140492.2471
1253,5,2,Suburb,1952,145662.8169
1520,2,3,Suburb,2017,331308.8684
1976,5,2,Rural,2014,294480.8821
2674,3,3,Rural,1985,358480.1806
2503,3,2,Suburb,1973,239745.1471
1009,5,3,Urban,1968,151533.0611
1725,3,1,Rural,1957,215971.8761
1504,5,1,Rural,1951,201450.3552
1784,2,3,Suburb,1979,129841.4083
2859,3,1,Urban,1979,217553.9521
2583,2,3,Suburb,1993,330090.101
1435,5,3,Suburb,2014,115536.875
2134,2,1,Urban,1987,220217.6857
1152,4,2,Suburb,1950,94657.04313
2658,5,3,Rural,1980,253773.4936
1916,3,2,Urban,1985,188773.6412
1868,3,2,Rural,1958,172089.6202
2125,4,1,Suburb,1952,292415.8146
1752,5,3,Urban,2004,240483.1139
2856,5,2,Rural,1972,316507.4192
2214,5,2,Rural,2004,235309.4681
2752,5,1,Rural,1957,309400.9569
1562,2,1,Urban,1963,193629.354
2827,5,2,Rural,1962,237937.3416
2104,2,2,Urban,1961,235340.829
1488,2,1,Rural,1961,174029.1367
1894,3,1,Urban,2011,195114.1264
2111,5,1,Rural,1988,169177.6262
2217,2,3,Urban,1958,194718.2272
1103,5,1,Suburb,1972,174821.3175
2806,4,1,Urban,1969,308929.6076
2119,2,1,Urban,1997,237252.588
2446,3,3,Rural,1984,234926.6848
2914,5,3,Rural,1976,379499.9278
2221,3,1,Suburb,2010,224034.0065
2024,2,1,Suburb,2003,161668.0932
2006,2,3,Rural,1951,233943.3112
1406,3,3,Suburb,1995,99109.37524
2401,5,2,Suburb,1964,280554.0386
1166,2,3,Suburb,1970,169922.0907
1508,4,3,Urban,2006,91584.73302
2661,3,1,Urban,1962,335123.0097
1312,2,1,Suburb,2012,44492.66694
2616,5,1,Suburb,1974,330156.3199
2441,2,3,Rural,1989,271553.8936
1762,5,2,Suburb,1971,242846.1484
1680,5,1,Suburb,1953,142932.2186
1476,2,2,Suburb,1965,76016.55728
1072,4,2,Urban,2004,167208.3357
2164,5,3,Rural,1990,174156.6915
1581,3,3,Suburb,1978,197411.0893
1261,5,1,Rural,1970,217971.3094
2363,5,3,Urban,1962,265503.1702
2331,4,2,Rural,1976,256414.0266
1244,5,3,Rural,2018,128451.2528
2538,2,3,Rural,1958,326465.8256
2360,4,2,Urban,2004,255126.788
2598,5,3,Rural,2004,317665.539
1560,2,3,Suburb,2001,82543.49299
2099,2,1,Suburb,1996,196774.7452
2903,5,2,Suburb,1981,307103.7019
1174,3,3,Urban,2016,111586.5703
1108,3,2,Rural,1957,114510.6287
1182,5,3,Rural,1991,148902.4833
1191,5,1,Urban,1966,149626.7218
1064,2,3,Rural,1990,73656.82395
2872,5,3,Suburb,1982,365622.0848
1962,5,2,Rural,1985,199051.4141
2497,2,3,Rural,1994,390082.3219
2806,5,2,Rural,1958,407453.7526
2123,5,1,Rural,1968,247132.1683
2567,5,2,Rural,1987,276231.0917
1863,2,3,Rural,1992,221004.8363
2151,5,2,Urban,1987,231947.9387
2475,3,1,Suburb,2021,258732.602
2937,5,3,Urban,2009,378084.4423
1368,3,1,Urban,1950,106485.7624
1850,5,1,Suburb,1970,194150.2062
1042,2,3,Urban,2011,142127.9937
2907,3,3,Suburb,1953,278646.9153
2442,5,2,Suburb,1994,279336.7813
1487,5,3,Suburb,1969,155388.3056
1077,5,2,Suburb,1997,175929.0419
1825,5,1,Rural,1985,192201.3718
2824,2,2,Suburb,1951,333782.1847
2293,4,3,Urban,1997,216710.2337
1673,3,2,Urban,1967,150318.314
1700,5,3,Rural,1979,280802.9035
1758,2,1,Rural,1957,109452.8852
2923,4,2,Rural,2020,289726.0519
1727,2,2,Urban,1974,180357.5274
2338,5,2,Rural,1987,167006.3346
1924,4,2,Urban,1957,205900.4949
2874,3,1,Rural,2009,202049.9951
1901,3,3,Rural,1971,221745.9623
1888,2,2,Suburb,1987,208698.8676
1992,3,1,Suburb,2019,99779.25982
2968,3,3,Urban,2009,308064.9925
2191,4,1,Suburb,1957,226531.1136
1338,3,2,Suburb,1998,132339.6658
1192,4,2,Suburb,2003,98630.4229
2476,4,1,Suburb,1970,295578.0542
1282,4,2,Suburb,2004,94325.00244
2359,3,2,Suburb,1962,286580.5158
1389,2,1,Suburb,1955,204469.3985
1999,2,3,Urban,1971,192677.9786
1524,3,1,Suburb,1981,132091.5733
2263,4,1,Suburb,1966,252329.9107
2855,3,2,Rural,1963,359727.421
2981,5,3,Urban,1989,247606.7783
2506,2,2,Urban,1989,249995.581
1658,4,1,Rural,1993,181615.6116
1715,3,3,Urban,2005,222181.0772
2615,4,3,Urban,1966,290137.7862
1890,5,2,Urban,1966,238638.1166
2578,4,3,Suburb,1965,294358.4409
2481,5,1,Suburb,1977,270572.7551
2112,2,3,Suburb,1995,256971.0993
2683,4,1,Rural,2010,290648.8669
2118,3,1,Rural,1964,239396.5573
1451,4,1,Suburb,1971,167210.5806
1427,4,2,Suburb,2007,147020.8882
2174,5,2,Urban,1970,295013.4387
2537,5,2,Rural,1985,348507.9024
2399,3,3,Rural,1969,252925.4412
2045,2,3,Urban,2019,168944.0782
1882,2,3,Rural,1950,253379.3372
1312,5,2,Suburb,1966,117113.1335
1839,3,1,Suburb,1971,270739.9774
1518,4,1,Rural,1955,234722.1389
2229,3,2,Rural,1989,246512.2846
2975,3,1,Suburb,2012,272721.2263
1374,3,1,Rural,2013,161201.184
1450,2,2,Rural,1978,152539.9034
2649,4,1,Urban,1997,270361.1607
2807,3,2,Rural,1996,378397.7667
2014,2,3,Suburb,1993,243266.0814
1594,2,1,Rural,2009,208580.3503
2202,5,2,Rural,2008,187296.2695
2233,4,3,Suburb,1964,322616.6567
1499,3,1,Suburb,2012,122134.092
1463,4,3,Rural,2014,165601.5122
2863,5,1,Rural,1979,316241.9661
2147,5,3,Rural,1970,283712.7022
1112,3,3,Rural,1969,194042.8529
2035,2,1,Rural,1968,237173.6401
2149,5,2,Rural,1960,278776.0518
2588,2,3,Urban,1975,166018.4894
1330,5,2,Suburb,1989,217323.7417
2924,4,3,Rural,2009,333722.4241
2306,3,3,Suburb,1975,247905.9021
1139,5,1,Urban,1994,158604.1136
2424,4,3,Suburb,1964,279715.112
1901,5,3,Suburb,1962,251515.2998
2120,3,2,Suburb,1991,181985.6363
1516,4,2,Urban,1976,170838.5233
1568,2,2,Rural,2015,122681.2318
2947,5,1,Urban,1956,358044.8439
1845,5,2,Urban,1950,244533.5877
2092,4,1,Urban,2002,211540.3996
1117,3,1,Suburb,1990,48966.61621
1887,5,2,Urban,1988,123415.3204
2082,4,3,Urban,2018,263213.4779
2056,3,3,Suburb,2013,261580.478
2341,5,2,Suburb,1977,244063.8009
1049,4,3,Suburb,1960,98282.58492
2903,3,1,Urban,1984,216044.4503
2512,5,2,Suburb,1976,156961.8782
1018,5,1,Rural,1950,196520.9608
1725,3,2,Rural,2004,175426.2687
1196,3,3,Suburb,1998,166962.7326
2914,4,3,Urban,1989,348240.7191
2473,5,1,Urban,1958,232315.5249
1558,5,3,Rural,2019,171407.8112
2702,4,3,Urban,1960,371173.0183
1451,5,1,Rural,1988,145266.27
1288,5,1,Suburb,1955,159291.1335
2164,5,1,Rural,2016,264051.6064
2107,2,2,Urban,1977,281185.6064
2717,3,1,Rural,2019,330231.0759
1390,2,2,Urban,2013,99622.32917
2614,2,2,Rural,1957,311217.2079
1214,3,2,Suburb,1996,102438.3752
2549,2,1,Rural,1964,236545.037
1214,4,2,Suburb,2006,95156.55497
2426,2,3,Suburb,2001,268558.1427
1127,4,1,Suburb,1977,123949.8507
2845,3,1,Urban,2005,404914.6021
2500,5,2,Suburb,1982,355163.2858
1759,3,1,Urban,1974,165467.4343
1403,3,2,Suburb,2017,103702.0091
2052,2,1,Rural,1980,201257.6325
2815,3,2,Rural,1962,323677.8012
1337,3,1,Suburb,1975,145507.3933
1830,4,1,Rural,1984,237258.799
1713,5,2,Rural,1956,111175.9374
1360,2,3,Urban,1951,223934.4716
1568,5,1,Urban,2004,288763.533
2415,5,3,Rural,1958,186944.2533
1217,5,3,Suburb,2004,186778.1093
2597,2,1,Suburb,1966,279777.3591
2692,3,1,Urban,2000,313948.5673
1201,5,2,Rural,2004,41107.08896
1016,2,2,Urban,1978,19537.59567
1321,3,3,Suburb,1988,155085.3168
1517,5,2,Urban,1965,151862.9325
2593,4,2,Rural,1985,255404.8051
2348,2,2,Suburb,1957,268235.6681
2435,5,2,Rural,2010,335501.3126
2341,2,1,Suburb,2020,190379.3827
1680,4,2,Rural,1962,195999.437
2988,2,3,Rural,1970,278007.571
2105,3,1,Urban,1954,238481.7082
2497,5,1,Suburb,1954,264189.3821
2491,2,3,Rural,1990,297829.1489
1424,2,1,Suburb,1977,81487.89683
2968,5,1,Urban,2008,359785.4788
2754,4,3,Rural,1992,262997.9041
2712,4,2,Suburb,1953,246757.454
2227,5,1,Urban,2005,229610.751
2606,5,2,Rural,1986,356704.0775
2018,3,3,Suburb,1989,233978.0193
1386,2,1,Urban,1958,161377.2087
1777,2,2,Urban,1989,243153.4669
1097,4,3,Rural,1981,4537.418615
2368,3,1,Rural,1982,190140.1896
2826,2,1,Rural,1999,287405.3098
1207,3,2,Suburb,2009,179100.1659
2537,5,1,Urban,1987,302258.5988
2659,2,2,Urban,1991,299085.5888
2815,5,2,Rural,1966,319236.3206
1585,4,1,Urban,2003,275992.8793
1165,4,3,Rural,1960,205429.8359
1021,5,1,Rural,1967,134488.3781
1153,4,3,Urban,1968,163228.102
2962,5,2,Urban,2001,342085.2904
2462,5,2,Suburb,1988,99020.3333
2318,5,1,Rural,2009,211335.7325
1218,4,1,Urban,2016,139304.8905
1668,4,1,Rural,2010,238051.2577
2518,4,2,Urban,1989,295413.1105
1229,5,1,Rural,1975,180408.2038
1019,3,3,Rural,2011,80398.11486
1552,4,3,Rural,1989,162643.2039
1949,3,2,Rural,2016,126068.0546
1147,4,2,Rural,2020,173677.0382
2131,2,1,Suburb,1952,198557.1159
1402,2,1,Urban,1967,107501.3486
1595,2,3,Urban,1993,196042.0509
2506,3,3,Suburb,1952,332811.2954
1366,4,2,Suburb,1969,196201.4208
2857,5,1,Suburb,1979,318366.6001
2437,3,1,Suburb,2018,208864.3431
2332,4,1,Rural,2002,255097.7633
1801,2,1,Suburb,2018,209130.4297
1917,3,3,Suburb,1956,190630.9103
2858,4,1,Suburb,1982,344132.1025
2157,5,3,Suburb,2009,200366.4608
2742,3,2,Rural,1997,232748.551
2306,5,1,Suburb,2020,217473.8853
2801,3,3,Urban,1962,273291.5378
1072,2,3,Urban,2017,148199.5922
1480,2,3,Rural,1992,233720.3647
2375,2,1,Rural,1976,296696.4611
1559,5,3,Urban,1977,157700.5821
2349,2,3,Rural,1999,214654.6589
1744,5,2,Urban,1973,171945.3942
2466,5,1,Rural,1958,248655.2382
1099,5,3,Rural,2021,188832.9231
2082,2,3,Suburb,2012,290438.8995
1507,4,1,Urban,2018,238221.8723
1257,5,1,Rural,1993,184030.4187
1412,4,3,Urban,2000,192236.9564
2475,5,1,Rural,1999,326369.8044
2088,2,1,Urban,2013,223631.5493
1594,2,1,Suburb,1953,168400.2679
2177,2,1,Suburb,1958,239571.8801
1265,3,1,Suburb,1958,112106.5214
1820,2,3,Urban,2000,235419.5179
2102,4,3,Urban,2000,195283.3463
2338,5,2,Rural,2020,252925.9785
1661,4,2,Suburb,1987,274555.5823
1946,3,1,Urban,2010,279014.2694
1559,4,1,Urban,1951,197780.7815
1916,5,3,Suburb,2007,157396.8818
1890,5,2,Urban,1988,204660.8311
2271,2,1,Rural,1961,285485.5766
2813,3,1,Suburb,1992,327409.3859
1867,3,2,Suburb,1985,198865.4419
1609,4,2,Suburb,2016,249492.2596
1413,2,1,Suburb,1952,152823.4442
1024,2,2,Urban,1965,120161.1632
1283,2,2,Suburb,1991,189833.6668
2472,5,2,Rural,1950,286712.9407
1880,3,3,Suburb,1979,222767.6287
1300,4,1,Urban,1979,108918.6215
2091,4,2,Rural,1977,205317.2936
2030,4,2,Rural,1990,228107.2463
1816,2,1,Rural,1969,323645.0237
2160,3,3,Rural,2017,197441.9172
2187,3,1,Suburb,1981,191414.5424
1082,5,2,Suburb,1984,142204.6904
2920,5,2,Rural,1969,417703.7838
2673,5,1,Urban,1985,362574.5838
2443,4,3,Urban,1987,243938.2837
2096,4,1,Rural,1977,204431.6848
2260,3,1,Urban,1963,260609.6969
1045,5,1,Rural,2016,109488.0262
1617,4,3,Rural,1977,279279.5071
1927,5,1,Suburb,2020,245965.0178
2823,5,1,Suburb,1974,254548.2149
1261,3,1,Rural,1956,128462.012
1175,3,2,Suburb,1973,161064.7147
2189,4,3,Urban,2004,277765.855
1656,3,2,Suburb,2013,192249.2047
1841,5,2,Rural,1959,200962.8085
1369,3,1,Rural,1961,197782.0548
2818,5,2,Rural,2020,385294.3609
1053,5,1,Urban,1978,174866.9258
1689,4,1,Suburb,2007,193520.7999
2442,4,1,Suburb,1978,212847.1142
2779,4,2,Suburb,1999,297359.5801
2530,5,3,Rural,1997,213561.0889
2364,3,1,Urban,1986,273159.5459
2150,4,3,Rural,1968,273845.3382
2432,4,3,Suburb,1974,313891.8489
2947,3,2,Urban,1979,375294.4438
1366,3,1,Suburb,2005,162569.1521
2294,4,2,Rural,1999,310564.1227
1643,5,3,Rural,1980,174974.1551
2628,5,3,Urban,1972,297915.3215
1378,4,3,Urban,1984,247588.4691
1072,3,1,Urban,1959,144493.7809
2946,5,1,Suburb,2006,362478.8768
2945,3,2,Suburb,2007,381782.8457
1914,2,3,Urban,1957,197278.3652
2271,3,1,Rural,1997,266465.8548
1859,3,3,Rural,2001,292622.4002
2808,2,1,Urban,1955,403129.7516
1042,5,2,Rural,2015,124613.1429
1376,5,3,Rural,2005,123162.168
2064,5,1,Rural,1964,286026.3695
1169,4,2,Urban,1986,89114.71581
2969,2,2,Suburb,1974,351577.1982
1211,3,1,Suburb,2003,120201.2467
2516,2,2,Suburb,2007,266620.4693
2703,2,1,Urban,1957,290958.3545
1038,2,3,Rural,1956,167095.9715
1368,2,2,Suburb,1965,254975.5108
1756,2,3,Rural,1952,309441.2713
1150,2,1,Rural,1951,110947.0083
2134,4,3,Urban,1979,241820.8423
2503,2,2,Urban,1978,250739.0924
2459,2,2,Urban,2006,247044.8112
2070,5,2,Urban,2013,239302.1084
2023,2,2,Suburb,2009,225091.4582
2598,2,1,Rural,1993,215874.1555
1736,5,3,Suburb,1958,221970.259
2389,5,1,Rural,1984,276347.281
1068,5,2,Suburb,1973,129879.9019
1298,3,3,Rural,2009,113438.201
1943,2,2,Urban,2015,262290.9869
1801,2,3,Urban,1951,244220.6891
1295,2,3,Rural,1968,137252.7462
1202,5,2,Suburb,1960,119371.0512
1060,4,1,Rural,1965,138622.827
1945,2,2,Urban,1981,166051.0858
1962,5,3,Urban,2007,222883.4117
2853,5,1,Urban,2002,315960.416
2337,5,1,Suburb,2000,188588.8287
2184,3,1,Rural,2007,198915.6919
1330,5,1,Suburb,2020,92105.3594
2551,4,3,Urban,1967,255727.7456
1337,3,3,Urban,1957,143337.1488
2629,5,2,Suburb,1993,287383.3621
2327,4,3,Rural,1981,308899.2552
2526,4,2,Suburb,1953,324660.6661
2673,2,3,Urban,1999,324690.1114
2361,5,2,Rural,1955,172221.6342
2573,5,1,Rural,1980,297363.628
1638,2,1,Rural,1993,147884.5657
1274,4,3,Urban,2007,112190.1666
2187,5,1,Urban,1983,281528.8288
2466,2,2,Urban,2014,278710.6119
1318,2,2,Urban,1968,162007.0175
1588,4,1,Suburb,1951,137251.3971
1503,4,1,Rural,2004,234186.1867
2709,5,1,Suburb,2018,375384.6304
1386,5,3,Urban,1985,114988.475
2993,3,2,Urban,2010,294865.3503
1869,4,3,Rural,1961,187939.4817
1832,3,3,Rural,2009,195377.9248
2014,3,2,Urban,1979,236483.1231
2911,2,2,Urban,1998,261941.3379
1602,2,2,Rural,1996,249286.4902
2773,5,3,Urban,2007,374542.2953
2799,4,2,Suburb,1956,268959.6621
1690,4,1,Suburb,1971,146926.0053
1493,3,2,Rural,1975,237925.6628
1489,3,3,Suburb,1984,155035.7348
1720,5,1,Urban,1967,154595.2702
2096,2,1,Rural,2013,239263.1466
1508,4,3,Urban,1975,224570.0785
1389,4,3,Urban,2000,129508.2515
2642,4,2,Rural,1995,286079.7944
2880,4,1,Urban,1958,277426.7756
1294,2,2,Suburb,1999,221860.4466
2392,5,1,Urban,1965,220140.9617
2979,5,3,Suburb,2001,270830.6959
1795,2,1,Urban,2013,196772.9228
1864,5,1,Rural,2010,190925.3696
2717,5,1,Urban,1950,335195.7514
1548,3,2,Rural,2001,203150.2051
1648,2,1,Rural,1990,55311.42337
2873,5,2,Urban,1992,389565.427
1567,3,1,Suburb,2017,227769.8786
2210,2,2,Urban,1959,291986.306
1852,2,2,Suburb,1978,235364.6622
1769,4,1,Urban,1951,218150.3065
1444,3,3,Suburb,2021,94048.66474
2593,3,3,Rural,2008,308411.2602
1362,3,1,Suburb,1982,182270.1283
1122,2,1,Rural,1998,192143.6768
2211,4,3,Rural,1953,279796.9502
1741,2,2,Urban,2001,288267.6419
1679,5,3,Rural,2004,149181.8345
1419,5,3,Rural,2018,308380.9345
2649,5,3,Urban,1997,247283.0335
2275,4,2,Suburb,1994,219540.1069
2642,2,3,Urban,1977,327054.4722
2572,3,1,Suburb,2010,264609.8483
2358,5,1,Suburb,1995,384390.8891
1091,5,2,Urban,1995,145484.9788
2553,2,1,Rural,2017,279947.6352
2889,3,2,Suburb,1989,336763.7981
1062,4,3,Rural,1967,139281.0831
2685,5,3,Suburb,1965,333173.7517
1511,5,1,Urban,2002,114105.4619
2162,5,1,Suburb,1967,325425.8818
2721,3,3,Rural,1985,257753.4021
2208,5,3,Rural,2006,187653.0528
2228,3,1,Rural,1983,207893.4161
1771,5,2,Urban,2012,297283.4583
2237,5,2,Urban,1997,226449.9042
1255,3,2,Rural,2002,99999.619
1134,3,1,Urban,1974,65872.63369
2596,4,2,Urban,2012,239428.6069
1874,2,2,Urban,1958,190393.8621
1821,5,3,Urban,1972,189055.9448
1087,5,3,Urban,2019,182313.7831
2859,2,3,Urban,1986,293597.7525
1987,2,3,Urban,1971,174476.8394
2230,2,3,Urban,2021,306654.6648
2152,5,1,Urban,1957,224629.6156
1822,5,2,Suburb,1958,244490.9944
2026,5,2,Rural,1975,267265.4364
1973,3,1,Urban,1996,200293.7969
1933,4,2,Suburb,1998,211630.0697
2777,4,2,Suburb,1979,303224.1609
1120,2,2,Suburb,1993,172196.5647
2408,2,3,Suburb,1984,214998.7213
2637,5,3,Suburb,2011,279132.8168
2061,4,1,Rural,1987,301820.203
2364,4,3,Suburb,1957,279231.4098
2007,3,2,Rural,2005,283610.3116
1924,5,1,Suburb,2019,160862.1804
1644,5,2,Rural,1987,279303.9052
1713,4,2,Rural,1967,232857.809
1859,4,1,Suburb,1950,250709.2524
1020,3,2,Urban,1957,80522.97317
1241,3,1,Rural,1961,197191.905
1454,5,1,Urban,2014,106334.8714
1962,3,2,Urban,2009,233744.534
1620,4,2,Suburb,1966,184916.3046
1302,5,2,Urban,2019,205542.9307
2619,4,2,Rural,1971,302107.3997
2618,5,1,Suburb,1996,347996.3574
1802,5,3,Urban,2021,262092.7863
1963,4,2,Urban,1970,301445.2299
1068,5,1,Suburb,1954,143864.0022
2152,5,3,Suburb,1980,212666.4196
1195,3,1,Suburb,1979,162529.6068
1139,4,3,Urban,1994,95252.65869
2467,4,3,Suburb,1990,309923.2431
1282,3,3,Suburb,1978,223959.4196
1311,5,2,Suburb,1990,104735.9361
1745,2,3,Rural,2003,265867.7578
2558,2,3,Rural,1959,243007.4026
2688,4,1,Suburb,1996,210964.1519
1276,3,2,Rural,1968,107913.5769
1060,5,1,Urban,2013,232754.3435
2342,3,2,Suburb,1997,219998.8974
2913,5,2,Urban,2012,210091.6432
1051,4,2,Suburb,1965,71692.06641
2879,4,3,Urban,1993,366588.398
1152,2,2,Rural,1997,175065.9229
2772,3,2,Suburb,1996,274491.3663
2334,4,2,Suburb,1988,289299.4023
2837,3,2,Rural,2019,331722.021
1543,4,1,Urban,1980,158016.2192
1566,5,3,Suburb,1981,251244.7991
2887,5,2,Rural,2000,297068.2174
2412,2,3,Rural,1994,260456.4657
2571,4,3,Rural,1952,226943.5773
1621,2,2,Rural,1960,191946.7059
2200,2,2,Urban,1953,284168.7154
2385,4,3,Suburb,2002,250383.1685
1313,4,3,Suburb,1953,145364.554
1806,5,1,Rural,2016,95723.10422
1847,2,3,Rural,1972,252436.0368
1096,5,2,Rural,2005,112749.4459
1880,3,3,Suburb,1966,173460.4627
2236,3,2,Suburb,1961,213702.8852
1828,2,1,Suburb,1988,115402.6872
1136,2,2,Rural,1991,116585.2335
2029,4,2,Urban,1998,171796.326
2010,4,3,Suburb,1954,210301.7035
1108,2,3,Urban,1964,151950.6952
1546,2,2,Suburb,2012,145860.2684
2062,3,1,Rural,1975,196968.607
1661,5,2,Rural,1973,294372.8205
1424,3,2,Suburb,1992,99765.79425
1629,3,2,Rural,1985,167638.369
1260,5,2,Rural,1975,183244.1049
2449,2,1,Suburb,2013,302372.4018
1086,2,2,Urban,1960,64049.39063
1464,3,2,Urban,1969,190349.3758
1075,3,2,Rural,2001,108699.8023
1470,5,3,Rural,1982,253431.7822
2999,4,3,Urban,1955,349488.1288
2986,4,1,Suburb,1951,333642.3752
1413,2,1,Suburb,1968,237628.7285
1824,4,2,Urban,1979,210324.6878
1894,2,1,Rural,1974,162197.8776
1725,2,2,Suburb,1963,122166.8629
1456,2,1,Urban,1965,126344.5728
2308,5,3,Urban,1957,325295.0091
2262,3,2,Rural,1964,204691.9767
2700,4,2,Urban,2014,301624.8955
2622,5,3,Urban,1966,271536.8487
1652,4,1,Rural,1987,202089.0039
1671,5,2,Suburb,1963,182563.4811
2581,4,3,Urban,1997,250281.962
2395,4,1,Rural,1991,222034.7399
1494,3,1,Rural,1964,208785.5148
2647,4,1,Suburb,1970,280650.7587
2942,5,2,Urban,1967,366522.2627
2068,4,3,Urban,2020,200093.3382
2424,3,2,Urban,2006,295564.0411
2270,4,1,Urban,1950,209177.0162
2639,5,2,Urban,2020,208749.9437
1596,4,1,Suburb,2013,171445.8455
1449,3,1,Urban,1969,210348.3808
1484,3,3,Rural,2009,206629.16
1645,3,2,Urban,1981,150482.4369
1619,3,3,Suburb,1954,204511.0131
2041,2,2,Suburb,1993,230225.8696
2629,3,2,Urban,1971,265292.4796
1661,4,2,Urban,1981,189659.2108
1757,4,1,Rural,1991,250475.3263
1288,4,3,Rural,2020,140063.256
2437,4,3,Urban,2020,235727.1604
1720,2,3,Suburb,2000,203739.4573
1637,2,1,Rural,1970,118339.1449
1234,2,2,Urban,1993,131819.7447
1415,4,2,Suburb,1993,188995.8169
1937,5,1,Suburb,2003,229122.1593
1498,5,2,Rural,2008,166968.2485
1973,4,2,Suburb,1993,232805.2251
1633,3,3,Urban,2008,225601.1685
2673,3,1,Urban,1964,345088.0908
2019,4,2,Urban,1998,133337.5805
1114,3,1,Urban,1975,72849.81839
1931,3,1,Suburb,2021,175103.7892
1673,5,2,Suburb,1951,264029.459
2736,4,2,Urban,1973,304680.3428
2257,2,1,Suburb,1952,215360.7794
2563,5,1,Urban,1994,259590.5801
2034,4,2,Urban,1970,213274.4015
1205,4,3,Rural,2001,137144.2576
2702,5,2,Urban,1960,294821.3691
1246,3,1,Suburb,2014,128792.2573
2582,3,1,Suburb,1993,292861.3632
1757,5,2,Suburb,1955,224912.516
2150,4,2,Urban,2020,171253.2808
1146,2,1,Rural,2017,173374.29
1117,4,1,Rural,1957,163969.3998
2934,2,1,Urban,1972,289028.1244
2405,2,3,Rural,2002,246165.8701
1411,4,3,Urban,2011,168690.5231
2687,4,1,Urban,2000,360746.9179
2607,4,1,Suburb,1963,296272.1511
1362,2,2,Suburb,2004,244636.2509
2532,3,1,Rural,1982,245702.7238
1136,2,3,Urban,1954,110127.9955
2198,2,1,Urban,1955,236273.6523
2312,2,3,Rural,1994,207899.736
1957,5,2,Urban,1964,216292.9327
2504,3,3,Urban,2010,242087.4433
1018,2,2,Urban,2002,186445.3311
1194,2,3,Suburb,2002,152881.3637
1329,5,3,Urban,2006,102460.5033
2959,2,3,Rural,2016,270778.4036
1174,3,3,Urban,1963,149636.6927
2001,2,3,Urban,1970,186321.9897
1448,3,2,Rural,2015,187703.5701
2948,3,1,Suburb,1998,327990.611
1945,4,2,Rural,1969,148002.5262
2377,5,1,Rural,1967,261583.9197
2522,5,2,Urban,2001,312479.8745
1140,5,3,Rural,1966,189801.4017
1757,4,1,Suburb,1962,179437.042
2920,4,1,Rural,1976,327725.4736
1929,3,2,Urban,1955,200868.7644
1092,5,1,Urban,1984,138278.0836
2967,4,3,Rural,1967,324465.5964
1238,4,1,Suburb,1983,183733.0503
1204,4,2,Rural,1985,159803.351
1559,3,1,Urban,1971,128200.111
2456,2,2,Rural,2017,235489.341
1244,4,3,Suburb,2012,179966.5742
1831,4,2,Suburb,1990,172843.2527
2340,4,2,Rural,2005,277796.9778
1924,5,1,Rural,1981,285203.1928
1294,5,2,Suburb,1965,210962.3842
1639,4,2,Rural,2014,224942.313
1855,3,2,Urban,1965,216931.1313
2305,2,2,Urban,1994,201288.3804
1016,5,2,Rural,1997,13803.68406
1070,2,2,Urban,1992,111628.683
2292,4,1,Urban,1969,201336.0676
2348,5,1,Urban,1981,225146.3607
2817,2,2,Rural,2020,234939.5574
1304,4,2,Urban,2019,259968.4336
2474,5,2,Urban,1968,288153.4878
2030,4,3,Suburb,1957,220725.0152
2337,5,2,Urban,1998,264284.4426
1816,2,1,Urban,1968,159646.6051
2126,2,1,Rural,1958,213192.9948
1820,5,2,Urban,1983,204537.1209
1192,3,1,Rural,1983,124293.6895
2776,4,1,Suburb,2015,309897.7219
2597,2,3,Urban,1966,301429.7808
1528,3,2,Suburb,1959,134713.6113
1170,5,1,Suburb,2017,176484.6218
2560,2,1,Urban,2013,268347.7956
1250,2,2,Suburb,1972,216812.1596
2788,4,1,Urban,1957,285699.7571
2410,3,3,Suburb,1995,312072.8704
2230,4,2,Rural,1988,266035.8264
1540,5,1,Rural,1967,215851.118
2652,2,2,Rural,2017,356229.4326
1415,3,1,Rural,1966,85669.77825
1793,4,3,Suburb,1987,161524.463
2403,3,1,Suburb,2019,269559.5732
2167,5,3,Suburb,1957,339530.8906
1024,2,2,Suburb,2005,134253.8567
2845,3,3,Suburb,2009,322841.6762
1667,5,2,Urban,2000,144617.6566
2096,5,1,Rural,1961,238881.9611
1631,2,1,Rural,1964,161790.2193
2847,4,1,Urban,1953,240061.8105
2856,2,1,Rural,1993,317740.1682
2116,2,2,Rural,1966,320423.3422
1504,3,2,Rural,1976,209800.9003
2621,3,1,Urban,1996,234113.5417
1335,4,2,Suburb,1984,159513.286
1424,5,2,Suburb,1978,141324.7757
1498,3,2,Suburb,1962,240429.007
2387,4,1,Suburb,1973,301561.6842
1946,2,3,Rural,1967,284078.7465
1629,5,3,Urban,2011,215847.1251
2768,2,2,Suburb,1963,286093.0412
2222,5,3,Urban,1964,196716.9586
1717,3,3,Rural,2013,218583.9793
2436,2,2,Suburb,1974,221029.0736
1338,2,2,Rural,1958,107896.2463
1658,5,2,Rural,1978,223130.4822
1961,4,1,Suburb,1962,265738.2952
2960,5,3,Urban,1965,329234.1077
1428,3,3,Suburb,1976,120061.4584
2806,4,2,Rural,1955,315154.0893
1898,2,1,Urban,1959,304391.7791
1138,2,2,Urban,1984,116749.6612
2716,2,1,Suburb,1975,271058.969
1941,3,3,Suburb,1973,213880.5442
1541,2,2,Suburb,2004,143249.9586
1056,2,2,Urban,2000,145430.3472
2255,4,3,Urban,2010,302093.8856
1657,3,1,Suburb,1959,160388.5097
1434,2,1,Rural,1997,85994.74469
1383,4,3,Urban,1972,255003.5581
1559,2,1,Rural,1992,237333.2771
1193,4,3,Suburb,1988,210501.7166
2759,2,3,Suburb,1958,348052.7614
2671,3,3,Rural,1975,260882.5754
1533,5,1,Suburb,1971,142084.439
1517,3,2,Rural,1953,238747.7042
1715,4,3,Rural,1993,161428.2997
1750,2,1,Urban,1996,91649.0299
1184,3,3,Rural,1966,166822.8246
2895,2,1,Suburb,1968,322717.6492
1291,3,3,Suburb,1984,257735.2242
2358,4,1,Suburb,1974,213886.7058
1731,5,3,Suburb,2018,188531.716
1115,3,3,Suburb,2011,115534.843
1824,2,3,Urban,2016,161573.527
2072,2,1,Urban,1994,260953.5883
1684,2,2,Urban,1966,178083.8531
1081,4,3,Rural,1993,55943.19877
1833,4,1,Urban,2013,114381.5956
1332,5,1,Rural,2014,65452.4489
1556,2,1,Rural,2021,266677.6415
1334,5,2,Urban,1965,225944.0544
1531,2,2,Suburb,1971,150962.6271
2983,3,2,Urban,1977,395624.1432
1220,3,3,Rural,2018,219741.8877
1634,3,3,Rural,1981,123643.4434
2769,2,1,Rural,2006,204033.2436
2756,3,1,Urban,1961,274033.7265
1322,2,3,Urban,1976,156671.3288
2874,5,1,Rural,1997,213460.4931
1002,4,1,Urban,1968,51943.79562
2717,3,2,Urban,1995,327777.2018
1205,2,3,Rural,1994,175508.0694
2855,2,2,Urban,1993,360463.253
1039,5,1,Urban,1953,51936.62022
1058,5,3,Suburb,1951,77791.08952
1950,4,2,Suburb,1967,255724.2358
1573,5,3,Urban,1975,169572.7191
1643,4,1,Urban,2017,193250.9267
2530,4,1,Urban,2000,294923.3236
2595,5,1,Rural,1952,309491.2173
2907,4,3,Urban,1956,352614.0731
1842,3,3,Urban,1998,131713.1123
2145,4,2,Suburb,1992,191037.5426
2502,2,3,Urban,1953,311079.9887
1618,2,2,Suburb,1967,153778.4031
1095,2,2,Urban,1972,248585.2123
2882,5,2,Rural,1978,357769.4695
2437,2,3,Urban,2015,280248.0434
2258,5,3,Urban,1986,220706.6519
1897,2,3,Suburb,1970,200096.9717
2085,4,2,Suburb,2016,238667.807
2279,5,1,Suburb,1996,260991.6378
1560,2,2,Urban,1968,235520.1825
1904,4,2,Rural,2000,225182.8984
1347,5,2,Suburb,1962,178699.5335
1670,4,3,Urban,1966,256260.4976
2147,4,2,Urban,2008,239863.422
2505,4,2,Urban,1960,268696.1271
1316,5,2,Suburb,1954,164929.994
2527,5,1,Urban,1974,235116.3043
1718,3,3,Urban,1997,135566.2847
2071,3,2,Suburb,1959,209916.6404
2432,3,2,Urban,1959,280351.4633
2955,3,1,Urban,1963,382776.0094
2159,5,3,Rural,1977,217829.2768
2224,3,2,Urban,1983,309101.9449
1249,2,3,Rural,2000,62076.81866
1313,3,2,Suburb,1999,149857.4139
2892,2,2,Suburb,1982,336345.9276
2391,2,3,Rural,1977,214213.5215
2452,4,1,Rural,1978,313076.0049
2853,4,2,Rural,2008,253163.3932
1806,4,3,Urban,1990,165109.7784
2503,3,2,Urban,1954,234206.9069
2337,5,2,Rural,2010,321211.5754
2523,2,1,Rural,1991,308746.9343
2744,5,1,Rural,1962,308630.0424
2378,5,3,Suburb,1979,308774.7433
1484,3,2,Urban,1975,200055.7124
2234,5,2,Urban,1954,267710.4626
2727,5,3,Suburb,2019,277058.1227
1043,4,2,Urban,1986,86787.54126
2564,4,2,Rural,1999,264861.4834
1570,2,3,Urban,1991,191219.7183
1582,2,1,Rural,1994,175774.1599
2115,4,2,Suburb,2010,199679.4995
2288,3,1,Suburb,1967,353292.4937
1894,3,1,Urban,1950,253690.184
1219,2,1,Rural,1996,120305.2597
2925,4,3,Rural,1997,330800.1986
1924,3,3,Urban,2009,192676.5018
2465,5,3,Suburb,1959,410660.1409
1400,2,1,Rural,2015,115401.1745
2423,2,1,Urban,2002,244821.8906
1726,5,1,Rural,2014,174249.0587
1990,5,2,Rural,2014,231721.4276
1898,2,1,Rural,1979,187360.194
2812,5,2,Urban,1956,343788.3159
2599,3,1,Suburb,2004,249253.5659
1857,2,2,Suburb,2012,198515.546
1803,3,2,Suburb,2012,202184.6792
1489,2,3,Urban,2015,250672.4108
2508,3,3,Urban,1953,328374.9831
2780,4,1,Suburb,2011,351950.6785
2493,3,3,Urban,1988,360682.5816
2597,5,2,Suburb,2012,294775.0851
1937,4,3,Suburb,1978,239518.3896
1843,2,3,Urban,1986,194460.397
2705,3,2,Rural,1967,321102.9798
2468,2,1,Rural,1960,347539.8966
2292,4,1,Urban,1981,142291.4422
1266,5,2,Urban,1987,211682.0991
1053,5,3,Suburb,1994,223625.9219
1527,5,1,Rural,1954,245402.4343
2543,2,2,Rural,2016,203430.7682
1615,5,1,Suburb,1989,113278.8127
2082,5,2,Suburb,1972,259379.2605
2848,2,3,Rural,1982,230539.1841
2063,2,1,Suburb,1971,64458.31403
2260,4,2,Rural,1995,287286.0643
1954,5,1,Urban,1958,304987.591
1385,4,3,Urban,1954,228793.1245
2629,3,1,Rural,2010,345842.6213
1733,3,2,Rural,1993,172533.1898
1715,3,3,Suburb,2012,186845.7148
1649,3,2,Urban,1953,151220.3567
1299,2,3,Rural,1975,94553.05406
1394,4,1,Suburb,1998,177526.8158
2230,4,3,Rural,1957,281089.5376
2359,2,3,Urban,1977,191312.6451
1592,3,3,Rural,1977,110341.5571
2753,4,3,Rural,2002,313822.9205
1513,5,2,Rural,2011,249369.9606
2201,2,3,Rural,2003,220630.7607
1395,2,2,Rural,1975,229782.5029
1370,5,2,Urban,1994,182034.8486
1857,3,1,Suburb,1956,182696.9242
1790,3,1,Urban,1959,186881.363
1657,4,3,Suburb,1957,174198.9257
2341,5,3,Suburb,1965,258233.9986
1735,4,1,Urban,1956,256225.5811
2392,3,1,Rural,1964,182203.4999
1383,4,2,Suburb,1989,115790.8359
1061,5,3,Rural,2008,112315.2658
2829,5,1,Urban,2015,304269.1581
1504,5,1,Suburb,2011,145880.0615
1238,3,2,Suburb,1997,148868.7399
1194,2,2,Urban,1990,149618.2193
1677,2,1,Urban,1968,210811.1467
2986,2,3,Rural,1952,374249.5593
2245,4,2,Urban,1994,288371.9589
1060,5,2,Rural,1967,222475.8914
2152,3,3,Suburb,1998,301212.4016
1989,2,1,Rural,2018,336142.4301
1684,2,1,Suburb,2019,257191.1559
1155,4,3,Suburb,2014,72174.66867
2940,4,3,Suburb,1991,349308.4585
2401,2,2,Urban,1955,315720.9206
2645,5,1,Rural,2001,260852.9743
2804,5,1,Rural,1959,264158.9153
1922,4,1,Rural,1981,188852.1227
1867,4,3,Rural,1974,228309.7382
1902,5,3,Suburb,1976,298781.1926
2813,4,1,Suburb,1972,385200.4389
2609,4,3,Rural,1966,272259.9101
1998,5,3,Urban,2006,200724.2046
2460,5,3,Urban,1984,312996.3751
1974,3,1,Urban,1975,177977.2299
2230,4,1,Rural,1958,168742.697
1387,4,1,Suburb,1953,151616.51
2503,3,2,Urban,1966,189450.3403
2814,4,1,Urban,1957,359471.9415
1886,4,2,Urban,1984,213886.1042
1837,2,3,Rural,1962,172441.5617
2363,2,3,Suburb,1953,293463.322
2892,2,3,Suburb,2006,309376.6233
1339,3,1,Rural,1973,71326.41819
1203,4,2,Suburb,1988,126764.1899
1160,3,1,Suburb,1991,63251.56924
2563,3,1,Urban,2019,283748.9024
1391,4,3,Suburb,2007,186243.3701
1768,5,2,Rural,1961,287660.0823
2700,5,1,Suburb,1978,303766.0325
1574,4,2,Urban,1981,137971.3628
1533,5,1,Urban,1998,139397.5047
2093,2,3,Rural,1958,197680.1172
1892,4,1,Suburb,1952,238448.4428
1404,3,2,Suburb,2011,185491.1196
1607,2,3,Urban,1959,145641.1178
2698,3,1,Suburb,1993,366707.7077
2614,5,2,Urban,1965,359110.5663
2540,4,2,Rural,2000,318355.606
1827,2,3,Suburb,2000,175974.9861
2143,4,3,Urban,1964,152091.3184
2837,2,1,Rural,1959,250311.2722
1689,2,3,Suburb,1987,193702.2677
2711,2,1,Urban,1997,250281.5309
1901,4,2,Urban,1972,217090.6066
2240,2,3,Suburb,1986,232544.2325
1055,2,2,Rural,1982,127663.157
1365,4,2,Suburb,1984,120129.3726
2722,3,1,Urban,1967,362558.1608
2527,5,3,Urban,1958,363056.0573
2767,4,1,Rural,1963,341726.9962
2790,4,3,Rural,1990,350448.1938
2948,2,1,Rural,2011,382541.3752
1454,4,1,Rural,2012,86068.78519
1103,4,1,Rural,2018,22130.48727
1076,5,2,Urban,2010,177437.0213
1229,4,3,Urban,1955,242747.7113
2937,2,2,Rural,1978,294600.4559
2281,5,2,Urban,2008,269947.3929
2287,4,1,Suburb,1983,228270.2484
1330,2,1,Rural,1988,153744.7325
2205,5,2,Suburb,1995,273606.6152
1892,4,3,Rural,2007,286678.1081
2791,2,1,Urban,2014,360976.9442
2573,5,2,Rural,1975,293908.405
1687,2,3,Urban,1969,154266.7567
1026,5,3,Urban,2021,125993.7953
2299,4,2,Urban,2010,250752.0956
2675,3,2,Urban,2001,360404.3837
1298,5,3,Rural,1998,159902.052
1956,4,3,Suburb,1977,271251.1685
1798,5,2,Rural,2004,295225.7957
2114,3,2,Urban,1993,244990.1892
1479,2,3,Rural,1994,193722.8374
1572,3,1,Suburb,2016,158587.0149
1457,3,3,Rural,2008,199919.2953
2474,2,3,Urban,2011,305948.2626
1364,3,3,Urban,1989,182917.4528
1858,4,3,Urban,1982,150791.1043
2698,5,1,Rural,2017,340410.2544
1350,3,2,Rural,2007,238142.8949
2678,5,3,Suburb,1994,300504.7568
2423,5,2,Suburb,2021,199085.8925
1252,2,2,Suburb,1977,190205.6099
1780,3,2,Urban,1986,321815.2772
2904,2,3,Rural,1972,333807.7925
1802,2,3,Rural,2017,87173.06959
2011,5,3,Urban,2021,323189.8637
1458,4,1,Urban,1968,135155.6027
2722,5,2,Suburb,1982,310344.5746
1916,2,1,Urban,2008,259388.9062
1498,3,1,Urban,2019,230906.5203
1949,4,3,Urban,2020,254536.6748
2994,4,2,Suburb,1966,355288.3854
2949,3,2,Urban,1972,343617.6083
1507,3,3,Suburb,2016,128286.1103
2327,4,3,Rural,1994,224392.6391
1500,2,1,Urban,1986,198670.9324
1802,4,3,Urban,1981,251465.9941
1597,4,1,Suburb,2016,166058.8198
1165,4,2,Rural,1955,126388.3702
2438,2,1,Rural,2007,242187.9725
1461,3,3,Urban,2013,145843.7863
1919,3,2,Rural,1968,248477.7365
1113,3,1,Suburb,2010,149488.4699
2456,2,1,Suburb,2001,198804.3756
1991,2,2,Suburb,2002,188172.2351
2379,3,1,Suburb,1983,226030.7204
2951,5,1,Suburb,1973,306712.6413
2718,5,1,Rural,1954,250808.6694
1206,3,3,Rural,2012,134717.2564
2791,5,3,Urban,1974,231604.5292
2258,5,3,Urban,2011,245017.6464
2465,3,1,Rural,2021,298124.6831
2378,3,2,Rural,2012,273121.6699
1514,2,1,Urban,1969,129252.0204
2231,5,1,Urban,1997,250274.3097
1708,5,3,Suburb,1959,224787
2876,3,3,Rural,2005,267648.5147
2148,4,1,Rural,2011,224196.7666
1137,3,3,Rural,1977,213339.7668
1338,2,1,Rural,1978,182694.7376
1536,4,3,Suburb,1975,194521.664
1067,4,1,Rural,1966,143747.5039
2596,4,1,Suburb,1995,281897.8076
2564,2,2,Rural,1995,323635.2747
1382,5,3,Urban,2021,110209.1806
1018,3,2,Rural,1991,133326.7903
1682,2,3,Urban,1996,148689.9472
2473,2,3,Urban,1971,215888.5673
1073,4,3,Rural,1997,133780.4527
1572,4,2,Suburb,1981,139077.9778
1938,2,3,Rural,2003,293767.6093
2688,5,1,Rural,2008,303176.4539
2299,4,1,Rural,1966,193466.8649
2071,2,3,Rural,2018,190118.2818
1210,4,3,Rural,1987,201553.1516
1854,3,3,Urban,1955,243727.7734
2943,3,3,Rural,1958,352089.6861
1650,3,3,Rural,2015,260343.2456
2645,4,3,Rural,1969,313812.5568
1993,4,2,Suburb,1952,269599.5522
1694,5,1,Urban,2010,259780.2536
1539,3,3,Suburb,1975,236930.3268
2732,5,2,Suburb,2010,342146.8067
2214,2,2,Urban,1950,206963.4363
2338,2,3,Rural,1979,210520.7174
1900,3,2,Urban,1968,194929.055
2586,5,1,Urban,2007,272703.329
2684,4,3,Rural,2009,302199.6797
1779,5,3,Urban,1972,198516.6192
2585,2,1,Rural,2002,208821.4855
2923,5,2,Rural,1968,333738.5408
2781,2,3,Rural,1988,265292.8529
2136,2,1,Urban,1977,211865.1955
1169,5,1,Rural,1952,193430.6595
2491,4,3,Suburb,1968,295664.4716
2701,2,1,Urban,1973,254698.6265
2944,5,3,Suburb,2005,355540.2648
2037,2,2,Suburb,1957,220510.1377
2738,3,3,Suburb,2000,272552.4399
1287,4,3,Urban,2009,89044.74632
2930,3,1,Rural,2010,329800.0993
1188,2,1,Suburb,2020,134834.9497
1913,4,2,Suburb,1976,121620.3634
2178,5,3,Rural,1986,284365.6357
2590,5,2,Rural,2000,287768.9366
1693,4,1,Suburb,1984,231067.7758
2745,3,2,Suburb,1994,285328.4917
1887,3,3,Urban,1952,248275.7668
1470,4,3,Rural,2015,163433.061
2098,5,3,Rural,1952,293242.5565
1276,4,1,Urban,1986,137170.804
1939,3,1,Urban,1960,189107.1554
2668,2,3,Urban,1950,328622.283
2366,5,1,Suburb,1968,417149.9443
2448,4,2,Urban,2001,294770.3968
1570,2,2,Urban,1977,175270.1517
2534,3,3,Suburb,1986,308420.4624
1856,5,1,Suburb,1968,279109.791
2000,4,3,Rural,2009,286478.955
2205,3,2,Suburb,1950,330607.7402
1457,4,2,Rural,1961,232060.2621
1917,4,1,Urban,1992,207358.6534
2874,5,2,Rural,2004,362942.6372
1832,3,1,Suburb,1992,142093.1326
2087,3,1,Rural,2020,266087.0582
1838,2,2,Rural,1979,142654.3355
2283,3,2,Rural,1957,334359.2107
1192,3,3,Suburb,1961,65590.32371
2678,5,1,Rural,2013,218049.946
1615,2,3,Urban,1981,166541.7993
2995,5,1,Urban,1966,336276.9102
1405,3,2,Urban,1989,128405.7855
2749,2,1,Urban,1993,281058.2301
2777,5,3,Rural,1953,293305.9878
1942,2,1,Urban,2006,163842.0141
1720,3,2,Rural,1987,214117.3022
1092,2,3,Suburb,2015,242721.9145
1429,2,1,Rural,1998,135132.3265
1653,2,1,Suburb,2007,178107.3404
2457,3,1,Suburb,1958,204296.7442
2427,3,1,Urban,1973,336864.7643
1433,2,1,Urban,1956,127681.8181
2135,5,2,Suburb,2005,328219.791
2952,5,2,Urban,2005,305405.6997
1374,3,3,Rural,1969,186833.9264
2082,4,1,Urban,1985,263731.9717
2066,5,2,Rural,1994,251459.158
1206,2,2,Urban,1989,44103.44086
1779,4,1,Rural,1993,123279.0126
2319,3,3,Suburb,1972,300868.3991
2141,5,1,Urban,2018,263274.6033
1531,4,3,Rural,1958,162950.2156
2245,3,3,Rural,1991,338338.9533
1165,3,2,Rural,1983,196596.3129
1642,2,3,Suburb,2008,176616.2199
2179,5,2,Suburb,2014,189254.2698
2207,4,2,Rural,2016,242295.0342
1089,2,1,Urban,1958,178395.3933
2117,5,1,Urban,1977,217385.4051
1012,4,3,Suburb,1960,130472.534
1972,3,1,Rural,1965,192092.2447
2857,3,1,Rural,1972,251556.1198
1804,5,3,Urban,1984,135252.5873
1944,2,1,Suburb,1973,254697.2681
1741,4,2,Rural,1984,156226.4028
2857,4,1,Suburb,1970,300600.5826
2827,3,1,Suburb,1976,324909.5988
2461,5,1,Rural,1994,367216.8921
2561,2,2,Rural,1950,251873.8127
2610,3,3,Suburb,1976,404402.465
2991,3,2,Suburb,1994,230683.1499
1875,2,3,Rural,1986,306498.1308
2959,4,2,Urban,1975,366482.2637
2834,4,1,Suburb,1999,250269.381
2173,5,2,Urban,1987,238125.5325
1659,3,3,Suburb,1960,240400.8931
2031,5,1,Suburb,2018,215756.666
2052,4,3,Suburb,1954,264218.4846
1295,2,1,Rural,1963,56246.10252
1985,4,1,Rural,1982,233443.4613
1925,4,2,Rural,2001,194532.3947
2744,3,3,Urban,1973,241020.3022
1639,4,2,Urban,1954,172211.7162
1339,5,3,Urban,1991,143915.0099
1627,2,2,Rural,1995,164923.2553
1438,3,1,Suburb,1980,193372.2699
2167,2,3,Suburb,2000,197482.1958
1941,5,3,Urban,1984,191216.0494
1829,5,2,Rural,1966,183876.7562
2770,4,3,Rural,2010,276604.8604
1518,5,2,Suburb,1985,247140.7327
1975,4,2,Rural,1988,249245.6826
2068,3,3,Urban,2020,230321.4698
1954,2,2,Rural,1963,138802.2367
2262,4,3,Urban,2005,296079.7666
1951,4,1,Urban,1980,217635.7791
1943,3,2,Urban,2000,145817.3694
1154,5,1,Urban,2012,120226.3522
2204,4,2,Suburb,1975,267929.2062
2238,5,3,Rural,1963,359208.6033
1087,4,2,Rural,1990,149788.936
2279,5,2,Suburb,1962,274139.1438
2534,4,3,Suburb,1957,257064.3096
2096,2,1,Rural,1980,245468.815
1930,2,3,Suburb,2014,252190.152
1178,2,1,Rural,1984,110355.5407
1211,4,1,Suburb,1993,113459.4075
2828,5,2,Suburb,2006,320969.1872
2257,3,2,Rural,1980,240967.0114
1464,3,1,Urban,1978,182006.7257
2774,3,3,Suburb,2008,408713.0101
2246,2,1,Urban,1961,318753.9236
1630,2,2,Urban,1954,186156.8645
1824,2,3,Suburb,2020,128152.2104
2287,5,3,Urban,1975,241682.4041
2230,2,2,Rural,1965,285592.24
1606,5,3,Rural,2020,211202.2998
1884,5,3,Urban,1968,114368.0375
2757,5,1,Rural,1954,281352.4627
1365,4,1,Suburb,1971,202102.8637
1275,3,2,Urban,1974,133270.7051
1379,5,1,Suburb,1951,136488.8169
2766,3,3,Suburb,1997,302695.7934
2332,5,2,Rural,1963,201217.1089
2654,5,2,Urban,2015,262869.0992
2291,2,2,Rural,2001,168684.7241
1944,3,3,Rural,1967,133482.8339
2808,5,1,Urban,1960,380253.6729
2087,3,3,Suburb,1989,303013.4127
1809,2,3,Urban,1964,233040.6795
2373,5,1,Suburb,1986,283756.506
1924,2,1,Urban,2004,120415.7854
2938,5,3,Rural,2006,346974.0119
1493,2,1,Urban,1967,90880.73931
2546,2,3,Rural,1967,179824.1439
2121,4,1,Suburb,1978,127640.6277
2969,5,3,Rural,1991,271766.8232
2094,5,1,Urban,1952,193148.6817
1363,5,2,Urban,1971,193805.9107
1569,3,1,Urban,2008,145983.7914
2825,4,3,Rural,1997,299235.153
1762,3,1,Rural,1994,219681.5128
1275,5,1,Suburb,1988,31616.78864
1049,4,3,Urban,2017,87806.56055
2381,2,1,Suburb,1980,245940.4807
1727,4,2,Urban,1963,146562.6302
1905,2,2,Rural,2020,253999.0577
1927,5,2,Rural,1959,173302.5132
1563,5,2,Suburb,1962,212320.4146
1782,2,1,Urban,2012,213293.1308
1484,4,2,Suburb,2017,166092.3033
2107,3,1,Urban,2017,292903.0908
2922,4,2,Rural,2011,314941.2266
2828,2,2,Suburb,1971,316509.209
2661,2,3,Rural,1995,323313.7658
2831,3,1,Urban,2018,307097.2318
1583,3,1,Rural,1952,175130.9312
2319,3,1,Rural,2002,243207.2298
1235,2,3,Suburb,2003,170811.8007
1055,5,1,Rural,1990,161076.864
2942,4,3,Urban,2012,297015.1809
1359,3,1,Urban,1974,211043.0948
2930,2,2,Rural,1958,379219.3874
1109,4,3,Suburb,1961,112369.7541
1191,3,3,Urban,1957,175744.741
1903,5,3,Suburb,2003,322050.3667
2116,4,1,Urban,1969,223180.2724
1861,4,2,Rural,2009,212009.3611
1567,2,3,Urban,2017,85380.74583
2083,2,3,Suburb,1999,254948.3112
1649,2,1,Rural,2007,108632.6722
1038,5,1,Suburb,1977,121576.9725
2563,4,2,Suburb,2003,272355.0837
2072,3,3,Urban,1950,188769.4015
2443,5,3,Suburb,2016,360140.294
1636,3,3,Rural,2017,168077.7323
2036,3,3,Rural,2001,272871.444
1035,2,3,Suburb,1962,61374.11406
1100,3,2,Rural,2006,101006.0777
2817,3,3,Rural,1997,253364.0555
2109,5,1,Rural,1968,141759.9432
2539,2,3,Urban,1983,245566.7966
2246,3,3,Rural,2012,307783.9893
2361,3,3,Rural,1973,282583.8311
2983,3,3,Rural,1990,335514.7176
1165,4,3,Rural,1990,197505.7508
1382,4,2,Suburb,2007,251336.9551
2879,2,1,Rural,1995,238896.5977
2918,5,2,Rural,1966,220423.6121
2399,2,1,Suburb,1957,222980.7276
2494,4,1,Suburb,1957,380675.1482
1789,2,1,Rural,1983,190712.421
2665,5,3,Rural,2013,315216.2854
1030,2,2,Urban,1961,106466.2627
2398,3,1,Suburb,1994,281982.1808
1010,5,1,Urban,1985,138914.7266
2325,5,3,Suburb,1981,269295.5701
1095,5,3,Rural,2007,141326.4278
2213,2,2,Suburb,1979,244650.7528
1452,2,1,Rural,1970,106508.7936
1191,3,1,Urban,1977,119205.345
1485,5,1,Urban,1959,168266.1378
2289,3,2,Urban,1952,234264.5841
2447,5,3,Suburb,1970,391951.3207
2151,4,3,Suburb,1980,257327.1948
1237,2,2,Rural,2016,150845.5898
2943,3,3,Rural,2010,281873.6181
2378,2,1,Rural,1986,211172.1881
2963,2,1,Rural,1952,298439.2969
2135,4,2,Suburb,2012,190233.6668
2851,4,3,Rural,1952,250722.8996
2469,5,2,Urban,1954,220774.5631
2366,4,2,Rural,2019,349102.1437
2168,5,3,Urban,2021,180512.4776
2088,4,2,Urban,1988,273755.9725
2270,4,1,Suburb,1995,272074.2711
1734,3,2,Rural,1970,241797.1556
1990,4,1,Rural,1981,322654.7441
2513,3,1,Suburb,1952,306120.6528
1824,4,2,Rural,1961,209841.1621
2462,3,1,Suburb,1997,219628.2674
1105,2,2,Urban,1997,137615.0488
1180,5,2,Suburb,1973,198987.8201
1183,4,3,Rural,1998,191909.4763
1225,3,2,Suburb,1956,59218.10513
1776,4,1,Suburb,1979,259970.9777
1789,3,2,Urban,1998,197882.0264
2932,3,2,Suburb,1998,392850.6246
2112,4,3,Rural,1950,285023.6012
1687,5,3,Urban,1956,307528.6432
1529,3,1,Urban,1966,162309.9988
2394,2,1,Suburb,1991,300178.4797
1971,4,1,Rural,1980,222454.9399
1935,2,1,Suburb,1962,225603.3021
2936,3,3,Suburb,1960,239597.1947
2422,3,2,Suburb,1977,307886.823
1105,4,3,Suburb,1957,27651.66771
2294,5,3,Rural,1964,240959.4221
2998,2,3,Urban,2017,323939.6395
1830,5,2,Suburb,2003,259470.0284
2526,2,2,Urban,1956,297434.4225
1678,5,3,Rural,2013,220688.0255
2548,4,2,Suburb,2011,227607.042
1848,2,3,Urban,1973,214368.0203
2055,4,3,Rural,2016,270949.3197
1392,5,1,Urban,2009,137113.1618
1039,5,3,Urban,1992,91553.93464
1659,5,3,Rural,2020,210213.0003
2241,4,3,Suburb,1951,144176.8229
2754,3,1,Urban,1982,245619.5049
1980,3,2,Urban,1991,244298.3638
2105,2,1,Rural,2008,326380.1947
1844,4,2,Suburb,2009,246506.5491
2743,4,1,Suburb,1988,272909.9226
1200,4,2,Urban,1950,25583.27889
1446,5,1,Suburb,1982,209721.2506
2867,4,3,Urban,1990,346463.7711
2451,3,2,Suburb,1954,187244.2524
2061,2,1,Urban,2008,191567.4279
2234,3,1,Rural,1986,216452.0245
1443,4,1,Urban,2009,338563.1011
2350,2,2,Rural,1993,164840.113
1760,2,3,Suburb,2014,252989.2688
1226,4,1,Suburb,1979,159455.883
1047,4,2,Rural,1977,195203.4791
2041,3,2,Suburb,1958,146221.0642
1911,3,3,Rural,1981,233810.9071
2462,5,3,Rural,1991,325428.9855
2830,5,3,Urban,1983,318526.6056
2731,5,2,Urban,2017,257020.8862
1186,4,2,Urban,1967,153398.0748
1344,4,3,Rural,1989,95231.64589
1223,5,1,Urban,2007,156903.2342
1829,5,3,Rural,1997,220063.0011
1487,3,3,Urban,1965,217769.2367
2932,5,3,Urban,2019,323281.3195
1876,5,3,Rural,2002,224748.9905
1848,2,1,Urban,1952,281624.9081
2252,5,1,Rural,2013,173242.3555
2413,2,3,Suburb,1994,294253.5344
1978,5,2,Rural,2005,230514.2924
2612,2,2,Rural,2015,218533.6702
2016,5,1,Urban,1956,231062.034
1187,3,3,Suburb,1995,258196.9226
2881,4,2,Suburb,2010,326354.0106
1269,2,1,Rural,1957,212110.7504
2630,4,1,Urban,2014,322547.9841
1309,3,1,Suburb,2010,118647.9779
2155,5,1,Rural,2010,251948.5995
2574,5,3,Urban,1954,315815.196
2095,3,1,Rural,1980,228564.7082
2816,4,2,Suburb,2010,384593.6354
1844,4,3,Urban,1997,200893.0821
2695,4,1,Suburb,1960,317425.1516
2210,4,2,Rural,1960,240876.6736
1485,2,2,Suburb,1957,224426.0297
2214,4,2,Urban,1955,227479.1585
2445,2,3,Suburb,1981,238665.5501
1119,3,3,Suburb,2002,156184.4312
1219,5,2,Urban,2006,178516.9993
1052,2,3,Rural,1978,163917.5175
2757,4,1,Urban,2005,274625.3702
2474,5,1,Rural,2013,241334.8782
2435,2,1,Rural,2013,341512.9704
2666,5,3,Suburb,1968,344595.4361
2260,3,3,Urban,2017,180076.8323
1757,4,3,Rural,2014,149201.2429
1737,3,2,Rural,2000,151141.8056
1719,5,1,Rural,2002,257311.3162
1405,3,2,Suburb,2015,166417.9281
1607,4,2,Urban,2021,144421.6861
2020,2,1,Suburb,2004,236981.5888
1421,3,3,Rural,1999,232522.2268
1711,4,2,Rural,1997,246438.5007
1246,5,2,Urban,2006,193438.0845
1071,3,3,Urban,2007,45671.6502
2853,2,3,Urban,1990,283004.9556
1184,3,1,Rural,1984,166531.8547
1005,5,2,Rural,1978,74634.21386
2229,5,1,Rural,2016,313144.0875
2567,5,2,Urban,2015,267165.3226
2634,3,1,Suburb,1964,270459.9307
1905,3,1,Suburb,1970,285683.0111
1386,3,3,Rural,2002,121426.7213
2791,2,2,Rural,1971,283855.631
1698,4,1,Suburb,2003,113040.0872
2099,3,3,Suburb,2005,281416.2709
2200,2,3,Rural,1980,393599.6213
1826,5,3,Urban,1971,140953.4857
2822,3,2,Rural,1957,189464.5932
1348,3,1,Urban,2009,191715.8207
2278,3,2,Suburb,1980,208326.2836
2860,2,2,Suburb,1986,290398.106
2725,3,3,Suburb,1967,359033.6055
1307,3,2,Suburb,1981,124226.3982
2368,4,2,Rural,1986,234654.0711
2150,2,1,Suburb,1968,131144.0056
2960,4,3,Urban,1955,404694.0577
1286,4,3,Urban,1954,146015.924
1765,4,1,Rural,1975,145306.0404
1724,4,2,Suburb,1968,176715.0153
1761,5,1,Suburb,1956,98269.27209
2619,3,1,Urban,1955,191931.8905
2510,4,2,Suburb,2018,258687.8957
1382,2,3,Urban,1953,151950.2535
2429,3,1,Urban,2011,304957.4694
1387,4,2,Rural,1974,201450.146
1524,4,3,Rural,2014,176036.5171
2580,2,1,Rural,1970,303843.6289
1638,5,1,Suburb,1964,176776.26
1937,2,3,Suburb,1959,157732.0516
2649,5,1,Suburb,1966,335432.1277
2968,5,1,Suburb,1950,213797.1507
1275,5,2,Rural,1979,134086.0211
1499,4,1,Urban,1950,119970.6657
1716,4,1,Urban,2005,250131.144
1336,5,2,Rural,1955,175817.8514
2973,5,2,Urban,1992,232427.876
1931,4,3,Rural,2012,249783.0882
1480,5,3,Suburb,2004,184558.2135
2920,4,3,Rural,2000,275862.2506
1910,5,2,Rural,1983,189789.8742
2996,4,1,Suburb,2012,353516.1461
2296,2,1,Suburb,1954,287063.0188
2943,5,1,Suburb,1982,304676.5762
2081,5,1,Urban,1991,264816.0097
2351,2,2,Rural,2020,207625.6032
2754,3,3,Urban,1956,386864.116
1108,5,3,Urban,2017,251097.4605
2302,3,3,Rural,2021,182849.0753
2709,2,2,Urban,1976,359683.0171
1327,5,3,Urban,1974,235871.6468
2799,3,2,Suburb,1984,334626.8617
1314,5,1,Suburb,1983,26423.63208
2497,5,2,Suburb,2013,340800.3837
2134,4,2,Urban,2007,248201.1788
1698,3,3,Urban,1954,214088.5748
1780,4,1,Suburb,1963,186435.1771
2958,4,2,Rural,1953,298497.6983
2252,3,2,Suburb,1991,207667.2506
2520,3,2,Rural,1971,272541.3943
1155,4,2,Rural,2016,123141.5072
2496,5,3,Urban,1970,348881.3941
2724,5,3,Suburb,1986,363579.5933
2295,2,3,Rural,1956,238645.406
1886,5,1,Urban,1956,185167.0245
2025,3,3,Urban,1994,258755.4935
1757,3,2,Urban,1986,271273.2528
1721,2,2,Suburb,2019,97845.95277
2534,3,1,Urban,1980,235228.5363
1912,4,1,Urban,1994,172975.9858
2309,2,2,Rural,2020,373197.7498
1870,2,3,Rural,1976,228264.1209
1012,5,3,Rural,2015,155825.7087
1607,5,2,Rural,1978,185529.8917
1497,4,1,Suburb,2010,149516.4451
2756,4,2,Urban,1983,255540.5723
1237,5,1,Rural,1967,181555.4053
2117,5,3,Suburb,1977,311629.1332
2361,4,3,Rural,1979,248356.3876
1780,5,2,Suburb,1971,179055.6571
2194,2,3,Urban,1952,89483.75719
1605,4,2,Urban,1985,165310.7898
1660,5,2,Rural,1974,159156.856
2647,3,1,Urban,1972,253411.08
2590,3,2,Urban,2014,276833.3744
1848,4,2,Rural,1986,189260.8731
1935,3,3,Rural,1970,225503.9968
2490,3,1,Suburb,2013,296532.2187
1627,2,1,Suburb,1995,93755.26759
1142,4,1,Suburb,1996,137446.3359
2224,3,3,Urban,1997,206577.7271
2203,5,1,Suburb,1986,189480.4183
1713,4,3,Urban,1984,213330.9105
2387,4,1,Suburb,1965,236174.358
1478,3,2,Urban,2017,189091.699
1564,3,1,Suburb,1979,165270.2519
1470,2,3,Urban,1967,220022.0968
1383,5,3,Rural,1955,146855.6441
2715,2,2,Urban,1995,312337.2327
1925,2,2,Rural,1990,201168.6274
1416,5,3,Rural,1997,150779.235
2848,3,1,Urban,1964,331741.8646
1307,2,2,Urban,1956,159711.546
1648,4,2,Rural,1986,123374.9621
2717,2,1,Suburb,1975,271681.397
2390,5,3,Rural,2014,321254.1438
2024,2,2,Suburb,1975,255668.3434
2067,2,2,Rural,1999,281724.6397
1738,4,3,Rural,1979,139179.2067
2866,5,1,Rural,1983,319998.3263
2121,4,1,Urban,1995,262096.7656
2743,3,2,Urban,2016,236529.1292
2288,5,3,Urban,1968,269883.253
2823,2,1,Rural,2007,348078.7529
2806,4,3,Rural,1980,271564.3596
1139,4,2,Urban,1962,138388.5131
2504,5,1,Urban,1978,135585.8353
2260,4,3,Urban,2002,192822.2954
1973,5,3,Urban,1966,294283.5322
2016,3,2,Rural,1980,180845.4989
1952,5,1,Suburb,2001,258923.315
1903,5,2,Urban,1990,291117.0156
1071,3,2,Rural,2006,104438.1611
2690,3,1,Suburb,1957,244351.0222
2213,2,3,Urban,2003,321613.5287
2291,4,3,Rural,2005,254847.728
2344,3,3,Urban,1976,285827.9976
1106,3,1,Rural,2012,106344.7452
2255,4,2,Rural,2016,275835.4867
2065,4,3,Rural,1975,296726.6743
2725,2,3,Suburb,2004,238310.4949
1882,2,1,Suburb,1993,234569.1049
1138,5,1,Urban,1994,191656.2481
1614,2,2,Urban,1991,125763.8752
2706,3,2,Urban,1975,292084.1373
1862,3,3,Urban,1970,177316.4977
1272,4,3,Rural,1974,54360.21636
2504,2,1,Rural,2008,254175.2395
1415,5,2,Suburb,1988,205614.5792
1505,5,3,Rural,2015,179176.1009
1732,5,1,Urban,1991,188693.7634
2748,5,2,Rural,1971,326655.5685
2876,4,2,Suburb,1951,316460.6992
1423,2,2,Rural,2008,184353.0161
2430,2,1,Suburb,1960,252580.4036
2591,2,2,Suburb,1990,232148.0068
1389,2,1,Rural,1953,176816.7663
1341,5,1,Suburb,1976,156550.8283
1945,5,1,Rural,1995,272705.7534
1613,4,2,Suburb,2015,222521.5886
2956,4,3,Rural,2004,275533.4904
1492,5,3,Suburb,1987,263873.3565
1191,3,1,Urban,1954,134513.6475
1498,2,1,Urban,1977,107891.1629
1821,4,3,Rural,1958,181458.2088
2735,5,2,Suburb,2007,295216.4584
2256,2,3,Suburb,2002,292062.6568
2968,2,3,Urban,2000,210573.0981
1226,5,2,Urban,1996,79442.58846
2394,3,1,Rural,1990,210826.1954
1138,3,3,Suburb,1964,216479.5751
1855,4,1,Suburb,1996,257825.2379
1816,5,2,Rural,1976,171509.1876
2172,4,2,Suburb,1981,208222.6853
2138,3,2,Urban,2006,282190.6491
2473,4,2,Suburb,1998,284858.2259
2086,4,2,Suburb,1999,222604.997
1103,3,1,Suburb,1962,97960.81478
2874,2,2,Suburb,2017,279490.6612
1870,2,1,Urban,1997,188517.3144
1667,3,2,Suburb,2009,273283.6379
1272,2,1,Rural,1955,226822.6537
2029,5,2,Suburb,2016,279067.4321
2170,2,2,Rural,1991,229380.0681
1183,3,1,Rural,1955,254965.8619
2051,5,3,Rural,1974,322899.5892
2985,4,2,Suburb,1998,328194.2415
2573,3,1,Urban,1984,210921.0049
2142,3,1,Rural,1956,310583.6672
1292,2,3,Rural,1960,193652.2849
2394,5,2,Suburb,2009,211997.7778
2267,3,3,Urban,1956,300740.6955
2603,5,1,Urban,2016,420188.624
2749,5,2,Rural,1974,348298.3474
2241,2,3,Suburb,1953,219802.3301
1176,3,2,Suburb,2000,181346.3428
2322,5,1,Suburb,1992,282550.6432
2699,5,3,Rural,1994,257040.4964
1057,4,1,Rural,1992,213693.5692
2292,2,1,Suburb,1957,230073.1302
1307,3,3,Rural,1999,98780.90073
2593,5,3,Urban,2009,295989.9315
2311,2,3,Suburb,1980,260752.9649
1976,3,1,Suburb,1981,251045.766
2128,5,2,Suburb,1986,241222.6944
2251,3,2,Urban,1987,224177.5434
2270,3,2,Suburb,1976,267759.5779
1699,2,2,Urban,2000,174178.7104
2517,2,2,Suburb,2012,139158.2707
1082,4,2,Suburb,1957,46909.90595
2209,4,3,Rural,2002,237142.3869
1251,4,2,Rural,1956,145979.6186
2378,5,1,Rural,2017,288165.0873
2773,4,1,Urban,1996,216087.4108
2895,3,2,Urban,1997,292447.9037
2719,2,1,Urban,1957,279086.654
1795,3,1,Urban,1980,214079.6931
1896,2,2,Suburb,1997,278159.58
2961,2,3,Urban,1975,328531.6921
1209,3,3,Urban,1992,79419.65424
1815,3,2,Rural,1999,255586.7798
2831,5,3,Rural,2004,381431.1906
1608,2,3,Rural,1970,129308.3029
1446,4,2,Rural,1962,191470.8229
1459,5,1,Urban,2003,294023.0109
1967,4,3,Urban,2000,293841.7865
1471,5,2,Urban,1954,152520.7161
2743,2,1,Rural,2001,385277.4045
1369,3,3,Suburb,1950,155979.1074
1899,3,2,Suburb,1959,240375.4645
2957,2,3,Rural,1989,452870.619
2515,3,3,Suburb,2019,294531.3
1922,2,2,Rural,1972,278424.972
1136,2,1,Suburb,1976,134093.9608
1366,2,2,Rural,2015,105316.7496
1911,5,1,Rural,1966,153278.6108
1183,3,2,Suburb,1978,29695.88259
2611,5,2,Suburb,1951,291074.0277
2310,4,3,Suburb,2006,282043.8857
1471,2,1,Urban,2017,106276.6727
2398,3,1,Urban,1958,254042.8801
1653,4,1,Rural,1983,214435.8489
1748,2,3,Urban,1999,155000.5785
1536,4,2,Urban,1984,179969.0022
2534,5,3,Suburb,1982,288923.3813
1801,5,2,Suburb,1983,93424.50281
2602,3,2,Urban,1976,196553.9139
2273,4,2,Rural,2003,317578.7014
1919,4,2,Urban,1987,204066.9078
1509,5,2,Suburb,2004,176194.1858
1629,5,3,Rural,2014,191618.9768
2001,3,1,Rural,2005,146488.5278
2096,2,2,Urban,1996,246465.5892
2305,3,3,Urban,2006,278290.3919
1915,5,3,Urban,1984,142565.2669
2983,3,3,Suburb,2009,345503.3757
2383,2,3,Rural,1955,247354.7255
2033,5,3,Rural,1952,234912.3689
2234,2,2,Rural,2017,262911.0071
2858,3,1,Urban,1994,322740.4853
1151,2,2,Suburb,1956,149555.1544
2028,5,2,Rural,2016,215133.0776
2218,5,1,Urban,2016,269473.8672
2977,2,2,Rural,1966,321248.3406
2306,3,1,Suburb,1987,287941.1848
1463,3,2,Urban,1996,127023.1822
2136,3,1,Rural,2014,252805.3294
1270,3,3,Rural,2015,155047.5235
2186,4,1,Suburb,1950,230771.9193
1459,4,2,Suburb,1960,268657.4244
1104,2,2,Suburb,2011,156862.9959
2716,4,1,Urban,1958,268527.0344
2579,4,3,Suburb,1954,276963.5096
2305,4,2,Suburb,1989,220554.6974
2710,2,3,Rural,2006,290412.8866
1161,4,1,Suburb,1982,160271.8636
1350,3,1,Rural,1987,240456.6608
1433,3,1,Suburb,2005,173046.0848
1851,2,3,Urban,1979,200312.4968
1139,2,3,Rural,1982,130329.2681
2494,2,1,Suburb,1989,294233.7359
2155,5,1,Rural,2017,211213.7896
1086,4,1,Rural,1971,86793.28073
2711,2,3,Urban,1972,275994.0508
1182,2,3,Rural,1971,154750.7632
1367,2,3,Rural,2010,268652.045
1128,3,1,Suburb,1985,54590.61326
2269,2,3,Suburb,1950,231020.1763
2624,3,2,Urban,2016,304499.1834
2601,3,3,Urban,1974,366123.5677
1669,5,3,Urban,2018,212616.7224
2922,2,2,Suburb,2012,228927.1011
2401,5,3,Rural,2000,215510.6064
1148,2,1,Suburb,1971,132643.8025
1984,4,2,Rural,2006,196946.607
1851,2,1,Urban,1957,252401.6936
2456,2,2,Rural,1992,241033.2236
1627,2,3,Suburb,2005,153176.8683
2749,2,2,Urban,1970,295817.2226
2492,2,3,Suburb,1956,289858.4338
1445,2,3,Rural,1969,164652.4025
2504,5,1,Rural,2013,258224.9001
1883,4,2,Urban,1962,146980.2986
1293,5,2,Suburb,1963,77854.74525
2788,4,3,Suburb,1965,295840.6868
2166,5,1,Urban,1996,189690.1113
1249,5,1,Rural,1965,169213.7142
1877,2,3,Rural,1964,173924.3976
1947,5,1,Urban,2016,217406.5381
1974,4,1,Rural,1954,256423.4034
2325,3,3,Urban,1954,260971.9541
2048,4,1,Suburb,1994,248619.7129
1788,5,3,Rural,1963,227991.8249
1983,3,1,Urban,2014,188843.7773
1888,2,3,Urban,1993,176593.4952
1889,3,2,Rural,1985,285572.914
2924,2,1,Urban,1967,340801.0767
1069,4,1,Urban,2021,109291.4632
1624,3,1,Urban,1999,163242.0282
1874,3,1,Suburb,1993,269821.0361
2135,3,1,Urban,2007,243979.9716
2387,2,3,Urban,1993,256881.504
2326,2,1,Suburb,1950,162455.5087
1470,4,3,Rural,2020,139905.7148
2987,4,2,Urban,1951,374752.483
1090,5,2,Urban,1957,155667.0253
1529,2,3,Suburb,1959,215092.2075
1660,4,2,Urban,1958,207666.8457
1738,3,3,Suburb,1956,207197.9273
1725,3,1,Suburb,1998,197764.7165
1871,3,3,Suburb,1984,235909.74
2686,4,2,Rural,1985,362549.613
1191,3,3,Rural,2021,134941.3514
2986,3,2,Suburb,2004,293758.4368
2575,2,3,Suburb,1951,332725.3004
2265,2,2,Rural,1972,263885.0754
1137,4,1,Rural,1975,57294.91475
1344,2,3,Urban,1991,220492.6582
2203,5,1,Urban,1972,344907.465
2008,4,1,Suburb,1986,314097.8156
2735,5,1,Rural,1979,310514.6633
1502,5,2,Rural,2012,131922.4672
1202,4,2,Urban,1980,91660.40644
1572,2,1,Suburb,1991,205927.4139
1191,2,3,Rural,2004,138518.0873
1004,4,2,Rural,1996,101994.7694
2913,5,2,Rural,1950,312060.6247
2260,4,1,Suburb,2005,231080.5304
2716,4,2,Suburb,1960,265907.3088
1310,3,3,Rural,1974,154119.9227
1548,3,2,Suburb,1992,164396.4632
1055,5,2,Urban,1975,173055.1755
1442,2,3,Urban,1975,277155.5742
2260,3,3,Urban,1957,170089.6322
1869,3,2,Suburb,2017,133350.3517
2884,5,3,Urban,2016,327600.1606
2220,4,2,Rural,2008,233654.46
1584,3,3,Rural,1992,166659.91
2594,2,1,Suburb,2000,343738.8998
1751,5,2,Urban,1992,164584.5719
2537,3,1,Suburb,1963,324282.5457
2472,5,2,Suburb,1957,359195.3545
1359,3,3,Suburb,1991,185069.3098
2723,3,1,Rural,1952,263044.4753
1818,5,2,Suburb,1991,245467.9043
1029,2,3,Rural,1984,174234.4207
2802,2,3,Suburb,2001,351577.1383
1107,4,1,Urban,1994,159709.5328
1843,3,2,Rural,1951,77897.96676
2958,4,1,Suburb,1997,348880.3647
2625,5,2,Urban,2014,353516.7096
1716,4,3,Suburb,2020,250655.2976
1890,5,3,Urban,1958,235786.9794
2991,2,3,Rural,1997,322288.2555
2982,5,2,Rural,1987,333839.4627
1959,5,2,Suburb,2020,243677.0146
2468,4,3,Suburb,1999,313333.263
1892,3,2,Suburb,2016,165770.645
2461,4,2,Urban,2018,325955.6174
1731,2,3,Rural,1974,161269.4589
2913,2,3,Suburb,1982,259543.0359
1605,2,2,Urban,1995,140824.0909
1456,3,2,Urban,1961,155015.9786
1614,4,1,Rural,1959,190598.7079
2758,5,2,Rural,1967,492195.26
1697,5,1,Suburb,2013,195292.7353
2719,3,2,Rural,1995,333199.6392
2518,2,1,Suburb,1968,320089.1269
1673,3,1,Rural,1977,115788.0009
2270,5,3,Urban,1973,306851.7456
1542,2,2,Rural,2013,269178.6226
2587,3,3,Urban,1998,216159.4575
1856,5,3,Urban,2008,268162.0088
2611,5,2,Urban,2021,281269.3434
1896,3,3,Suburb,1978,214571.3265
2462,5,3,Urban,1952,326211.7781
1277,4,3,Suburb,1951,140889.5791
1551,4,3,Urban,2009,162746.3433
2636,2,1,Urban,2002,238731.5483
1110,4,2,Suburb,1972,208599.6744
1384,4,2,Rural,2001,203600.6686
2856,3,3,Suburb,1969,209688.5136
1760,2,2,Urban,1983,294909.8601
2214,3,1,Suburb,1981,302092.9
2513,3,3,Suburb,1976,185674.2418
1693,4,3,Rural,1959,234797.3642
2449,4,3,Suburb,1983,167723.3251
1404,5,1,Rural,1981,167976.0435
2358,5,2,Suburb,1991,255041.012
2232,2,1,Suburb,1962,267089.9585
1021,4,2,Rural,1977,198994.8968
1677,5,1,Rural,1980,202347.9881
1610,3,1,Suburb,1957,201406.4962
2231,4,3,Rural,1961,266120.0016
1007,2,3,Suburb,2020,59661.38572
1701,2,3,Suburb,2005,162217.5575
2710,3,1,Rural,1979,380553.8676
2808,5,1,Urban,1964,278037.715
1528,3,2,Urban,2019,219001.1348
1601,5,1,Urban,1997,132255.941
2676,4,2,Urban,1965,255584.8401
1656,2,3,Rural,1963,189173.5241
1165,5,3,Suburb,1982,161827.0997
1848,3,1,Urban,1995,156902.235
1495,4,2,Suburb,1982,69340.73832
1589,5,2,Rural,1987,257647.2557
1428,4,3,Rural,2011,130237.373
1773,4,1,Urban,1977,213229.3405
1162,3,2,Suburb,1991,118572.3568
1365,3,2,Rural,1970,123826.602
2549,4,2,Urban,2010,256036.1381
2262,4,3,Suburb,2007,288645.2078
1071,5,1,Urban,1974,163226.452
2468,3,2,Suburb,1956,346804.9577
1654,5,1,Suburb,1981,151354.323
2845,2,2,Suburb,2012,282746.4127
2532,5,3,Rural,1973,263534.7669
2818,4,1,Urban,1972,389824.0649
1268,2,2,Suburb,1988,89185.69181
2776,5,3,Suburb,1954,418034.0365
1414,2,3,Urban,2009,145481.1722
2268,3,3,Rural,1962,258049.2152
2015,5,2,Urban,1981,218059.6315
1674,5,3,Suburb,1995,268735.3884
2083,3,3,Suburb,2021,160445.7265
1005,5,3,Urban,2011,169669.9968
2732,2,3,Urban,1981,252190.3498
1981,3,3,Rural,2020,159982.0061
1569,2,2,Suburb,1992,192192.9627
2840,5,1,Suburb,1984,334441.2324
1406,5,2,Urban,1996,182783.4722
2240,5,2,Urban,2002,343054.1785
2953,5,2,Suburb,1958,395123.2718
1025,2,1,Suburb,1982,77465.45584
2838,5,1,Rural,1982,368397.788
2028,3,3,Suburb,2004,192457.721
1985,3,1,Suburb,1976,235096.547
2555,4,2,Urban,1981,231931.3518
1389,3,3,Rural,1982,169288.5503
1709,4,1,Suburb,1955,148607.4458
1570,3,2,Urban,2014,265378.1667
2471,3,3,Suburb,1957,209649.835
1753,5,3,Suburb,2013,237262.9049
1145,3,3,Rural,1978,36721.24033
2411,5,2,Suburb,1967,226287.0934
1784,5,3,Urban,1983,277987.0993
2272,3,2,Suburb,2021,282041.8344
1525,2,1,Urban,2006,117333.402
2485,5,3,Suburb,1959,290190.2508
1012,3,1,Urban,1984,112397.3877
1902,2,3,Urban,1957,154630.1133
1383,3,3,Suburb,1960,171246.7744
1555,3,3,Urban,1954,73928.49757
1886,2,2,Urban,1973,181193.3054
2422,3,1,Suburb,1985,360911.487
1018,5,3,Suburb,2018,100794.9378
1574,4,3,Suburb,1979,170165.559
2514,4,2,Rural,1987,315115.5862
1750,3,3,Urban,1975,215321.5242
2003,4,2,Urban,1988,133072.2712
1418,4,3,Rural,2016,115452.2734
2360,4,1,Rural,1986,269471.6828
1418,5,2,Urban,1963,100606.6418
2938,5,2,Suburb,2008,402386.0112
2939,4,3,Rural,1972,329127.9912
2635,2,1,Rural,1960,267514.1929
2698,2,3,Suburb,2017,341818.1336
2951,2,2,Suburb,1980,332296.3979
1121,5,3,Urban,1990,178976.8017
1431,5,1,Suburb,1983,82014.85086
1043,5,2,Rural,2015,158715.0236
2895,5,1,Urban,2015,330943.6816
2943,4,1,Urban,1950,300359.6375
2340,5,2,Urban,1978,204292.847
1380,4,1,Suburb,2006,197024.1128
1144,2,3,Suburb,2012,57599.50209
2350,4,2,Suburb,1997,313761.4731
1362,2,1,Suburb,1985,145240.0133
2073,5,1,Rural,1952,230607.7768
2088,2,3,Rural,1998,202493.0041
1354,2,3,Urban,2007,113307.3151
1799,4,3,Rural,1985,165266.0355
2187,2,3,Suburb,1994,158071.0456
2164,3,1,Suburb,1983,244073.8881
2989,2,1,Rural,1971,256011.435
1825,5,1,Rural,2014,213918.0859
2151,2,2,Rural,2011,170678.8731
1397,3,1,Suburb,2001,156713.1232
2956,4,2,Suburb,1975,329518.2122
1879,2,1,Urban,2018,182428.5086
1462,3,3,Urban,1955,290439.4212
2774,5,1,Urban,2007,244348.2392
2859,5,2,Rural,1985,304942.3899
1807,4,3,Rural,1995,154741.309
1186,5,1,Suburb,1970,147073.7371
2743,3,2,Rural,2004,240920.5436
1731,2,1,Suburb,1992,197862.0568
2935,3,3,Suburb,1984,315214.1719
2213,4,2,Rural,1963,324940.3917
2411,2,3,Rural,1974,331156.3907
1428,3,2,Suburb,1988,219792.3086
1857,4,3,Suburb,2016,223450.834
2307,4,2,Suburb,2019,262586.5221
2887,2,2,Rural,2002,308056.9585
1236,2,1,Suburb,1961,78638.04969
2217,5,3,Urban,2006,301046.6117
2310,5,1,Suburb,2009,334926.1925
1770,2,3,Rural,1985,215555.4117
1757,5,3,Suburb,2014,133658.0126
1135,2,1,Urban,2012,112940.4067
1791,5,2,Rural,1987,166739.2691
2806,3,3,Suburb,1980,289044.9798
1170,4,2,Suburb,1966,145635.9122
1158,2,3,Rural,1983,197037.5414
1200,2,1,Rural,1996,43816.18277
2510,2,2,Suburb,2001,206427.1064
2580,3,1,Suburb,1992,217321.2939
1961,4,3,Rural,1978,169713.9908
2799,5,1,Rural,1971,305058.5723
1582,5,3,Suburb,1987,224299.1978
2527,4,2,Rural,2011,274959.631
1875,5,2,Rural,1984,175137.9177
1370,2,1,Suburb,2004,177982.3686
1102,4,1,Suburb,1993,213964.105
2001,3,2,Rural,1955,201293.8381
2148,4,1,Urban,1968,293643.5467
2336,2,1,Rural,1961,263539.1783
1975,4,2,Rural,1976,261104.317
1797,3,3,Urban,1982,286124.2491
2481,3,1,Urban,1986,284015.4111
2253,4,1,Urban,2007,241487.041
1657,4,2,Urban,1980,178682.0302
1881,5,3,Rural,1996,291921.2309
2220,5,3,Urban,2015,180708.241
2908,2,1,Suburb,1969,299214.8462
1732,5,1,Rural,1978,233278.5073
1422,2,3,Suburb,1974,197117.8677
1571,2,1,Suburb,1961,62387.83194
2633,4,3,Rural,1957,293014.6742
1170,5,1,Rural,2012,115512.5663
2405,3,1,Rural,2016,321874.8022
1172,3,2,Urban,2010,142031.0589
1662,4,3,Urban,1977,205779.7484
1452,3,3,Suburb,1964,134067.4885
1349,3,1,Rural,2005,136827.2608
2925,4,2,Suburb,1954,379199.7408
2975,3,3,Suburb,2011,419473.8655
2657,4,1,Urban,1953,327764.3953
1493,2,1,Rural,1976,158599.9026
1619,5,2,Urban,1953,159246.0139
2027,3,3,Urban,2013,237960.032
2116,4,3,Urban,1963,236556.081
1918,3,1,Urban,1950,175593.2509
1005,5,1,Rural,1980,93865.33791
1287,3,2,Urban,1961,257353.0662
2641,2,3,Suburb,1957,351960.2498
2169,4,3,Urban,2011,306298.2129
2806,5,2,Urban,1972,314030.2173
2447,2,3,Urban,2014,275806.5823
2913,3,2,Rural,2014,387898.7192
1607,3,3,Urban,2007,177022.6839
1456,3,2,Urban,1995,109148.3473
2764,5,2,Suburb,2011,258867.2743
2225,4,1,Urban,1985,270687.7233
2235,5,3,Urban,1952,356364.8049
2029,2,1,Rural,1969,325045.2922
1623,4,2,Urban,2013,247754.5852
1375,5,2,Urban,1986,192213.7702
2914,3,2,Urban,2011,395447.6402
1446,2,3,Suburb,1963,174944.1574
1834,3,1,Urban,1990,245211.0471
2129,5,2,Rural,2015,400904.9584
2674,2,3,Rural,1953,251498.642
1810,4,2,Suburb,1959,178459.9288
2424,4,2,Urban,2020,217752.8393
2119,5,2,Suburb,1968,270690.4631
2411,5,2,Urban,2020,314413.581
1958,4,1,Rural,1976,196576.0629
2475,4,2,Urban,1983,301447.5308
1848,5,2,Suburb,2018,240234.9262
1808,4,1,Suburb,1989,251143.4765
1978,2,1,Rural,1989,183809.2358
2924,5,2,Suburb,1975,322540.5503
1415,2,1,Rural,2000,172126.5098
1725,3,1,Rural,1984,163922.6009
2527,2,1,Suburb,1955,231014.6735
1453,5,1,Rural,2010,220918.4592
2314,3,2,Suburb,2010,228523.9023
2557,4,3,Urban,1968,308200.3917
2216,2,3,Rural,1984,155904.8156
1149,2,2,Urban,1975,156762.814
2903,5,3,Urban,1984,332220.7964
1758,4,1,Rural,2000,170390.328
1778,5,3,Suburb,2009,286020.5132
1972,4,2,Suburb,2016,235195.3555
1762,5,3,Urban,1954,186024.7633
2001,4,2,Suburb,1994,206035.8761
2538,3,3,Rural,2009,241594.4158
2416,5,1,Urban,2009,252552.8834
2339,3,1,Suburb,1978,230431.9473
1075,5,1,Suburb,1993,88959.52023
1598,5,3,Urban,1969,185041.9712
2293,5,3,Suburb,2003,258498.1849
1224,2,3,Suburb,2005,98663.4792
2553,5,1,Urban,2005,358239.8358
1112,4,3,Urban,1989,112197.8361
1250,2,3,Rural,1971,149365.791
2256,4,2,Urban,1996,333306.1952
1840,4,1,Urban,2009,202550.8184
2814,4,3,Urban,1985,262147.6258
1713,4,2,Rural,1983,199599.6522
2106,4,2,Urban,1983,272900.053
1124,3,2,Urban,1976,73418.10583
2198,2,1,Urban,2014,211487.7225
2092,4,2,Urban,1978,235097.0556
2070,3,1,Rural,1981,231480.8329
1883,3,2,Suburb,2006,171211.4689
2279,4,3,Rural,1962,184965.0498
2750,5,1,Suburb,1985,273964.4724
1029,4,1,Suburb,1962,134257.3933
1280,3,3,Rural,1995,202712.2575
1923,4,2,Suburb,1954,119833.2808
2260,3,1,Urban,2002,239332.0647
2271,4,1,Urban,1966,334474.7383
1367,3,1,Rural,1951,291972.2524
1494,4,1,Suburb,1974,62533.35548
2048,5,1,Urban,1956,260456.7853
2609,5,3,Rural,1983,271235.5935
1717,3,1,Rural,1975,158448.0219
2513,5,1,Suburb,2007,318228.5831
2016,5,3,Suburb,2010,215835.3344
2517,2,2,Rural,1969,353065.1118
2337,4,1,Suburb,2014,258413.0402
1605,4,3,Urban,1971,218725.8768
1374,5,3,Rural,1966,161030.2892
1638,5,2,Rural,2012,294997.6823
2960,3,1,Rural,2015,244051.4677
2048,4,1,Rural,1965,232259.7051
2357,2,2,Urban,2004,212249.598
2378,2,3,Suburb,2005,194696.6722
1115,5,3,Suburb,1992,114072.0294
1047,3,3,Suburb,1959,114776.2548
2761,3,2,Suburb,2002,275062.947
2801,4,2,Suburb,2009,316486.3813
1098,5,3,Rural,1964,33289.35876
2482,5,1,Suburb,1953,334159.8125
2546,3,1,Rural,1996,371402.9764
2620,2,3,Suburb,1971,271067.4132
1404,2,1,Urban,1985,193297.0207
2237,4,3,Urban,1971,263629.7989
1684,5,3,Urban,1968,102641.9577
1902,5,1,Suburb,1960,172587.4989
1502,2,1,Suburb,2021,94130.38846
2744,5,2,Suburb,2014,288048.8084
2471,5,1,Suburb,2015,378171.4112
1893,3,1,Suburb,1964,163192.9958
2599,4,1,Urban,1978,258318.4065
1257,4,1,Suburb,1964,161257.1439
1843,4,3,Rural,2004,191445.8343
1120,3,1,Suburb,2008,165662.7441
1809,4,3,Urban,2010,260102.0735
1977,4,3,Urban,2006,260362.4511
1053,2,2,Suburb,1971,43639.11875
2018,2,3,Suburb,1979,195827.8563
2354,4,1,Suburb,1974,242161.2853
1783,3,2,Urban,2016,153279.3638
1240,3,2,Urban,1958,162496.3041
2778,3,2,Suburb,1983,347405.0774
2553,5,3,Urban,2013,306731.446
1482,5,3,Urban,1972,135080.0175
2012,3,3,Suburb,1959,254259.2394
1186,2,2,Suburb,1995,171067.6468
2881,5,3,Urban,2000,346938.4488
1655,3,3,Suburb,2011,229225.5268
1261,5,2,Suburb,1988,164113.8261
1952,5,2,Urban,2014,320777.5274
2387,5,1,Rural,2021,250431.3919
1490,5,2,Rural,2016,107439.2918
1430,3,2,Rural,2002,111865.1912
1238,5,2,Urban,1992,240394.6922
1303,4,1,Rural,1967,202418.3735
1297,3,1,Rural,1983,121535.7583
1075,3,1,Urban,1958,156675.8168
2723,3,2,Suburb,1951,265314.7596
2356,5,1,Urban,1964,198571.6081
2923,3,2,Suburb,1958,345776.2667
1998,2,3,Suburb,2009,256245.0814
2781,4,1,Suburb,1960,322826.4647
1641,2,3,Rural,2010,137435.5092
2497,4,2,Urban,2011,228327.167
1826,4,3,Suburb,1970,221960.3099
2946,5,1,Urban,2014,303946.0857
1282,4,1,Urban,1969,160468.3941
1590,4,2,Urban,2000,312019.1247
1071,2,1,Suburb,1957,201216.5655
2286,4,3,Rural,1996,289261.1566
1702,3,3,Suburb,1964,233203.1918
2902,3,1,Urban,1968,318586.5563
2910,4,1,Rural,1973,344763.2516
2965,3,2,Rural,1962,251269.9438
1574,5,3,Rural,1993,209029.437
1999,3,1,Urban,1956,207920.2126
1891,5,3,Suburb,2020,237686.1115
1011,4,2,Urban,1997,152381.3277
1140,5,3,Urban,1964,91900.69611
2789,5,2,Suburb,1961,246628.0101
2578,4,3,Urban,1977,270229.1476
1016,4,2,Urban,2007,129447.86
2086,5,1,Urban,1980,205497.0535
1252,2,1,Suburb,1953,281879.9064
1464,4,2,Suburb,2007,229353.7218
1375,4,3,Rural,2007,104943.8742
2827,2,3,Suburb,1990,299611.5195
1980,3,3,Suburb,1971,215799.9373
1519,2,1,Rural,1998,190502.1441
2860,3,1,Rural,1980,254245.0005
1089,2,3,Urban,1989,123238.4284
1719,5,1,Rural,2019,118958.4166
1803,4,1,Suburb,1969,179287.5979
1795,2,1,Rural,1985,154306.8731
1629,4,2,Suburb,2014,179365.654
2884,3,2,Urban,1992,388871.8514
2198,5,1,Urban,1990,287773.7266
1075,4,1,Rural,2016,104596.8299
2636,2,1,Urban,1997,266521.0785
1925,2,3,Rural,2019,172195.137
2686,5,2,Rural,2010,334981.8028
1399,3,3,Urban,1963,106921.3606
2805,5,1,Urban,1973,357807.8156
1969,5,1,Suburb,2016,290435.874
2094,4,3,Rural,1994,210711.071
2203,3,1,Urban,1993,224132.8456
2147,5,2,Urban,2014,268554.3571
2404,4,2,Urban,2014,205365.1479
2316,4,1,Suburb,1979,238032.2436
1796,3,2,Suburb,1973,214568.0226
1194,3,1,Urban,1987,74284.36671
2934,4,1,Urban,1976,279979.0243
1227,3,1,Urban,1983,142137.1855
2454,4,2,Urban,2003,206995.5176
2965,3,3,Rural,1956,411872.3898
2459,3,2,Suburb,2009,226787.2977
2810,3,2,Suburb,2021,341327.6243
1460,2,3,Suburb,1958,164937.9049
1617,3,2,Rural,1955,160310.1216
2044,2,1,Suburb,1951,258654.1233
1063,4,2,Suburb,1958,197643.6487
1164,5,1,Rural,1998,209892.2124
1026,5,1,Suburb,2019,206669.0194
2334,5,2,Urban,1950,349978.138
2011,4,3,Urban,1959,134841.1066
1284,3,2,Urban,2002,225073.7707
2683,2,2,Rural,1969,255211.5501
1280,4,2,Rural,1991,190984.2533
1837,5,1,Suburb,1968,205935.3369
1830,5,1,Suburb,1998,196297.5071
2187,5,3,Urban,2021,292337.8737
2921,5,3,Rural,1957,334213.0127
1917,2,2,Suburb,2004,170041.2874
1223,5,3,Urban,1968,223705.1528
1783,2,2,Suburb,1982,197295.9584
2169,5,1,Urban,1973,246396.1653
1964,4,2,Urban,1998,280086.8142
1949,2,2,Suburb,2016,198708.2902
2891,2,2,Urban,1952,267131.054
2053,4,2,Suburb,2002,166792.1291
1044,5,3,Suburb,1950,185516.9512
2810,5,2,Suburb,1976,266085.8717
1470,3,1,Urban,2000,282128.2234
1033,3,2,Rural,1980,194930.48
1652,2,1,Rural,1977,213160.899
2450,3,3,Suburb,1965,174168.786
1829,4,2,Urban,1958,187780.8348
2909,4,1,Rural,1981,304192.4246
1220,4,2,Rural,2014,84495.80018
2891,2,2,Rural,2014,328807.3896
1533,4,3,Urban,1973,159599.0029
1691,2,1,Suburb,2015,278434.8474
2971,2,1,Urban,2006,265207.4546
2390,4,1,Urban,1967,362595.3077
1931,4,2,Urban,1977,166078.0528
1840,2,3,Urban,1984,161716.1985
2766,4,2,Urban,2015,357940.7286
2010,3,3,Urban,1951,276395.5629
2938,2,3,Rural,1960,299372.332
2573,5,1,Urban,2009,275874.5236
1581,2,3,Suburb,2010,144219.9663
2139,4,1,Suburb,2014,211877.2748
1238,4,2,Rural,1977,202087.0174
2358,2,2,Suburb,1976,313696.5894
1440,2,3,Urban,1961,225947.2586
1147,5,1,Suburb,1988,189382.9105
2032,5,1,Rural,2010,274458.8937
2311,2,2,Rural,2000,282878.0938
1387,4,3,Suburb,2004,82390.10398
2073,2,1,Urban,1995,159393.8836
2873,3,1,Suburb,1963,266012.6497
2540,3,3,Rural,1981,241625.8053
1915,4,2,Urban,1956,353402.624
2878,2,1,Rural,1992,429118.7292
1637,2,1,Urban,2014,172772.7194
2610,3,3,Rural,1970,208060.2872
2700,2,3,Suburb,1979,184398.9669
1277,4,1,Urban,1975,184089.8067
2977,4,1,Rural,1992,360190.8296
2859,5,3,Rural,2010,354839.0491
1988,4,3,Rural,2001,249558.4132
2323,2,1,Suburb,2006,191682.1422
2825,2,3,Suburb,1979,313663.8729
1588,3,1,Rural,1987,255479.7307
2833,3,3,Rural,1972,198835.744
1648,4,1,Suburb,1985,123757.3955
1617,5,1,Suburb,1999,165863.7361
2630,2,3,Urban,1961,337496.9794
1134,5,2,Rural,1979,94381.05694
1579,2,1,Suburb,2003,252196.846
2170,4,2,Rural,1987,263575.7241
1489,4,2,Urban,2016,135825.8605
1477,3,3,Urban,1952,176523.2378
2182,5,1,Rural,1995,265316.8398
1383,3,2,Suburb,1999,164128.2751
1162,4,1,Urban,1975,187012.1505
1440,5,1,Rural,2012,196940.927
2876,2,2,Suburb,1978,181776.422
2212,3,2,Rural,2004,268119.6718
1414,4,1,Rural,2014,140547.4842
2362,2,2,Suburb,2021,266340.4005
2630,4,2,Rural,2011,306781.1198
2204,2,1,Rural,1984,188201.8214
1287,3,2,Suburb,2001,113367.3387
2857,2,2,Rural,2018,309474.2736
1186,5,1,Suburb,1950,130258.2842
2907,2,2,Suburb,1979,348050.0877
2161,4,3,Urban,2003,325377.8276
1129,2,1,Urban,2016,169686.4915
1193,3,3,Rural,1968,188967.6612
1315,4,1,Rural,2018,116086.6149
2808,4,3,Rural,1962,340154.392
2887,4,3,Suburb,2018,415164.6638
1143,4,2,Suburb,1989,90531.41343
1015,5,1,Urban,2018,66344.67791
2325,4,1,Urban,1999,282085.9661
1422,4,2,Rural,1953,301997.1638
1244,4,2,Suburb,1963,75114.23371
1926,3,3,Suburb,1965,175193.0568
2130,3,1,Suburb,2014,174965.5131
2111,4,2,Urban,1959,230377.6648
1128,5,2,Urban,1967,264243.9762
1906,2,3,Suburb,2009,238660.2217
1886,5,3,Suburb,1965,200694.2928
1340,4,2,Suburb,2013,165860.1643
1003,4,3,Rural,2009,130353.5402
2350,5,1,Suburb,2008,347488.1045
2433,4,3,Suburb,1965,166589.9931
2902,2,1,Urban,2011,290024.5766
1305,3,2,Suburb,1970,116721.1145
1907,2,2,Urban,1953,221685.145
1606,2,3,Urban,1987,208389.9909
2744,2,2,Urban,1973,300235.1173
2248,5,3,Suburb,2019,242807.1539
2994,5,3,Rural,1956,397428.4416
2371,2,3,Rural,2017,248171.2266
1991,5,3,Suburb,1985,238593.2546
1320,4,1,Urban,1980,157809.9428
1558,3,1,Urban,1963,233325.713
2204,5,2,Rural,1985,205291.5708
1617,5,3,Suburb,2013,191072.1951
1710,2,2,Urban,1993,85453.87339
2409,3,3,Suburb,2018,269849.822
2641,4,2,Suburb,2017,346118.1719
2815,4,1,Rural,1979,368325.5186
2795,3,2,Urban,1978,331892.1869
2131,4,3,Suburb,1975,276684.3541
1530,3,3,Rural,2014,204108.6783
1409,2,2,Urban,1988,223552.1146
2994,4,2,Urban,1975,439670.9472
2319,4,3,Rural,1958,253670.3223
1817,3,2,Rural,2021,149323.1174
2194,4,1,Urban,1991,197101.8797
2354,5,3,Rural,1999,212695.5486
1492,2,3,Suburb,1995,206710.0343
2218,4,1,Rural,2016,364608.6445
1011,4,2,Suburb,1975,163697.121
1194,4,1,Suburb,2021,108453.295
1489,3,3,Rural,1964,214059.6401
1794,2,1,Suburb,2009,181410.1431
1880,2,2,Rural,2021,275331.5685
1181,4,2,Suburb,1951,139816.8106
1961,4,3,Urban,1993,244513.3986
2840,3,3,Rural,1986,228222.5111
1655,2,1,Rural,1955,171565.5079
2921,5,2,Urban,1998,222084.5755
2339,4,1,Urban,2006,253037.3399
1693,5,3,Urban,1968,168760.79
1029,5,1,Urban,1969,224463.0568
2619,2,2,Rural,1981,323030.3203
2701,5,3,Suburb,2012,288781.7944
2819,4,1,Urban,2003,307995.3809
2816,4,1,Urban,2007,375703.5257
2119,3,2,Rural,1984,132450.1064
2404,2,2,Suburb,2000,268137.904
1777,2,1,Suburb,1953,139427.1129
1443,5,2,Rural,1962,240913.5364
1297,4,3,Rural,2018,134511.6598
1807,4,1,Suburb,1986,208778.1908
2760,3,1,Suburb,2000,328078.7933
1844,5,3,Rural,2012,287393.4934
2015,4,2,Urban,2007,258965.3457
2384,2,3,Urban,1960,365183.2901
2397,3,3,Suburb,1965,230954.6734
1553,2,1,Rural,1976,177624.1402
1302,3,3,Urban,1968,157721.5142
1420,2,2,Rural,1975,68480.98129
2269,5,1,Rural,2013,226713.6773
2743,4,2,Suburb,1984,308229.9415
2260,2,3,Rural,2016,91677.43402
2557,5,3,Rural,2017,230257.6206
1184,2,2,Rural,2014,136165.7252
1467,5,1,Suburb,2005,138348.0948
1753,3,3,Suburb,1952,197965.6776
1362,5,3,Suburb,1990,270541.9679
2306,2,3,Suburb,1977,225576.7292
2576,4,1,Suburb,1978,267761.5589
1335,3,1,Rural,2001,105022.4998
1161,3,3,Suburb,1958,230757.481
2183,5,1,Urban,1997,227069.0596
2497,2,2,Urban,1977,309652.9256
2624,5,3,Suburb,2018,277489.825
2345,3,2,Rural,1968,262546.3515
1011,4,1,Urban,2011,169450.7569
2447,5,1,Suburb,1961,226541.4075
2096,2,2,Suburb,2004,229008.1436
1587,5,1,Rural,2003,186009.6099
2881,5,3,Rural,2014,286214.0781
1200,5,2,Suburb,2011,154658.2516
1521,4,2,Urban,2015,282376.6257
2887,2,3,Rural,2004,352857.8435
1504,2,1,Suburb,1977,127781.5194
2761,3,2,Suburb,1968,335445.6511
2711,3,2,Suburb,1980,327623.5498
1787,5,3,Suburb,1959,164750.4541
2062,3,1,Suburb,1950,224720.8177
1059,2,2,Rural,1997,117973.9191
1577,5,1,Urban,1981,167729.9235
1320,3,2,Rural,2008,214012.9742
2458,4,1,Suburb,2013,199573.2342
2659,3,2,Rural,1962,193963.0513
2699,4,1,Rural,1979,355770.2432
2431,3,1,Rural,1994,220602.1255
1922,2,2,Urban,1991,278351.4011
2409,3,1,Suburb,1998,235288.7723
2694,4,1,Suburb,2019,262221.5572
1568,4,3,Rural,2012,232459.7496
2101,3,3,Rural,2002,277423.657
2217,5,3,Rural,1981,241061.0759
2308,4,3,Rural,1986,314652.6963
1526,2,1,Rural,1998,150152.7603
1523,3,2,Suburb,1954,218760.3111
1612,4,2,Urban,2018,191267.7633
2179,3,3,Rural,2010,259737.1014
2363,3,2,Urban,1981,270724.2459
1124,5,2,Rural,1967,75053.70924
1870,3,1,Rural,2006,189459.7352
1279,3,1,Urban,2015,118632.5865
1916,3,2,Rural,1984,283539.5602
2929,2,1,Urban,1977,251010.3016
1621,3,3,Suburb,1951,203814.2938
1845,2,3,Suburb,1956,152927.6148
2892,3,2,Suburb,1969,244763.5879
2681,5,2,Urban,2015,347259.9597
2751,5,3,Rural,1959,321239.9937
2933,4,2,Rural,1999,299789.8602
1673,3,2,Suburb,1962,170156.9123
2151,5,1,Urban,1997,248642.8772
1313,5,1,Suburb,1965,205368.8882
1331,3,3,Urban,1957,88388.61788
2173,4,3,Rural,1994,279727.2791
2477,2,3,Rural,1970,310950.8097
1035,5,3,Rural,1955,202539.56
2708,5,3,Suburb,1993,293454.9811
2443,2,1,Rural,2009,218715.864
2045,5,2,Urban,1975,295466.6019
1205,2,3,Urban,1961,205170.6695
1638,2,3,Suburb,1951,121689.3278
1847,4,1,Suburb,1988,288401.201
2980,2,1,Suburb,1988,268392.9939
2379,2,1,Urban,2020,313033.5108
1439,2,1,Rural,1962,172927.8069
1728,2,2,Urban,1978,199032.1422
2119,5,2,Suburb,1971,195098.6286
2952,2,1,Urban,1997,343169.5906
1940,5,1,Rural,1987,263821.7271
1163,3,3,Rural,2015,128658.7131
1147,3,2,Suburb,2005,77839.02762
2553,2,3,Urban,1977,183877.879
1293,4,1,Suburb,1962,197023.1789
1194,4,3,Suburb,2017,85998.69492
1662,5,1,Suburb,1951,126281.6195
1479,5,2,Suburb,1993,135797.0038
2900,3,3,Urban,1998,337505.2765
1122,5,3,Suburb,1969,241668.553
2423,4,3,Rural,1967,256707.7011
1698,3,2,Suburb,1957,149545.9492
1964,2,2,Rural,1972,241612.5131
2475,5,3,Urban,1996,214765.1198
1660,2,3,Suburb,2000,133018.1038
2127,5,3,Urban,1974,254832.9183
2778,4,1,Rural,1952,381653.5115
2485,5,1,Rural,1978,320524.3843
2766,4,1,Urban,1973,420164.2758
2741,4,2,Suburb,1982,270742.1768
1709,2,3,Urban,1962,205865.1313
1395,5,1,Suburb,1963,53380.2854
1911,2,3,Rural,1983,209158.6257
2360,4,2,Suburb,1975,248555.2849
2004,4,1,Rural,2004,280264.9242
2622,4,3,Rural,2003,284045.2439
2165,4,2,Urban,1957,267049.7853
1316,3,2,Suburb,1956,121100.8071
2734,4,1,Urban,2001,359058.5112
2581,5,2,Urban,2011,316460.9923
2823,4,2,Suburb,2006,343107.1058
2550,3,1,Rural,1981,274178.0316
2579,5,3,Suburb,2003,263301.6601
2424,3,2,Suburb,2019,283022.3451
1680,3,3,Rural,1992,169235.93
2333,5,3,Rural,1990,254549.58
1494,3,3,Rural,1987,198641.0469
1555,4,1,Suburb,2020,279796.3001
1609,2,2,Rural,1967,187427.4974
2796,2,1,Suburb,2018,284453.7696
1108,2,3,Rural,2009,182933.745
2818,5,2,Rural,2019,287941.7511
1371,5,3,Rural,1991,190658.9029
1854,5,3,Suburb,1985,309724.5531
1615,2,1,Urban,1997,197252.0578
1767,2,1,Suburb,1977,250510.4954
2914,5,2,Suburb,2000,311779.6517
1205,2,2,Urban,1989,117343.1867
1846,3,3,Urban,1959,217027.5272
1042,3,3,Urban,1970,123914.6947
1864,2,3,Suburb,1952,203157.9048
2268,5,1,Rural,1961,219619.1893
2310,4,2,Urban,2018,234523.8965
2378,4,1,Rural,1975,241574.8759
1784,2,1,Suburb,1976,228886.8711
1475,4,3,Urban,1959,210986.3449
1082,5,3,Rural,1987,124829.1375
2133,3,3,Rural,1997,168339.9546
2973,3,1,Urban,1976,335456.5185
1189,5,3,Suburb,2013,125583.3465
1799,4,1,Urban,1996,190671.4212
1935,2,1,Rural,1957,155361.9642
2932,3,1,Rural,2013,336101.4253
1250,4,2,Rural,2005,246246.0522
2747,4,1,Suburb,2014,255500.2205
1290,3,3,Rural,1951,62549.70434
2668,3,3,Urban,1989,186477.0314
2224,2,2,Suburb,1961,304181.2258
2820,5,3,Rural,1993,232839.0753
1325,4,3,Suburb,1986,255517.2139
2534,2,3,Suburb,1961,220465.7067
2432,3,2,Urban,1961,273193.4065
2630,5,1,Urban,2020,336086.1235
2813,5,2,Urban,1987,321386.5132
2985,4,2,Suburb,1966,317022.2413
2964,5,3,Rural,1996,291463.9264
1836,3,3,Suburb,1994,235581.7223
1507,3,2,Urban,2015,210833.6434
1730,3,1,Suburb,1988,202327.0349
2624,2,2,Rural,1989,273187.0801
1071,3,1,Suburb,1972,117680.9852
2270,2,3,Suburb,1987,131909.588
1640,3,2,Rural,1952,207397.1364
2747,3,1,Rural,1990,341510.9109
1939,5,2,Suburb,2021,197583.1127
2878,4,2,Suburb,1987,361266.4476
1607,3,3,Rural,1999,142717.0069
2610,5,1,Suburb,2012,338918.5678
2958,5,1,Urban,2012,250374.167
1565,4,1,Urban,1978,157694.6249
2367,5,1,Urban,1967,296784.692
2994,5,1,Urban,1994,299948.3533
2948,4,3,Urban,2002,188359.6439
1053,2,2,Rural,1987,171158.6558
2753,4,3,Suburb,2003,287006.78
1527,4,2,Urban,1963,169462.9396
1610,3,1,Suburb,1959,213900.7938
2555,3,3,Rural,1982,290320.4557
2581,2,2,Rural,2006,292182.2767
2986,4,2,Urban,1979,287283.7376
1192,4,2,Suburb,1991,244764.6228
2918,2,1,Rural,2007,334186.2351
1057,3,3,Rural,2014,199460.2631
2460,4,2,Rural,1968,242567.8771
2134,2,1,Urban,1968,213681.4178
1128,3,3,Urban,1989,115703.4485
2872,5,2,Rural,1954,282278.5069
1705,2,1,Suburb,1974,144909.6848
2948,2,2,Urban,1982,366520.9915
1851,4,1,Urban,2005,189452.1427
2349,5,3,Rural,1980,295660.9936
1007,3,2,Rural,2001,65088.05499
1028,5,1,Urban,2013,93228.14228
2135,4,1,Rural,1980,306776.2764
1946,4,1,Suburb,1965,249494.8289
2696,3,3,Suburb,1989,290435.6128
1130,3,1,Rural,2018,104851.1286
1187,3,2,Urban,1974,97152.07147
2698,4,3,Suburb,1959,319568.7483
1708,3,2,Urban,2011,115172.7778
2498,3,1,Suburb,1956,328371.0339
2387,3,1,Urban,1952,329258.724
2227,2,2,Suburb,1975,230756.5508
1211,3,2,Rural,2003,139487.4711
2644,4,3,Urban,2015,321510.9158
1275,2,1,Rural,1981,154228.5078
2096,4,3,Urban,1988,274955.475
2702,5,1,Suburb,1962,261648.4396
2795,2,2,Urban,2015,354501.2811
1242,3,3,Urban,1986,202049.4572
2810,2,1,Urban,2007,339094.2244
2125,4,2,Urban,1964,190025.885
1986,2,3,Urban,2008,156420.0885
1684,5,3,Suburb,1996,209389.6211
1170,3,3,Rural,1995,178935.8262
1652,3,2,Urban,2007,167629.0437
2932,5,3,Suburb,2019,303510.2158
1187,4,1,Urban,2001,244021.6441
2464,2,2,Rural,1994,258181.0526
2109,4,3,Suburb,1989,211222.8503
2499,4,2,Urban,1961,170855.526
1051,4,1,Urban,2002,187711.6088
1110,3,3,Rural,2008,212046.1073
2972,2,2,Urban,1976,242328.5084
1876,3,2,Suburb,1995,146489.478
2877,3,1,Suburb,1979,412334.8302
2066,3,1,Rural,2015,282657.5673
1210,2,2,Suburb,1974,73952.40053
2991,5,3,Rural,1993,349747.6241
2223,3,3,Suburb,1971,262436.9486
2833,3,2,Urban,2012,252911.6959
1857,3,1,Urban,2000,265845.7708
2775,2,3,Urban,1980,358577.2927
1626,2,3,Suburb,1961,115228.776
2049,4,1,Suburb,1961,253997.9231
2942,3,1,Suburb,1969,278865.9518
1298,3,1,Rural,1998,133562.7099
2100,2,2,Urban,1987,210758.1436
1923,2,2,Rural,1953,192029.0288
1136,3,2,Rural,1960,195632.9699
2043,5,1,Suburb,2009,278031.3707
1439,4,2,Suburb,2017,223102.0241
1210,4,1,Suburb,2009,165232.0931
1751,3,2,Urban,2010,183910.388
2574,4,2,Rural,2018,346205.7682
1434,4,3,Suburb,1992,226039.9027
1779,3,1,Urban,2016,111568.655
2230,4,3,Rural,1992,303961.9189
1438,2,1,Urban,1985,158244.0252
2997,3,2,Urban,1960,327055.1222
2802,2,2,Urban,1954,258699.872
1665,3,2,Rural,2015,148306.1935
2065,2,1,Urban,2003,285381.8048
1410,4,1,Rural,1962,98926.61254
2546,5,2,Urban,1961,309489.6373
1805,2,3,Suburb,1965,162966.1692
1609,2,2,Urban,1987,222911.2082
1426,5,2,Suburb,1973,101548.1491
2298,5,2,Suburb,1973,211940.5541
2471,2,2,Suburb,1987,244755.2929
1901,2,3,Suburb,1984,248572.9902
1941,2,3,Rural,1970,170017.6777
2907,3,3,Suburb,1966,335844.3213
1741,2,1,Suburb,2013,241880.1529
2392,2,2,Rural,1976,262874.366
2961,5,1,Suburb,2016,316113.7159
2243,5,2,Suburb,1977,288720.3635
2600,3,3,Rural,2002,243961.1172
2890,3,2,Suburb,2011,273072.4933
2255,4,3,Rural,1971,190565.9191
1327,2,2,Rural,1967,228176.3278
2466,2,2,Urban,1983,293791.4769
1051,5,3,Rural,1959,71787.52429
2909,4,2,Rural,1987,285308.4313
2966,2,3,Suburb,2007,325214.1664
1375,4,3,Rural,2011,164462.765
1262,3,2,Urban,1982,169779.0842
1266,2,3,Suburb,1973,116815.1774
1358,2,1,Rural,1962,202430.4522
2340,3,1,Rural,1988,200042.865
2347,2,2,Rural,1980,315562.1003
2944,3,3,Urban,1959,322099.4165
2931,3,1,Suburb,2009,240291.1629
2689,4,1,Suburb,2014,295541.7853
2893,5,3,Suburb,1951,280936.1633
2901,5,1,Rural,1951,346104.4053
1651,3,1,Urban,1974,254984.1116
2962,4,2,Rural,1965,235191.0229
2586,3,2,Rural,1955,310309.9397
2652,4,3,Suburb,1977,291341.8419
2444,4,3,Urban,2019,233624.7585
1045,5,1,Suburb,1950,183783.63
2844,5,2,Urban,1994,327844.4567
1599,4,3,Rural,1963,204032.1715
1719,5,1,Rural,1976,236295.5479
2912,4,2,Suburb,1988,337628.6079
2292,2,3,Urban,1958,372793.0159
1600,3,2,Urban,1971,253520.6742
1380,5,1,Urban,1954,79325.55503
1117,3,1,Rural,1984,192111.9597
2589,5,1,Suburb,1977,275219.5166
2976,3,2,Suburb,2003,287953.8345
1115,3,3,Rural,1958,76085.32833
2653,5,3,Suburb,1996,372519.4508
1259,5,1,Rural,2017,91193.02454
2098,5,1,Urban,1983,242204.9139
2503,5,1,Urban,2013,336172.968
1304,4,1,Rural,1960,166435.6587
1006,5,2,Urban,1986,91634.11077
1365,5,1,Rural,2009,152145.4482
2657,5,1,Urban,2009,274601.6242
1522,2,3,Suburb,2008,139199.0909
2371,3,2,Rural,1989,309291.0379
2461,5,1,Suburb,1993,223149.5238
2238,5,2,Rural,2011,266249.2673
1428,3,1,Suburb,1985,207591.1936
1790,3,2,Rural,2010,144921.2603
2521,4,1,Suburb,1964,269248.6157
2563,3,1,Rural,1955,259287.2862
1746,3,2,Urban,1991,232348.3874
1366,2,1,Rural,2012,79992.90015
1312,4,1,Rural,1980,233173.9259
1537,2,2,Rural,1984,204731.6011
1920,3,3,Urban,1976,146581.4847
2077,5,3,Suburb,1983,210266.8213
2564,4,1,Urban,1974,312369.5273
2490,3,2,Urban,2018,326654.1291
1864,3,3,Suburb,1955,172459.5239
2187,5,2,Rural,1996,218227.0911
1781,5,3,Rural,2005,240756.9332
1333,5,1,Suburb,1987,136478.8831
2570,4,2,Urban,1975,247568.4467
1797,2,1,Suburb,1977,228573.9463
1347,4,1,Rural,2020,168996.3565
1272,5,1,Suburb,1950,284623.8988
1962,4,2,Suburb,1990,163628.2961
1719,5,3,Rural,1997,125414.0668
2773,2,1,Urban,1950,255120.1045
2437,4,2,Suburb,1966,347674.5078
1499,2,3,Rural,1976,188190.1025
2116,2,1,Rural,1993,246044.648
1684,5,3,Urban,1990,232813.4305
1078,4,3,Rural,1953,96051.88395
1621,4,2,Urban,1982,208044.8254
2240,2,2,Rural,1950,260832.9834
1946,5,2,Suburb,1960,278366.301
1357,2,3,Suburb,1957,155229.5293
1617,2,3,Suburb,2013,145945.59
1506,2,2,Rural,2007,144965.5929
2582,2,3,Suburb,2009,313530.583
2204,4,3,Urban,1979,169842.2572
1575,3,3,Suburb,2001,167450.5872
2269,4,2,Suburb,1989,327732.6501
1243,5,1,Rural,1952,144991.4217
1505,3,1,Urban,1980,257511.1252
1421,2,2,Urban,2013,221873.1634
2343,4,3,Suburb,2017,290632.9954
2110,3,2,Urban,2017,238807.109
1216,2,1,Suburb,2021,198390.9111
2513,4,2,Urban,1985,275777.2184
2542,3,1,Rural,1951,208244.1463
2301,4,1,Suburb,1952,279250.1213
2872,3,2,Suburb,1996,317461.6644
2745,5,2,Urban,2008,337685.5497
2008,4,1,Suburb,1959,265940.9324
2192,4,3,Rural,1975,279134.3697
1329,3,3,Suburb,1951,142232.9233
1649,5,1,Rural,1963,145108.2973
2464,4,3,Suburb,1951,274319.2977
1390,5,1,Urban,2011,101848.1878
2519,5,1,Rural,2008,198623.3213
1380,4,1,Urban,1967,112179.5726
2329,2,2,Suburb,1958,232145.8915
1741,3,2,Suburb,2009,278677.6118
1819,4,2,Suburb,2002,265025.813
1672,5,1,Urban,1960,184115.4878
1512,3,2,Urban,2011,197247.5715
2771,4,3,Suburb,1970,256183.1191
1948,3,3,Suburb,1967,237734.0478
2211,3,2,Rural,1973,271700.1361
1929,5,2,Suburb,1961,141156.5569
2539,2,1,Rural,2011,292276.3447
1912,2,2,Urban,1955,227335.8455
1643,3,2,Suburb,1956,131385.9208
1426,5,2,Urban,1967,259641.6476
1501,5,1,Suburb,2012,206455.5919
1729,4,3,Rural,1986,177820.9738
2283,3,1,Rural,2020,247065.4768
2536,4,2,Suburb,2000,245602.1694
1070,5,2,Rural,1969,93508.18931
1477,3,3,Suburb,2010,146596.083
2201,2,2,Urban,1985,332432.6719
1456,2,1,Urban,1978,94189.0445
1188,4,1,Rural,1992,133428.9265
1290,3,1,Urban,1970,105983.6122
2543,5,1,Rural,2015,272223.936
2788,4,2,Suburb,1978,350051.2271
1919,2,1,Rural,1968,221246.5283
1291,5,2,Rural,1983,173197.3681
2969,3,1,Suburb,1957,303589.2989
1755,2,3,Urban,1967,190448.816
2658,5,3,Urban,1953,328296.0103
2834,2,1,Urban,1967,315656.7015
2306,3,3,Rural,1997,299145.1819
2567,4,3,Suburb,1957,300674.6923
2869,5,3,Urban,1968,301714.4433
1376,5,3,Rural,1973,235627.2472
2681,3,2,Rural,1998,172486.1954
2179,2,1,Rural,1965,235042.7988
1507,2,3,Suburb,2003,276324.2829
2436,2,2,Suburb,2014,273146.7651
1527,5,3,Rural,1994,232142.4977
2378,5,2,Urban,1964,187873.9793
1558,2,1,Rural,1958,240874.104
2786,5,2,Urban,1991,403980.1709
2210,4,1,Rural,1953,270797.0422
2054,3,2,Suburb,1991,232153.8262
1259,3,2,Urban,2003,109273.3332
1420,5,3,Suburb,2007,179829.0514
2552,4,3,Suburb,2018,296598.5301
2574,4,2,Suburb,1956,260377.8622
1303,2,2,Suburb,1999,162728.1917
1941,3,2,Urban,2015,258390.9784
2967,3,1,Suburb,2016,344149.8621
2062,3,2,Urban,1950,213510.4526
2512,5,1,Rural,1967,294701.1192
2667,4,1,Rural,1956,263198.8321
1541,2,1,Rural,2005,235316.0302
2693,5,1,Rural,1955,283205.4127
2301,2,1,Rural,1983,274144.9484
2226,5,1,Suburb,1992,177646.0956
2089,3,1,Rural,2018,203140.564
1107,2,2,Suburb,1970,65279.7322
1267,4,1,Suburb,1950,162299.2578
1221,4,2,Urban,1992,119875.1104
2827,5,2,Suburb,2008,358425.7136
2553,3,1,Urban,1984,336731.7135
2113,5,2,Suburb,2010,277156.413
1692,2,2,Rural,1968,141073.778
1254,4,1,Suburb,2003,159293.7483
2478,4,2,Suburb,2007,225403.6312
1252,4,2,Suburb,2012,96002.95607
1256,4,3,Suburb,1991,103906.6243
1382,2,3,Rural,1955,144798.8427
1441,4,1,Urban,2003,146435.4936
2881,5,1,Urban,1993,293618.9408
1598,4,1,Rural,2008,176869.3849
2113,2,1,Urban,1963,309586.837
2772,3,1,Rural,1965,362691.3915
1389,3,3,Urban,2009,219610.7817
1581,4,3,Suburb,1978,161170.3095
2067,3,2,Suburb,2010,183230.8772
2735,2,3,Rural,1963,351410.5711
2687,4,1,Suburb,1980,234289.5371
1597,2,3,Suburb,2004,153593.9141
1018,3,2,Rural,1967,158263.7317
2124,3,1,Rural,1953,213020.8987
2937,4,1,Rural,1985,366548.8039
1606,3,2,Suburb,2002,144352.462
2789,4,3,Rural,1959,286018.9437
2380,4,2,Rural,2007,181498.6674
2565,5,1,Urban,2009,302904.3089
2784,5,1,Suburb,1953,178488.795
2961,5,3,Rural,1959,271072.0539
1032,2,2,Urban,1989,154019.0052
2993,3,3,Suburb,1977,355628.5155
2252,3,1,Suburb,2015,227646.3657
2547,5,2,Rural,1955,253857.7744
2653,4,2,Urban,1972,249692.6256
1861,4,3,Suburb,2021,172690.899
1154,4,1,Urban,2014,174783.1967
2446,4,2,Urban,2016,183818.0815
1904,2,3,Rural,1995,229437.1213
2269,3,1,Rural,1977,304469.7534
1404,5,1,Suburb,2008,150505.7054
1843,2,1,Urban,1997,237660.8212
2782,3,3,Suburb,1975,315510.046
2564,2,1,Suburb,2007,327182.3425
2184,4,3,Suburb,2016,357523.4353
1746,2,1,Suburb,2006,237879.6162
2725,2,3,Rural,1977,175965.9643
2140,4,3,Suburb,1978,149992.2012
1270,4,2,Urban,1962,154786.6739
1769,5,3,Rural,2002,137868.0304
2715,5,2,Rural,1969,318606.6204
2510,3,1,Suburb,1971,261561.2489
2908,5,1,Rural,1962,393142.9696
1171,5,3,Urban,2021,187088.0273
2973,3,1,Suburb,2006,273005.423
1273,2,1,Urban,2018,175247.4937
1258,2,3,Urban,2018,168538.539
2158,2,1,Rural,1998,227959.4095
2706,4,1,Urban,1960,268970.8669
2745,3,1,Rural,1956,332005.5307
2771,2,2,Rural,1965,287253.2649
1421,5,1,Rural,1967,210164.0653
2444,5,3,Suburb,2019,268583.5103
2209,5,3,Rural,2014,240528.2055
2952,3,1,Urban,1999,397034.9192
1363,3,3,Rural,1957,210039.5779
2978,5,3,Rural,2018,353684.821
2630,4,3,Rural,2004,356803.3619
1377,4,3,Urban,1992,152050.7654
2546,2,1,Rural,1970,366510.5904
1579,2,3,Urban,1996,235859.2776
1890,2,2,Urban,2012,122292.6404
1721,2,2,Suburb,1992,165307.1398
2219,2,2,Suburb,1986,201048.1229
1880,3,1,Suburb,2011,198754.8681
2121,3,3,Urban,2008,296125.5079
1604,4,1,Suburb,2008,141495.1573
1021,4,3,Rural,1962,135529.7702
2473,3,3,Suburb,1995,349704.7744
2195,4,3,Suburb,1981,210943.645
1382,5,3,Suburb,2016,124651.6436
1133,4,3,Suburb,1972,125705.0441
2449,5,1,Rural,1975,161554.4849
2048,5,1,Rural,2020,180636.9392
1502,2,2,Urban,1959,120667.66
2208,4,1,Suburb,2011,132222.4378
2108,5,2,Urban,1954,229027.2667
2590,4,2,Rural,1999,288964.6297
2786,4,3,Urban,1974,283996.4322
1143,3,1,Suburb,1988,129611.9686
2886,3,1,Rural,1987,230911.029
2933,2,3,Urban,1964,415021.6672
2702,4,3,Suburb,1981,284966.1538
2435,3,2,Rural,2010,304098.2913
1223,5,1,Urban,2013,203716.7389
1219,5,1,Urban,2001,130976.3585
1178,2,2,Rural,1973,126682.5657
2654,5,2,Suburb,1989,340595.7436
1432,4,2,Suburb,2006,140253.0057
1264,5,3,Suburb,1990,249396.1187
1953,2,2,Rural,1990,182184.8074
1428,2,2,Suburb,1972,234790.3642
2685,5,3,Suburb,1968,353868.9708
1415,4,2,Suburb,1995,195710.0517
2476,3,2,Suburb,1960,287901.8671
1726,4,1,Rural,2000,240448.1753
1196,4,2,Rural,1996,147349.3572
2577,4,2,Urban,1967,251222.9696
2076,5,3,Urban,1989,161506.2266
1479,3,2,Rural,1981,142559.3879
2466,4,1,Suburb,2011,308876.9318
2353,3,1,Urban,1992,230402.663
2274,2,3,Urban,1986,147269.9728
2830,3,1,Suburb,2016,283491.5177
1889,5,3,Urban,1989,261707.7673
2806,2,1,Suburb,2000,229200.4415
2990,2,1,Suburb,1965,325636.4505
1924,4,2,Rural,2018,193803.9855
1122,3,3,Rural,1996,150875.7597
2902,2,2,Rural,1954,353305.1759
2410,2,3,Urban,2005,328552.4548
2362,3,2,Suburb,1960,341466.8458
1777,3,1,Urban,1989,240217.6422
1347,2,2,Urban,1959,184015.9793
1028,2,1,Rural,1957,41530.24432
1974,3,3,Urban,1978,178633.3555
1034,5,3,Rural,1982,240422.8349
2541,3,1,Suburb,1995,275075.0295
2419,5,2,Suburb,2020,257481.5581
1622,2,1,Urban,1972,125128.5963
2317,4,2,Rural,1999,293254.5885
1588,3,1,Urban,1954,183340.7109
2372,2,1,Rural,1991,202100.1694
2170,2,3,Suburb,1960,210037.047
2090,4,2,Suburb,1950,242928.6616
1903,3,2,Urban,2011,260348.5742
1519,2,1,Suburb,1993,132377.399
1121,5,2,Suburb,2018,208089.256
1339,4,1,Suburb,1989,177790.8564
1174,5,1,Urban,2013,142376.1216
2923,3,2,Urban,1966,278163.7855
2714,5,2,Rural,1981,351486.7522
1596,4,1,Suburb,1991,233253.0793
1450,2,2,Rural,1956,194075.6043
1556,4,2,Suburb,1988,197913.3573
2159,2,2,Rural,1964,194504.9763
2878,2,2,Suburb,1953,280060.0247
2039,5,3,Urban,1961,217698.6582
2356,4,3,Suburb,2009,198379.7825
2218,4,1,Urban,2004,266423.1439
2519,2,1,Urban,2002,262999.5781
1008,4,3,Urban,1987,141863.0806
2851,3,1,Suburb,2008,368149.498
1333,3,3,Rural,1990,68531.38296
2356,5,1,Rural,1952,255697.141
2016,5,2,Urban,2014,217714.4121
1326,4,2,Rural,1989,208079.6709
1014,5,3,Suburb,1960,73136.59587
1838,4,3,Rural,2019,211957.1682
2637,5,3,Urban,2009,291393.1878
1225,3,3,Suburb,1992,114969.403
2448,2,2,Rural,1990,276865.559
2813,2,2,Rural,1985,292290.249
2431,3,3,Suburb,1973,221245.388
1112,2,3,Rural,2006,80507.76361
2451,4,1,Suburb,2004,203919.5739
1000,4,2,Urban,1991,130863.8532
1265,3,2,Suburb,1950,154157.2744
2514,3,3,Rural,1958,217719.6756
2231,3,1,Rural,1976,289638.4485
2645,3,2,Urban,1971,226982.5416
2735,2,1,Rural,1996,251620.1979
1951,2,1,Rural,1986,229680.6128
2392,2,2,Rural,1991,312684.7155
1305,4,2,Rural,1974,215500.0866
1011,5,1,Rural,1952,161375.8479
2368,4,1,Suburb,1952,158841.6556
2488,5,2,Urban,2017,274514.7613
2723,3,3,Rural,1994,237885.55
2689,3,1,Rural,1986,299612.7713
2517,2,2,Suburb,1983,162345.4001
2391,2,1,Suburb,2009,223231.215
2869,5,2,Rural,1951,273851.9487
1936,5,1,Urban,1978,235903.7214
1419,2,1,Suburb,1963,156492.0109
1888,3,3,Urban,1977,112980.8536
2814,2,1,Rural,1957,261783.235
1170,3,1,Rural,1988,161335.8247
1133,3,1,Rural,1992,80983.55646
1964,4,2,Rural,1986,295889.8057
2450,4,2,Suburb,1976,362238.4513
2048,5,2,Rural,2002,203835.9888
2553,3,2,Rural,2012,280386.3548
2213,2,1,Rural,1990,330389.0429
2164,3,3,Suburb,1969,263450.3331
2578,5,1,Rural,2005,311681.62
2869,3,1,Rural,1965,254378.0928
2819,3,3,Urban,1974,335128.1638
1657,5,3,Suburb,2016,168968.3384
2338,3,3,Urban,1950,299689.8758
2467,4,3,Urban,2005,256425.2592
2342,5,3,Urban,1964,262564.7999
2464,4,3,Rural,2014,238785.0608
2115,5,2,Urban,1959,164847.1368
1178,3,3,Suburb,2021,155185.5266
2079,4,3,Suburb,1956,207408.28
2178,4,3,Urban,2007,237636.716
2695,2,3,Rural,1961,337089.2212
1110,4,3,Suburb,2005,81168.14012
1136,4,2,Rural,1972,144481.8777
1231,3,2,Suburb,2013,253292.8787
1991,4,2,Urban,2013,177013.7088
1467,4,1,Suburb,1989,37922.10999
1731,4,3,Urban,1982,300171.6847
1480,3,2,Urban,2000,189347.3542
2091,5,3,Rural,2011,273450.9065
1813,3,3,Suburb,1952,222632.3112
2272,4,2,Urban,1984,196771.2396
1993,5,2,Urban,1967,206023.3609
1322,3,3,Suburb,1979,153893.6638
1921,3,3,Rural,2006,101295.4759
1903,5,1,Rural,1968,279293.0443
2541,2,2,Rural,1983,278757.7201
2999,4,3,Rural,1953,352582.5315
2815,2,1,Urban,1973,258928.7385
2455,4,3,Urban,2020,190068.4195
2510,4,2,Urban,1996,392718.9867
1605,2,3,Rural,1973,186155.8943
1428,2,2,Rural,1965,209982.1202
2292,4,1,Urban,1974,280012.1097
2732,5,3,Urban,1975,339867.8352
2560,5,2,Urban,1982,345560.4526
1147,2,1,Suburb,1968,58361.96316
2141,2,1,Urban,1979,163017.5792
1849,3,2,Suburb,2004,119267.9819
1366,5,3,Rural,1975,154665.176
1849,5,2,Rural,2021,253869.6577
2089,4,1,Rural,1976,195922.5908
2993,3,2,Suburb,2015,330564.6875
1812,4,1,Rural,1990,250390.744
2393,3,1,Suburb,1976,100884.8897
1174,5,1,Urban,2006,161073.6213
2854,4,1,Suburb,1988,426716.9741
1587,3,3,Rural,1965,160397.7211
1494,4,1,Rural,2002,154364.6153
1972,3,1,Rural,1984,162007.1532
2137,2,1,Suburb,1995,245403.1165
2134,4,2,Rural,1964,304102.0018
2784,2,3,Urban,1976,282893.9562
2462,3,1,Rural,1982,199979.5717
2738,4,2,Rural,1959,351349.5189
2170,3,1,Suburb,1991,200724.6303
1034,3,3,Rural,1986,129888.8255
1998,2,3,Suburb,1961,303166.6021
2332,4,3,Urban,2010,272874.1077
1537,5,3,Rural,2020,239456.9006
1749,3,2,Urban,1969,241304.7276
2037,2,3,Suburb,1983,191746.9757
1373,5,2,Urban,1955,57021.33669
1556,2,2,Suburb,1991,252601.9969
2451,2,3,Urban,1953,233332.2673
2751,2,2,Rural,1965,342491.4674
1232,3,2,Rural,1981,167608.8736
1704,5,3,Rural,1977,235441.4512
1562,3,1,Suburb,2016,131148.5515
1938,3,1,Urban,1997,156890.161
1886,4,2,Suburb,2008,156024.0508
1725,5,3,Rural,2016,232326.6329
2686,4,3,Urban,2000,251296.9773
2463,2,3,Suburb,1990,348099.6815
2525,5,1,Urban,1962,397057.7806
2298,5,2,Rural,1994,243146.2324
2873,3,3,Urban,2013,284555.2238
1075,2,2,Rural,2001,213271.0064
1438,3,3,Rural,1957,107044.7882
2755,4,3,Urban,1986,330418.4842
2883,2,3,Suburb,1978,444972.1112
2979,3,2,Urban,1959,338780.6931
1698,3,1,Urban,1996,197905.5138
2312,3,1,Suburb,1988,255065.0936
1914,2,2,Rural,2020,248173.5926
2563,4,3,Suburb,2021,213136.6194
1890,5,1,Rural,1951,263725.6595
1691,3,1,Rural,1960,126400.5767
1252,2,2,Urban,1973,90702.40844
2149,5,2,Urban,1978,205426.3595
2200,3,2,Suburb,2002,230837.2245
2060,2,3,Urban,1954,174495.7388
1409,4,3,Urban,1973,162901.5979
2634,3,2,Rural,1988,292413.4757
2633,2,2,Urban,1993,344401.811
1126,3,1,Rural,2014,90643.50029
2506,2,1,Urban,1961,300902.0894
2191,4,2,Rural,2002,214113.7896
1591,4,2,Urban,1985,176030.5554
1293,2,2,Rural,1952,162333.0416
2868,5,1,Suburb,2001,360985.8241
2661,4,1,Suburb,1989,303678.4395
2366,3,3,Urban,2018,259608.8721
2019,4,1,Suburb,1981,195434.5607
1309,3,1,Suburb,1966,96595.52626
1661,4,2,Urban,2021,295446.7036
1527,4,2,Suburb,2016,189255.4483
1539,3,3,Rural,1968,239890.6743
1418,4,2,Urban,2004,179652.6352
1443,3,2,Urban,2005,90400.12615
1684,3,1,Rural,1997,268165.1014
2581,4,2,Rural,1990,230475.4391
1839,4,1,Suburb,1965,224679.6648
1235,3,1,Urban,1952,24183.00052
2462,2,2,Suburb,1973,305998.5161
1213,4,2,Urban,1975,159149.1476
1084,5,1,Urban,1976,108112.2813
1793,4,3,Urban,1986,260630.6984
2767,2,2,Suburb,2006,289376.9876
1084,2,1,Urban,2009,107348.7617
2944,4,1,Suburb,2019,344382.0158
2512,4,2,Urban,1988,244242.6278
1064,5,1,Rural,2016,98914.6146
2669,4,2,Suburb,1985,301229.4312
1662,2,3,Urban,2005,166630.3614
1626,5,3,Rural,1982,239536.6939
1063,4,1,Suburb,1982,176985.865
2366,5,2,Rural,1954,352750.1149
1938,5,2,Urban,1954,235361.69
2898,2,3,Urban,1952,314277.3082
1918,2,3,Suburb,1980,143418.97
2375,3,2,Rural,1996,255954.5457
2181,2,1,Rural,1977,122117.2111
2612,3,2,Urban,1954,306276.9943
1490,2,1,Rural,1979,104150.6305
2681,2,1,Rural,1966,172558.987
2878,3,2,Suburb,2002,293566.6466
2486,3,2,Rural,2004,267325.5341
2248,3,3,Urban,2010,187472.3034
2940,5,3,Urban,2021,368431.8971
1312,3,3,Rural,1981,22960.47498
1614,5,1,Urban,2004,306438.6853
1918,5,3,Rural,1964,246382.2711
2882,3,2,Rural,1979,251390.9438
1812,3,1,Suburb,2013,152849.0129
1939,3,3,Suburb,1986,212304.3296
2489,2,2,Rural,1982,246196.4792
2111,2,2,Suburb,1974,196992.303
2906,3,3,Urban,1952,343962.8603
2326,4,2,Rural,1967,324259.1085
1679,3,2,Suburb,1992,133707.7752
1434,4,2,Suburb,2003,130396.5862
1681,2,3,Suburb,1956,169841.2739
2158,2,2,Suburb,1995,273113.9731
2073,4,1,Rural,1975,237011.9751
2455,2,2,Urban,1970,277814.3075
1339,3,2,Rural,2009,172097.1675
1346,4,3,Rural,2010,143358.1017
1645,4,2,Urban,1959,287263.642
2370,5,3,Urban,1996,316131.8221
1648,2,3,Rural,1988,99299.00806
1244,4,3,Suburb,1969,250527.0142
1108,4,3,Rural,1963,80493.98783
2848,4,2,Rural,1977,337174.5045
2822,2,2,Rural,1953,272834.9917
1532,4,3,Suburb,1983,310242.2256
2113,4,3,Urban,1975,254284.6767
1295,3,3,Suburb,1960,121230.7425
1111,3,3,Suburb,1979,172943.8041
2836,5,2,Rural,1967,270026.0876
2612,4,1,Suburb,1979,267481.5009
2200,2,2,Suburb,1967,335358.4837
1342,5,3,Urban,2007,138587.2685
2683,5,3,Suburb,2015,386628.6326
1100,5,3,Suburb,1968,116382.8497
2781,4,3,Rural,1970,330434.032
1628,5,1,Rural,1966,195001.7306
2627,2,3,Suburb,1983,270568.222
2424,3,1,Urban,1988,356630.9875
1027,3,2,Rural,1986,55635.05335
1936,4,1,Rural,1953,205284.5616
2985,2,2,Rural,1966,261412.8413
2560,2,1,Suburb,1974,210070.5598
1057,2,3,Suburb,1957,83791.63714
2521,4,1,Rural,2006,311936.1796
1296,2,3,Urban,1976,67724.21998
1133,3,1,Rural,2005,152858.0437
2354,2,2,Suburb,1980,219112.102
1248,2,1,Urban,2021,203373.6345
2020,4,1,Rural,1974,209461.9517
1549,5,2,Rural,2009,181088.999
1901,5,1,Urban,1991,227981.3784
2964,4,2,Suburb,1993,307391.4995
2098,4,1,Rural,1950,175288.0403
2677,4,2,Rural,2003,306333.0769
1833,4,2,Suburb,2004,210891.545
2191,2,3,Urban,1963,270518.3145
1770,2,2,Urban,2006,177039.3334
2526,5,2,Urban,1991,226510.7656
2908,4,3,Urban,1997,267481.7789
2378,4,3,Rural,2017,267618.9
2248,2,2,Urban,1975,199536.1769
2687,4,3,Suburb,1963,297343.1857
2554,3,2,Rural,2013,341283.6236
1145,2,2,Urban,2007,65990.94521
2983,3,1,Urban,1989,281195.7901
2264,2,2,Urban,1994,291833.6605
2907,2,3,Suburb,1985,204368.8937
1892,2,1,Suburb,1996,224595.5571
1343,5,1,Urban,1952,235698.1985
2772,5,3,Suburb,2007,347255.4378
2058,2,3,Urban,2019,193759.423
1701,2,1,Suburb,1970,226204.7655
1000,2,3,Rural,1960,117011.8165
1152,2,3,Urban,2004,155445.0182
1428,4,2,Suburb,1963,271615.3455
2968,4,3,Urban,1996,386439.7475
1507,4,2,Rural,2019,52921.75278
2149,5,3,Rural,1993,264370.1799
1490,3,3,Suburb,1990,143854.1194
2505,2,3,Rural,2013,209148.3411
1344,4,3,Urban,2017,133015.363
2935,4,1,Rural,1999,354287.0876
2761,4,1,Urban,2003,314834.2788
1220,2,3,Suburb,1998,150177.1876
2938,2,1,Rural,2013,433129.123
2942,3,3,Rural,2004,311360.5811
1722,5,3,Urban,1982,210126.8234
2048,3,2,Rural,1989,135525.9741
1527,2,2,Suburb,1953,195264.959
2205,3,3,Rural,1961,271505.6881
2522,4,1,Urban,1995,332601.4892
1840,3,1,Rural,1975,147261.9016
2664,4,3,Urban,1969,278220.3741
2065,3,1,Suburb,1991,199998.6033
2938,4,3,Urban,2018,346650.644
1480,3,2,Suburb,2010,181140.6406
1929,5,1,Rural,1960,216333.6807
2871,3,1,Suburb,2018,297837.5768
2771,2,2,Suburb,1961,277532.3646
1871,2,3,Rural,2013,209226.1418
2462,4,1,Urban,1971,228632.969
2425,2,2,Rural,1964,212248.2685
2569,4,1,Rural,2017,286084.8581
1344,5,2,Suburb,1992,156045.6535
2916,2,1,Suburb,2010,324059.2367
1044,2,3,Urban,1980,53239.7984
2669,4,1,Suburb,1997,295972.8208
1020,5,2,Rural,1981,102858.0033
2657,5,3,Urban,2018,357270.5672
2093,3,1,Rural,2007,163710.4963
2887,4,2,Suburb,1990,318493.5226
1872,4,2,Rural,1980,238900.0149
1047,5,3,Urban,1997,86914.56379
2514,4,1,Urban,1991,311967.4181
1550,2,3,Suburb,1963,166554.6435
1286,2,2,Urban,2011,198016.9503
2001,2,2,Suburb,2019,253897.4888
2033,4,1,Rural,2010,148368.3772
1541,3,2,Urban,2008,159908.0399
1755,3,3,Urban,1993,258768.88
1273,5,2,Urban,1998,190189.8952
1955,4,1,Urban,1953,232305.9778
1599,5,1,Urban,1977,169538.0889
2779,4,2,Urban,2020,355188.3441
1380,3,3,Rural,1955,104113.1111
2352,2,1,Rural,2005,268699.8977
1478,4,2,Rural,2007,159990.1931
1014,3,2,Suburb,1962,154885.5116
1515,3,2,Rural,1978,313909.4815
1190,3,3,Urban,1984,243505.4732
2191,2,3,Urban,1990,217366.7361
2544,3,3,Rural,2010,334623.3991
1620,5,1,Urban,1951,181059.2252
2160,3,2,Suburb,2015,147597.9116
1153,3,3,Rural,1975,95879.18681
2411,4,1,Suburb,1950,250085.2094
2232,4,1,Rural,1986,258945.5367
1271,4,1,Urban,1973,122831.9962
1142,3,1,Suburb,1998,176064.1135
2634,3,3,Urban,2009,235817.2732
2912,5,1,Rural,1987,359753.9182
2843,2,3,Urban,1983,269762.9938
2092,3,3,Suburb,2018,190989.5706
1246,2,3,Rural,1952,82008.03748
2284,3,2,Rural,1978,239490.0589
1787,2,3,Urban,1980,188862.8411
1078,4,1,Urban,1980,222621.4981
2681,3,2,Suburb,1972,281089.0532
1622,5,2,Suburb,1997,298939.2962
2793,2,2,Rural,1987,279230.1208
2628,4,3,Rural,2002,298211.4676
1524,5,3,Rural,1998,136180.8994
1771,4,2,Suburb,1983,191862.1649
1937,3,1,Urban,1974,100208.0518
2644,5,2,Urban,1951,233151.5497
2353,2,3,Rural,2019,290854.7475
2212,2,3,Rural,1990,367919.08
2118,5,1,Urban,2007,208306.8993
1616,2,1,Rural,1965,216818.978
2031,4,2,Rural,1959,194372.3887
1066,5,3,Suburb,1953,115882.5777
2519,2,2,Urban,1963,287129.8146
1190,4,1,Urban,1973,81281.30513
2389,2,2,Suburb,1957,298160.2547
1767,4,2,Suburb,1955,272572.6889
1520,3,3,Suburb,1986,172393.0575
1989,4,3,Urban,2004,228855.7807
2140,2,3,Urban,1956,96654.0843
1266,4,2,Suburb,2000,149042.4992
2634,2,3,Urban,1977,268034.6881
1484,5,3,Urban,1987,119809.9613
2532,5,1,Suburb,2003,329665.3555
2321,3,3,Rural,1988,172295.7838
2932,4,1,Urban,2002,358262.9969
2187,3,2,Rural,1985,225926.6058
1375,5,2,Urban,1966,259172.9723
1652,4,3,Rural,2011,284607.6619
2291,4,1,Rural,1965,299249.1579
1548,3,3,Urban,2011,257526.0222
2097,3,1,Urban,1983,247841.623
2531,4,3,Urban,1956,379121.01
1072,4,1,Urban,1956,113433.756
1307,4,1,Rural,1998,192173.6706
1198,3,2,Suburb,1975,156386.244
2153,2,1,Urban,2014,257394.7211
2781,5,2,Urban,1979,274572.288
2847,5,3,Suburb,1992,294368.9853
1571,3,3,Urban,2003,183667.252
1790,4,1,Urban,2016,207820.8331
2638,5,2,Urban,1969,327083.6332
2831,5,2,Rural,1976,333140.1263
2855,5,3,Rural,1950,282494.7622
2510,5,2,Suburb,1994,241613.2388
2876,4,2,Suburb,2001,316704.6231
2174,3,3,Suburb,1962,237218.4084
2692,4,2,Rural,2012,163763.764
2229,4,3,Urban,1982,260381.1518
1178,5,2,Rural,2012,169578.3238
1196,5,1,Urban,1992,186161.9683
1734,4,3,Urban,1973,216729.0397
1088,4,3,Rural,2018,134860.2385
1798,4,3,Urban,2011,197403.1754
2457,2,1,Rural,2010,369010.8992
1787,5,3,Rural,2014,185814.0417
1747,3,1,Rural,1964,186583.3326
2206,3,2,Suburb,1953,218269.5369
1208,3,1,Urban,1995,85629.89966
1492,2,3,Suburb,1957,197955.8869
2153,2,1,Suburb,1994,173592.4527
1664,3,1,Urban,1975,196535.427
2036,3,1,Rural,1967,266000.3602
2657,3,1,Suburb,1977,239451.7028
1870,4,2,Suburb,2018,171540.8435
1731,5,2,Rural,2000,278046.736
2129,2,2,Rural,1977,297705.1991
2398,2,3,Rural,2006,246576.9461
2605,4,1,Urban,1978,325792.7029
2730,2,2,Urban,2002,295792.5141
1697,3,3,Rural,2016,45061.12028
2122,2,3,Urban,1952,341537.8023
1593,4,1,Rural,1968,173495.2999
2610,5,1,Rural,2004,336882.93
1885,3,1,Urban,1975,304812.305
1851,2,1,Urban,1988,208891.2662
2215,3,1,Rural,1965,288828.1348
1324,5,1,Urban,1989,130083.3224
1978,2,2,Suburb,2020,243515.2969
2749,3,2,Suburb,1958,321337.4334
2850,4,1,Suburb,1994,251504.9161
1955,4,3,Rural,1953,256381.5462
2490,5,2,Suburb,2011,216449.1369
1893,5,1,Rural,2020,226101.6626
2390,5,2,Urban,2017,332181.0777
2341,2,3,Urban,1951,286162.7083
1143,5,3,Suburb,2005,169979.6815
1383,2,2,Rural,2004,82377.95151
1215,3,1,Rural,1976,138074.196
2384,4,1,Suburb,1969,172562.5256
1323,3,1,Suburb,2006,145793.5166
2038,4,3,Urban,1966,178769.8911
1216,5,3,Urban,1991,249180.3703
2515,3,3,Urban,1992,228572.6578
1950,3,3,Suburb,2000,286641.1884
2570,5,2,Urban,1962,358847.7441
1182,3,1,Urban,1973,16393.70062
1269,2,1,Rural,2019,204671.1792
1944,4,2,Urban,1981,236762.0684
2490,5,2,Urban,2004,219725.9935
1869,2,1,Rural,2015,191315.9276
2635,2,1,Urban,1954,247268.1646
2542,5,2,Rural,1954,235203.6953
2565,3,2,Urban,1955,318186.3904
1466,4,3,Urban,1983,148152.9692
1304,2,2,Urban,1966,183006.9202
2167,3,2,Urban,1952,236777.8557
1110,5,3,Urban,2004,139586.4593
2013,5,1,Suburb,1982,154322.2546
1231,4,3,Suburb,2019,124244.1303
2714,5,2,Suburb,1958,192537.3665
2607,4,2,Suburb,1957,396359.8918
2745,5,1,Suburb,1974,263923.8178
2755,5,1,Urban,1958,218223.237
2615,2,3,Rural,2008,290541.948
2523,3,1,Rural,2017,274569.3911
1594,2,2,Urban,1964,168810.7495
2577,4,1,Rural,1966,331265.9887
2296,2,2,Suburb,1987,258075.0173
2726,5,1,Suburb,1952,309234.5887
1172,5,3,Rural,1968,177314.5189
1972,3,1,Urban,2010,202551.428
2030,4,2,Suburb,1970,150379.175
2178,5,3,Urban,2003,267670.8869
2545,3,3,Urban,2003,280469.2355
1545,3,1,Suburb,1950,212824.9878
1547,5,1,Urban,1967,196489.2604
2944,5,3,Rural,1981,302183.071
1517,4,3,Suburb,2015,195490.2871
2943,3,2,Urban,2013,338848.4695
1913,3,3,Suburb,2016,258883.2322
1214,3,3,Urban,2009,242180.2593
1133,4,3,Suburb,1956,76819.10434
1284,3,3,Urban,1971,195510.0739
2149,2,2,Urban,1987,166120.4063
2944,2,3,Suburb,2021,298646.861
2462,3,2,Rural,2017,235910.5917
2872,2,3,Rural,1970,274544.9936
1685,2,2,Suburb,1986,175374.2837
2175,4,2,Suburb,1994,313457.1127
1330,3,1,Rural,2007,38768.198
2561,4,2,Urban,1991,243964.9964
2406,3,2,Urban,1996,260325.2298
2138,5,2,Urban,2018,236398.651
1893,2,1,Rural,1982,63534.3522
2505,4,2,Suburb,2009,283857.8243
2307,4,1,Urban,1953,200730.8463
1898,5,2,Suburb,2018,246440.5817
2098,5,2,Rural,2002,247115.1776
2189,2,2,Rural,2016,269330.8525
2212,2,2,Rural,2004,259762.6322
1077,3,3,Urban,2019,100286.3246
1946,3,3,Urban,1957,249183.0986
2625,5,3,Suburb,2002,361215.4228
1687,2,2,Urban,2014,214479.0815
1020,2,3,Suburb,2002,92435.14223
1565,5,1,Suburb,1975,116311.3744
2207,5,2,Rural,2017,144114.8432
2894,4,3,Suburb,1973,256059.6329
2245,5,1,Urban,1996,344268.1043
1826,4,1,Urban,1973,168076.8102
2351,3,2,Suburb,1996,287095.0209
1178,5,2,Suburb,1980,103854.5488
2811,5,1,Suburb,2007,290764.7253
2135,5,1,Urban,1998,184589.7998
2759,4,2,Suburb,2007,297737.9478
2749,5,1,Suburb,2000,320243.537
2082,5,3,Suburb,1964,193790.6164
2350,2,3,Rural,1978,248336.3047
1904,2,1,Rural,2015,259180.8753
2644,2,1,Urban,1990,344425.7623
2920,5,2,Rural,2008,386178.5442
1668,2,3,Urban,2017,212390.5886
1190,3,3,Rural,1979,249277.1751
2223,2,3,Rural,1957,249903.4298
2335,5,3,Rural,2011,288524.3949
1707,2,3,Urban,1964,138357.9582
2058,2,3,Urban,2011,278842.8197
1378,2,2,Suburb,1999,195919.4851
1386,3,1,Rural,1988,202423.497
2781,3,3,Urban,1950,188270.612
1236,4,2,Suburb,1952,116554.9124
1615,5,2,Urban,2002,244186.555
2542,3,1,Urban,1966,233151.9409
1282,3,1,Suburb,2004,172061.7343
1000,3,1,Urban,1961,112562.0648
2754,5,1,Suburb,1951,341618.3375
1463,4,1,Rural,1984,259783.0029
2253,5,2,Rural,1976,204703.2583
1966,2,1,Urban,2007,245716.6315
1171,4,2,Rural,1968,154270.934
2110,2,3,Rural,1969,205220.4095
2576,3,3,Urban,1977,323345.0861
2146,5,1,Suburb,1966,261595.1718
1842,2,3,Rural,1961,182553.6085
2321,4,2,Suburb,2018,266084.3566
2908,2,3,Rural,1988,263073.6752
2952,2,3,Urban,1975,371573.5448
1689,3,3,Urban,2015,164142.3498
1574,2,3,Suburb,2020,128668.4163
2507,2,2,Urban,1961,334342.2438
1164,3,3,Suburb,1973,57882.34289
2722,4,1,Suburb,2013,314783.1852
1382,3,2,Rural,1994,192249.887
1208,2,1,Suburb,1977,101826.8674
2762,5,2,Suburb,1986,290833.9107
2455,3,3,Urban,2014,256663.8898
2412,3,2,Suburb,2019,266139.3722
2583,2,1,Rural,1953,268409.5611
1223,5,1,Suburb,2007,124220.9277
1002,4,2,Urban,1991,86027.47691
1371,5,1,Suburb,2011,230195.7482
2710,3,1,Suburb,1962,329360.3858
2469,5,2,Urban,1968,254025.4799
1610,4,3,Suburb,2010,126351.2777
1115,5,3,Suburb,1955,244782.3097
2293,5,3,Urban,1967,332922.5634
1446,5,1,Rural,1952,148142.3418
2391,3,1,Rural,1989,351444.6492
2276,2,3,Rural,1983,191445.5753
2340,2,2,Rural,2019,188324.6117
1414,5,3,Rural,1983,255215.1676
2118,3,2,Rural,1994,214507.1464
2808,3,1,Urban,2015,323274.0917
1891,3,1,Urban,1992,183857.5047
2047,2,3,Suburb,2001,241632.6999
2651,3,2,Suburb,1951,273443.9053
1662,5,2,Urban,1957,245184.457
2873,2,3,Rural,1953,325123.792
2073,3,2,Rural,2014,221686.4863
2525,5,1,Urban,2008,302152.8256
1717,2,2,Rural,2014,254584.0649
2521,3,1,Rural,1978,315950.852
2358,4,3,Urban,1993,338821.3119
2102,5,2,Rural,1987,251225.8099
2605,4,3,Rural,1967,380169.9266
2050,2,3,Suburb,1960,194439.4089
1270,3,2,Suburb,1954,274297.3909
1561,5,2,Rural,2010,170650.2775
1803,5,2,Urban,1956,208961.4864
1246,5,1,Suburb,2008,226084.5436
2799,4,3,Rural,2002,303887.6428
2614,3,1,Rural,1986,228946.8205
1386,3,3,Suburb,2010,195135.9246
1701,3,3,Urban,1984,219308.2631
1558,4,1,Suburb,1982,194638.1237
1972,2,3,Urban,1966,294960.4871
2384,4,1,Urban,2009,193852.5477
2889,2,2,Urban,1996,346129.6339
1983,4,3,Rural,2016,233875.7622
2511,3,1,Suburb,1966,222157.6011
1351,3,2,Urban,1952,264446.5956
2724,3,3,Rural,1986,286122.9906
2951,4,3,Suburb,1995,274289.0698
2279,5,3,Suburb,2019,288905.1929
2245,4,3,Urban,1983,243310.7653
2907,2,2,Suburb,1988,193069.253
1752,4,3,Urban,1961,192820.0011
1780,2,3,Rural,1977,320201.7067
2024,4,2,Suburb,1988,210474.0126
1545,5,2,Suburb,2015,147851.3352
2469,5,3,Suburb,1988,325679.49
1078,3,2,Suburb,1987,149093.2503
2259,5,2,Urban,2005,248186.768
1333,4,1,Suburb,1983,61813.38456
1888,5,2,Suburb,1977,131898.01
2372,3,1,Rural,2011,219575.4706
2121,4,1,Suburb,1995,273136.2125
2105,2,1,Urban,1976,248123.2661
1501,4,1,Urban,2021,152533.7212
2990,3,1,Suburb,2001,403392.2483
2500,5,2,Urban,1951,199492.4563
2950,5,2,Suburb,1985,325000.8917
2727,4,2,Urban,1972,260698.168
1764,2,3,Rural,1950,187847.1574
1920,2,2,Rural,2014,107193.418
1549,2,1,Suburb,2016,113740.2807
1013,2,3,Rural,1977,146511.3767
1391,4,3,Urban,1981,232921.788
2370,5,2,Urban,1972,263107.2612
1309,2,3,Suburb,1996,106229.8458
1385,4,2,Suburb,1996,143369.0295
2232,4,2,Rural,1995,210188.4384
2380,4,1,Urban,1982,261200.1055
1973,2,3,Urban,1991,204282.0571
2624,2,3,Urban,1987,266515.3294
2591,4,3,Rural,2016,301257.5606
2117,4,2,Rural,1983,270230.0778
2116,4,3,Urban,1998,232734.6407
1339,5,1,Suburb,1977,143920.4401
1596,5,3,Rural,1957,180041.048
2468,3,3,Suburb,1998,362268.9358
1756,3,1,Rural,1954,160749.5614
2045,2,2,Rural,1980,181244.0346
1290,5,2,Urban,2002,69986.46689
2508,3,3,Urban,1984,253009.0211
2807,4,1,Rural,2007,290925.479
1305,4,1,Rural,1954,206030.4181
1633,2,1,Urban,1982,273177.3958
2151,2,2,Urban,1962,225156.939
1624,3,2,Suburb,1974,96352.93453
1938,4,2,Suburb,1973,188208.6193
2296,2,1,Suburb,1960,288279.8058
1847,2,2,Urban,1960,185298.2408
1441,5,3,Urban,1979,221651.2271
1502,3,2,Suburb,1963,156251.1404
1129,2,3,Urban,2014,170383.3696
2155,3,2,Suburb,2016,329599.1428
1596,4,3,Suburb,1974,184449.7086
2958,3,1,Suburb,1974,300024.9129
2505,2,2,Rural,2000,262083.1229
1861,5,3,Suburb,1967,196001.4681
2413,3,1,Rural,1993,243683.9823
1592,3,3,Suburb,2007,168730.3079
1998,4,2,Rural,2003,196611.569
1324,5,2,Suburb,1983,214779.1141
2092,3,2,Urban,1963,261685.3283
2683,5,1,Rural,1993,291040.0231
1447,2,2,Suburb,1976,169646.8104
2551,5,1,Urban,2013,218051.0404
1818,2,1,Urban,1992,229703.5105
2640,4,2,Suburb,1951,261644.7348
2188,4,2,Urban,2003,180442.3365
2511,4,2,Urban,1981,348522.567
2736,2,2,Urban,1986,270371.3683
1708,3,3,Suburb,1983,145956.9667
2449,2,3,Rural,1982,176109.2668
2720,5,3,Suburb,1973,350975.2789
2857,5,1,Suburb,1982,304879.1477
1264,2,1,Rural,1975,217616.4132
2898,4,3,Suburb,1990,337687.1647
1611,4,2,Rural,1990,174750.1188
2365,5,1,Urban,2008,249020.5089
1831,5,1,Urban,1955,226844.3181
2749,3,1,Suburb,2006,376813.3351
2301,3,1,Suburb,1966,197827.1216
1673,3,3,Urban,1965,203002.4903
2462,5,3,Rural,1993,289397.0236
1156,3,1,Urban,1973,112326.3549
2445,5,2,Suburb,2018,264007.3346
1250,5,3,Urban,1969,171909.1253
1877,2,1,Urban,2000,211551.2938
2632,3,3,Rural,2003,327283.9918
1529,2,1,Urban,1977,78175.44864
1326,2,2,Rural,2005,186309.938
1960,3,1,Urban,1981,255436.9598
1894,5,1,Rural,1970,206032.4019
1096,5,1,Rural,2010,76669.45589
1512,5,2,Urban,1984,186369.8188
1215,3,1,Urban,1971,130971.3717
2155,5,1,Urban,2006,232726.0851
2283,2,3,Rural,1968,157568.7132
1124,4,1,Suburb,1967,140073.6501
2105,3,3,Suburb,2005,150143.208
2306,4,1,Rural,1967,307089.3922
2706,2,2,Rural,2013,208392.62
1058,4,2,Rural,1993,137767.0535
2567,2,2,Urban,2010,282113.4041
1160,4,1,Urban,1996,91790.21949
1283,4,2,Urban,1998,134287.3691
1105,5,2,Suburb,2008,110490.9467
2128,4,1,Urban,2005,243422.8567
2462,2,3,Suburb,1998,221888.3988
1227,2,1,Urban,1958,254900.009
2723,2,1,Suburb,1982,232733.2707
2605,3,3,Rural,2005,263505.8944
1317,2,2,Rural,1979,127385.3305
2487,3,1,Rural,1995,212616.0752
1801,2,3,Suburb,1958,170063.9544
2622,3,3,Suburb,1972,267972.0783
2905,4,2,Urban,1953,257339.8036
1873,4,1,Suburb,1993,298782.2676
1471,2,3,Suburb,1990,155851.3232
2079,3,1,Urban,1995,253695.9781
1624,5,1,Suburb,1976,269548.9048
1012,5,2,Suburb,1960,124581.5908
2463,5,1,Rural,1969,254515.3095
2041,4,2,Urban,1980,221712.6842
1693,4,3,Rural,1990,359498.0206
1972,3,2,Suburb,1997,260828.8145
1112,2,2,Urban,1968,155865.967
1228,4,3,Urban,2020,234735.5323
1170,2,2,Rural,2001,147698.044
1294,5,2,Rural,1965,170085.3909
1188,5,3,Rural,1973,193598.8938
1425,2,2,Urban,2019,190975.3278
1976,3,1,Urban,1988,193047.3517
2102,5,2,Urban,1964,219548.8615
1657,3,2,Urban,1953,140938.812
1918,5,1,Suburb,2005,205733.3028
2205,4,2,Rural,1951,367469.8627
1498,5,3,Urban,1971,221059.6264
2821,3,3,Suburb,2015,340544.014
1761,4,1,Rural,1969,236266.8134
1865,5,3,Urban,1953,160590.4111
1825,4,2,Suburb,1997,241185.7633
2731,4,3,Urban,2004,280049.6814
2858,5,2,Suburb,2020,295478.7387
1070,2,2,Rural,2003,92771.41727
1247,2,2,Suburb,1973,200897.985
1145,3,2,Rural,1960,143701.7843
2641,3,2,Suburb,1965,279270.9028
2798,5,3,Suburb,2014,284626.9673
2319,4,2,Urban,1962,177054.3139
1581,4,1,Suburb,1955,172353.6674
1469,2,1,Urban,2001,88133.04664
2529,2,1,Rural,2007,329314.7579
1192,4,3,Suburb,1983,287173.5761
2091,4,1,Urban,1999,293870.3369
1493,3,2,Urban,1977,170768.0332
2840,4,3,Rural,2019,328821.0636
1051,4,3,Suburb,2009,155159.8321
1881,5,2,Suburb,2007,174409.0609
1362,4,1,Urban,2019,207697.6816
2820,2,2,Urban,1969,287938.8098
1916,2,1,Suburb,1989,184966.5518
1473,3,1,Rural,2011,153591.6082
2869,3,1,Urban,1954,333890.6252
1520,5,1,Suburb,1987,236946.0531
2786,3,1,Suburb,1959,411541.8263
2454,4,2,Urban,2015,251165.9912
2867,4,3,Suburb,2020,308954.6494
2321,5,3,Rural,2014,250368.1826
2458,2,3,Urban,1955,196130.3095
2719,4,2,Rural,1966,277276.6923
1690,4,2,Rural,1975,244383.5263
2221,5,3,Rural,1956,277108.0108
2151,2,1,Rural,1997,345179.7324
1531,3,3,Rural,2014,136812.2485
2434,4,3,Urban,1985,259373.7386
2957,2,1,Suburb,2019,308952.4242
1839,5,1,Urban,1968,231766.6087
2088,5,1,Suburb,1955,213786.5258
2717,2,2,Suburb,1979,274980.1178
1240,5,1,Suburb,1984,226541.007
2392,3,3,Rural,2006,319749.019
1535,2,3,Rural,1966,196676.3726
2407,3,3,Suburb,2011,312542.6995
2454,5,3,Suburb,1959,308145.8218
2990,3,1,Suburb,1967,291886.6099
1082,3,2,Suburb,1953,165168.7475
1981,3,3,Rural,2021,289879.449
2854,3,1,Urban,1973,306391.6258
2720,2,1,Urban,2013,291372.4409
1950,5,2,Rural,1991,306861.8889
2851,5,2,Urban,1976,388479.9635
1610,4,1,Rural,2006,213474.7778
1573,3,3,Rural,1987,184199.0651
1285,3,3,Suburb,2001,167443.4152
1988,4,2,Suburb,1965,252345.9069
2557,4,1,Suburb,1996,261099.5106
1458,3,3,Rural,1990,228463.2343
2235,5,1,Urban,1976,252887.6777
1125,4,1,Rural,1998,167950.5379
2436,3,3,Urban,1975,276418.6214
2522,5,3,Rural,2003,380444.7932
1424,2,3,Suburb,1955,130472.981
1553,4,2,Rural,1950,230570.3523
1609,4,2,Rural,1968,203086.1093
2984,5,1,Rural,1983,373296.1378
2566,2,3,Urban,1955,301975.3012
2181,5,3,Urban,2018,299543.6071
1111,4,1,Suburb,1988,131691.1075
1401,2,3,Rural,1980,216544.6907
2782,3,3,Suburb,1988,287907.0446
1121,4,3,Rural,1956,142711.6941
1272,5,2,Suburb,1954,139343.7334
2317,5,1,Suburb,1977,272931.6114
1397,5,3,Urban,2019,124183.6383
1470,5,2,Urban,1989,285757.6795
1984,5,2,Rural,1967,226691.8452
2230,4,1,Urban,1966,255940.3983
2133,2,3,Rural,1950,277232.2021
2463,5,2,Rural,1968,312702.9891
2301,5,2,Urban,1954,233450.0986
2986,3,1,Rural,2009,378220.6878
2591,3,2,Rural,1951,322635.2665
2910,2,3,Rural,1960,196250.296
2938,4,2,Urban,1953,355146.2543
1568,4,2,Urban,2020,67824.06617
2963,2,3,Urban,1972,268624.6365
2505,2,2,Urban,1984,267080.3268
2826,2,1,Urban,1988,352971.0565
2137,5,2,Urban,1980,297821.8597
2916,4,1,Suburb,1951,263441.5207
1896,2,1,Rural,1959,175696.3079
1819,3,3,Urban,1997,162894.1797
1852,5,1,Rural,1954,238750.7071
2500,5,2,Suburb,1977,286415.155
1709,5,3,Suburb,1957,276732.5972
2956,5,1,Suburb,2017,318796.6982
1320,2,1,Urban,1958,131825.8261
1178,5,1,Urban,1963,158538.836
1896,3,2,Suburb,1989,243335.3018
1218,3,2,Rural,1958,162860.1679
1788,2,1,Urban,1958,223267.1027
2972,5,3,Suburb,2001,314369.4344
2551,3,2,Rural,1990,283661.4132
1491,4,3,Urban,1960,66519.0039
2914,5,2,Suburb,1971,354307.0074
1060,2,3,Suburb,1994,21164.42582
2077,4,3,Rural,1976,262025.8898
2703,5,1,Suburb,1955,284511.6288
1537,4,1,Suburb,1971,195046.8304
1847,5,1,Rural,1975,252844.6622
1987,5,1,Suburb,2019,249465.2383
1064,3,3,Urban,2014,197604.9789
2635,4,1,Suburb,1964,311910.5187
1585,4,2,Rural,1965,123430.536
2727,2,1,Urban,2005,433711.4766
1170,2,1,Urban,1997,73419.76491
2296,4,2,Rural,1958,305024.1238
2912,3,1,Urban,2006,295384.3201
2722,3,1,Urban,1975,326939.3981
1534,5,1,Rural,1978,188417.3304
2414,2,2,Rural,2014,242211.0201
2963,2,2,Urban,1993,303498.2547
1692,2,1,Rural,1966,218129.3284
2350,5,2,Suburb,1966,255546.8316
1107,3,3,Urban,1986,57604.26206
2870,2,2,Suburb,1960,318830.2823
2185,5,1,Urban,1977,300063.858
1813,4,2,Suburb,2015,237692.1328
2004,3,1,Urban,2006,223121.1732
1451,4,3,Urban,1969,101924.1663
2229,2,3,Suburb,1969,239636.0914
1589,5,1,Suburb,1985,180106.0278
2039,3,2,Urban,2002,132575.7967
1326,2,3,Suburb,1966,72576.64647
1607,3,1,Suburb,2018,87901.72112
1658,5,1,Urban,1963,220116.2766
1001,5,3,Suburb,1963,126913.47
2033,2,1,Urban,1988,235345.6075
1433,3,3,Urban,1953,247188.2909
1124,5,3,Urban,1959,127792.235
2104,3,2,Suburb,2000,181315.506
1484,3,1,Urban,1973,207328.8783
1651,4,3,Urban,1979,184970.7036
2861,2,3,Suburb,1980,343728.7044
2173,2,2,Urban,1995,260312.1853
1799,3,3,Suburb,1973,156138.089
1872,4,2,Rural,2011,184933.7224
2363,3,3,Rural,1981,216835.9445
1128,2,1,Suburb,1957,132984.0524
1437,2,1,Urban,2018,235196.0808
1750,3,1,Rural,1969,208693.0958
1500,3,2,Rural,1964,205165.236
2081,3,1,Suburb,2008,320814.0691
2221,2,2,Suburb,1958,270791.3667
1210,3,2,Rural,1977,89539.30038
2937,3,2,Rural,1999,263953.3525
1901,5,3,Urban,1993,184797.6438
1044,2,2,Urban,2020,84495.67767
2120,3,3,Suburb,1972,163849.4867
2302,4,2,Rural,1973,250916.5292
1534,2,2,Urban,1965,135545.6484
2433,3,3,Urban,2005,333312.6046
1460,3,3,Suburb,1971,246880.0673
1390,5,1,Rural,1972,157868.2124
2870,5,1,Rural,1968,286823.6138
2067,2,3,Suburb,1982,175215.6889
1026,5,1,Urban,2008,127751.8805
1793,5,3,Suburb,1990,282937.3696
2120,2,3,Suburb,1988,268384.2681
1974,4,1,Rural,1951,272453.25
1547,3,3,Rural,2001,205324.14
1620,3,3,Suburb,2006,185649.4337
1566,5,1,Urban,1966,239801.8239
1703,3,2,Urban,2008,125224.2192
2242,5,2,Urban,1960,194677.6624
1184,2,3,Suburb,1954,131319.7842
2092,2,1,Suburb,1990,211557.199
2852,2,1,Rural,2021,324945.5555
2153,3,2,Suburb,2013,176229.6302
2590,5,3,Rural,1990,319184.6733
2913,5,2,Urban,2006,280824.0461
2632,3,2,Suburb,2012,268033.2283
1847,2,3,Rural,1976,310906.8031
1598,4,3,Urban,2004,190341.3205
1805,5,3,Rural,1979,212721.7436
2654,5,3,Suburb,1983,309197.0723
2743,3,3,Urban,1991,287974.4687
2357,4,3,Urban,1973,350499.069
2948,2,3,Urban,1961,308248.4419
2177,5,1,Suburb,1978,265352.7799
2570,3,1,Suburb,2009,179792.9549
1078,4,2,Suburb,2005,118139.2825
1578,3,2,Urban,1995,241500.2574
2878,4,1,Suburb,2007,229515.1273
1412,3,1,Rural,1963,99828.07495
1545,4,3,Rural,1968,240806.6399
2632,5,2,Urban,1990,315517.4465
1168,4,1,Rural,2006,144248.7855
1680,2,3,Rural,1979,202286.3547
2686,5,1,Suburb,1971,258014.9865
1582,2,2,Urban,1986,78890.23045
1514,5,1,Suburb,1954,133309.4874
2337,4,1,Rural,1968,157844.97
1031,5,2,Rural,1995,139119.7471
1286,3,1,Rural,1972,156184.54
1593,4,2,Urban,1982,197385.4364
2066,3,3,Rural,2016,124945.8129
2926,3,3,Rural,1993,377692.3946
1616,3,1,Urban,1969,179055.8035
2024,3,3,Suburb,2018,198968.5072
2596,2,2,Urban,1966,230357.5752
1269,4,2,Urban,1996,207007.2314
2203,3,1,Suburb,1988,266135.7208
2759,2,3,Urban,1966,251042.9233
1517,5,2,Suburb,2006,231217.6901
2126,3,2,Rural,2019,134734.7244
2033,3,1,Urban,2015,233681.2832
1582,2,3,Suburb,2019,290788.1703
2113,5,2,Urban,2015,207108.9784
1225,5,1,Suburb,2012,44686.11066
1669,2,1,Suburb,1952,267823.0966
2763,3,2,Suburb,1954,360354.1812
1916,4,2,Rural,1959,213330.6838
1125,2,1,Urban,1962,165022.3878
1955,4,3,Suburb,1954,171799.0578
2232,3,1,Rural,1960,318124.6979
2120,3,3,Rural,1983,252501.4345
1073,5,2,Suburb,1983,154991.9382
2650,3,2,Rural,2004,267696.1366
2214,5,2,Urban,1976,313866.6322
2705,5,1,Urban,1979,332612.3537
2842,3,3,Urban,1984,375072.6339
2983,5,1,Suburb,1952,323999.6669
2739,3,1,Suburb,1973,262833.4965
1055,5,1,Suburb,1989,157941.2249
1719,5,3,Urban,1978,244779.0061
1552,3,3,Urban,1986,246537.3333
1031,4,2,Rural,1969,132656.4218
2550,2,1,Suburb,1951,283495.4442
1573,3,3,Suburb,2021,163985.1202
1666,5,1,Rural,1965,201757.3378
1283,2,2,Rural,1976,199549.0827
2744,4,2,Suburb,1982,227652.7197
2855,3,1,Urban,1991,274662.638
2517,5,2,Urban,1961,197432.1219
1186,5,3,Suburb,1951,152784.1648
1497,3,3,Urban,1963,195553.9358
2465,5,3,Suburb,1996,161478.9235
1129,2,3,Suburb,1992,64541.15102
1638,5,2,Urban,1975,204939.4302
2315,2,3,Urban,1971,148856.6603
1113,2,2,Suburb,2014,141408.1523
2222,3,2,Suburb,2017,270721.9543
1012,5,1,Suburb,2001,148490.2929
2294,2,2,Suburb,1987,208073.3752
2624,5,1,Rural,1993,357604.8148
2238,2,2,Rural,1980,262170.3497
1443,4,3,Suburb,2006,170658.5845
2813,3,1,Suburb,1971,263270.8401
2535,3,2,Urban,1951,332007.9677
1446,3,2,Suburb,1955,213194.3407
1985,2,1,Suburb,1964,251286.7484
1992,4,1,Urban,2003,157829.4371
1714,2,3,Urban,1967,184865.5303
1073,3,3,Suburb,1957,109519.4747
1536,2,2,Urban,1977,168044.7551
1100,3,2,Rural,1976,167917.0119
1175,5,2,Rural,2002,259629.2259
1426,2,2,Rural,1976,114034.3399
2140,5,1,Rural,1961,152143.5596
2189,2,1,Rural,1976,235607.5978
1040,3,2,Rural,1980,171805.9164
1428,5,2,Rural,1982,195854.6767
1343,2,3,Urban,1950,128689.5549
2447,3,2,Urban,1962,170753.6012
1365,2,3,Urban,2007,249589.571
2143,5,3,Urban,1971,154350.6135
1608,2,2,Urban,1964,293593.2221
1656,2,1,Rural,1956,191249.4762
1727,5,3,Suburb,1951,105316.6987
1228,3,3,Suburb,2015,110674.0501
1824,2,2,Urban,1956,271569.8177
2153,2,1,Suburb,2013,154434.1262
2375,4,3,Suburb,2018,170816.0537
1888,4,2,Rural,2005,133449.3326
2341,3,1,Rural,1953,300449.8375
1983,5,1,Suburb,1989,200094.1047
2672,3,1,Rural,2014,302748.9545
1835,3,3,Rural,1965,151187.0028
2360,3,1,Suburb,1973,335669.7975
2296,2,3,Rural,1951,217564.2537
1116,2,2,Urban,2017,119399.0042
1817,3,1,Urban,2015,200258.2115
1367,3,3,Suburb,2000,212203.3823
2117,4,1,Suburb,1985,283987.1768
1167,5,3,Urban,2015,155820.4221
1953,3,2,Rural,1976,298407.8186
2738,4,3,Suburb,2004,353149.6722
2364,3,2,Rural,1958,222080.9394
1660,5,1,Rural,2014,152401.164
2937,3,3,Suburb,2009,285214.7146
1694,5,2,Urban,1964,157035.5176
1924,2,1,Urban,1956,164450.3861
1151,5,2,Urban,1994,140669.4077
1585,3,1,Urban,2014,130953.8817
2900,4,2,Urban,1950,244615.4421
1912,2,3,Urban,2019,197698.5305
1273,4,2,Rural,2020,189411.0376
2577,3,1,Urban,2011,317264.9528
1495,2,2,Suburb,1966,289389.6368
2747,4,2,Suburb,2011,248629.3728
1100,3,3,Urban,2000,25742.90007
1556,4,1,Urban,1988,209241.8146
2105,5,1,Suburb,1992,223202.4732
2552,5,2,Suburb,1953,311207.5621
1072,3,1,Suburb,2017,143793.0313
2037,4,1,Urban,1993,308408.4037
2456,3,1,Suburb,2007,203279.8635
1156,4,3,Urban,2014,159730.8547
1734,2,3,Urban,1996,170227.331
1131,3,3,Urban,1959,13692.02607
2361,3,1,Urban,1970,300231.7541
2018,4,3,Suburb,2005,311967.3925
2427,3,1,Rural,1960,278947.3023
2399,2,3,Rural,1969,312488.9712
2911,4,2,Rural,1989,251707.0347
1558,4,1,Suburb,1977,191069.6105
1106,4,2,Suburb,1958,140684.2132
2643,2,2,Urban,1995,291642.0041
1264,2,2,Rural,2002,84297.5202
2228,3,3,Suburb,2010,320605.3877
2102,4,3,Urban,2003,321800.124
1154,2,2,Urban,1969,133594.8783
2806,5,2,Urban,1955,337992.7524
1987,3,2,Urban,2000,214085.889
1996,2,3,Urban,1986,143798.2389
1246,2,2,Urban,2020,78288.23073
1530,2,2,Suburb,1957,290643.8199
1857,3,1,Urban,1985,153921.2536
2971,2,2,Suburb,1956,255013.7814
1537,2,1,Suburb,2018,151390.9268
1728,5,1,Rural,2005,292976.4849
2177,5,1,Rural,1986,185530.3559
1153,5,3,Urban,2001,279957.9525
2709,2,2,Urban,2014,359253.0867
1091,5,2,Rural,2020,77616.42943
2456,4,1,Urban,1986,330455.6209
1337,5,1,Suburb,1955,107837.1057
2503,5,1,Suburb,1992,238048.2782
2716,2,1,Urban,1957,302647.7196
2154,4,2,Rural,2005,294566.0847
1449,5,2,Urban,2005,175002.917
1809,2,1,Rural,1986,186045.5518
1786,4,1,Suburb,1975,169858.8044
1272,5,1,Rural,2018,163561.6486
2952,2,1,Rural,1969,315484.8583
1587,4,3,Urban,2017,204000.4912
1176,5,2,Rural,1968,197413.596
2719,4,2,Rural,2018,256200.3608
1830,4,3,Suburb,1986,240971.2537
1642,2,1,Rural,2014,183954.6726
2898,3,1,Urban,1959,326530.3789
2072,4,2,Suburb,1957,320910.5246
1566,4,3,Rural,1999,179760.9716
1665,4,1,Rural,2005,171898.5332
2378,4,2,Suburb,1960,230410.6461
2735,4,2,Rural,1954,271855.0362
2331,3,2,Suburb,2003,267911.3374
1867,2,3,Suburb,1973,75358.63478
2908,3,3,Urban,1999,235336.6395
2653,2,3,Rural,1955,256114.5306
2798,3,3,Suburb,2016,249708.7466
2069,2,3,Suburb,1992,279510.3879
1301,5,3,Urban,1985,231216.3529
1867,4,2,Urban,2004,217393.4711
1911,2,2,Urban,1957,216462.6824
1407,2,1,Suburb,1958,152227.7477
2212,4,1,Suburb,2004,165190.932
1821,5,1,Urban,1993,151689.557
2853,4,3,Urban,1964,218168.7597
2152,2,3,Urban,1963,197457.7432
1560,2,1,Urban,1971,229078.2244
2560,4,1,Suburb,1964,314758.9339
2289,3,3,Urban,1997,221596.4392
2141,4,3,Suburb,1961,222936.9866
1463,2,2,Urban,2021,107231.6066
1143,2,1,Rural,1971,157815.5392
1441,2,3,Rural,1996,248121.0537
2223,5,2,Suburb,1956,341709.7504
2180,4,2,Urban,2002,301886.0918
1486,5,3,Urban,1953,123581.0544
1859,4,3,Urban,2006,210218.3584
2157,5,2,Urban,1955,248742.3239
2935,3,2,Rural,2000,239077.9721
1147,2,3,Suburb,1979,184443.0172
2359,2,1,Rural,1950,210148.3708
2094,4,1,Rural,1981,358606.6554
2256,2,1,Urban,2005,202510.6976
2357,5,1,Suburb,1993,287001.1566
1810,3,1,Suburb,1986,114641.2158
1665,5,1,Rural,1977,134421.7289
1089,5,1,Rural,1952,70589.93135
2357,4,3,Urban,2019,333873.7589
1198,2,2,Suburb,1951,122821.7466
2184,5,2,Rural,1984,222419.8322
1537,4,2,Rural,1970,271846.1644
2144,5,2,Rural,1996,165151.4238
1300,5,1,Urban,1980,244391.0845
1723,5,3,Urban,1963,197959.7273
2598,4,2,Suburb,1957,346227.4195
1962,3,1,Urban,1991,165694.435
2459,5,1,Suburb,1981,322160.5218
1067,5,1,Rural,1965,146360.8744
2788,4,3,Suburb,1986,203057.2838
2945,2,3,Suburb,1987,194957.0209
1458,3,3,Rural,1960,250389.8513
2537,4,2,Rural,1950,160685.8165
1397,2,2,Urban,2014,175095.0014
1619,4,3,Rural,2002,140038.1256
2309,4,3,Rural,2003,203577.46
2584,3,3,Rural,1976,357640.6996
2163,3,3,Rural,1966,231971.2326
1729,3,1,Urban,1964,152707.8718
1555,3,2,Rural,1951,171859.6296
2952,2,1,Suburb,1963,417011.8601
1780,5,2,Suburb,1987,216523.2132
2613,4,1,Rural,1986,251806.6105
2751,3,1,Suburb,2011,313397.8495
1893,5,1,Urban,1971,156899.7193
1609,2,3,Rural,1961,212274.871
1747,3,1,Rural,1952,240244.8022
1281,4,1,Urban,2017,130930.7018
1660,5,3,Rural,1968,198942.9951
1923,3,3,Rural,1984,229781.0232
2839,4,2,Urban,1961,316357.8167
1995,5,1,Suburb,1959,274672.1403
2959,4,2,Rural,1959,366981.373
2601,2,2,Rural,1964,262590.6279
1745,3,1,Rural,1962,157484.3565
2480,3,2,Suburb,1964,215851.3059
1086,4,3,Urban,1957,102384.0036
2102,5,3,Urban,2020,187396.6261
2228,3,1,Rural,1974,303868.2784
1790,4,2,Urban,2014,226759.047
2360,2,1,Suburb,2009,205093.9616
2277,3,3,Suburb,2011,257484.8962
1303,4,1,Rural,1990,148218.569
2403,5,3,Urban,1978,310664.5939
1129,3,3,Suburb,1952,181117.5596
1595,3,3,Suburb,1977,247677.0626
2299,2,2,Suburb,1999,192344.704
2722,4,2,Suburb,1981,228142.9443
1557,5,2,Urban,1974,235299.2263
1898,2,2,Rural,1969,170059.3551
2206,2,3,Urban,2021,222655.8727
2291,2,3,Rural,1971,253040.2652
2831,4,3,Suburb,1974,329045.2388
2345,4,2,Suburb,1986,225860.8195
2535,3,1,Suburb,1959,335923.8669
2635,4,1,Rural,2016,313751.4088
1077,2,2,Urban,1995,204048.7879
1783,4,2,Suburb,1976,241420.9794
2362,5,2,Rural,1980,305979.9062
1673,3,2,Suburb,1967,253003.6674
2579,2,3,Rural,1968,327385.2088
2532,3,2,Urban,2015,355924.9442
1237,4,3,Suburb,1964,45200.92169
2157,3,2,Suburb,1994,208141.3826
2996,3,3,Urban,2012,271975.2583
2215,4,3,Suburb,1956,166384.1535
2379,3,3,Urban,1982,298750.1758
1277,4,2,Urban,1984,255163.9302
2041,2,3,Suburb,1987,204977.2871
1523,3,2,Rural,1960,175735.0856
1179,5,3,Urban,1950,173082.1357
1122,5,3,Suburb,2005,112886.4372
2269,2,2,Urban,1970,254433.7267
2757,4,1,Rural,1976,391486.9612
2396,4,2,Rural,1950,234991.7635
2074,3,1,Urban,1978,199343.5211
2094,3,2,Rural,1962,204571.5512
1479,5,3,Urban,2003,165216.6035
2583,5,2,Rural,1998,298466.2338
2042,4,1,Suburb,1988,173659.7816
2797,5,3,Rural,2015,314335.3039
1083,4,2,Rural,1977,111928.5265
2178,2,2,Urban,2017,252295.1767
1564,2,3,Suburb,1999,205549.8322
1618,5,1,Suburb,1981,196572.1004
1356,3,2,Rural,1997,184246.602
1815,5,1,Suburb,1998,158769.0155
1646,5,2,Suburb,1974,194453.4738
1442,5,2,Rural,2002,180944.6251
2092,3,2,Suburb,2018,222086.8586
1522,5,1,Rural,1964,157027.3004
1142,3,3,Suburb,1979,131216.7018
1191,5,2,Suburb,1953,182414.945
2410,3,3,Suburb,2017,231514.2384
1377,3,2,Urban,2021,166728.9817
1580,3,2,Rural,1963,218100.4115
1534,3,1,Suburb,1966,210484.4678
2716,3,3,Suburb,1955,250782.9465
2316,2,3,Rural,1961,260266.3125
2032,4,1,Rural,1987,229728.0139
2294,4,3,Rural,1954,271157.5886
2410,3,2,Suburb,1962,298152.1631
1092,4,2,Rural,2006,102796.0992
2989,3,3,Urban,2005,374397.4669
1528,5,3,Suburb,1978,162955.0887
2177,2,3,Suburb,1994,248467.5985
1404,5,1,Rural,2018,158467.7043
1839,5,3,Rural,2000,286597.3719
2172,3,3,Urban,1966,249487.8147
1888,5,2,Urban,1995,257866.5314
2290,2,1,Suburb,1994,201746.6684
1421,5,3,Suburb,1961,168904.5958
2863,2,3,Rural,1972,331965.0427
2641,2,1,Rural,1988,197524.1126
1471,3,2,Urban,1987,150492.7605
1892,2,1,Urban,2007,169111.5177
1546,5,2,Urban,1992,118331.7485
1630,3,3,Rural,1987,88912.90483
2549,2,3,Urban,2014,291440.9921
2526,2,1,Rural,2020,227226.1422
2037,4,3,Rural,1958,129172.2733
1777,3,1,Urban,1973,233306.6058
2675,4,1,Rural,2017,259865.1875
2829,2,1,Rural,2013,265216.9559
1363,4,3,Rural,2008,225516.0159
1118,5,2,Urban,1970,91743.53584
2261,5,3,Rural,1974,271607.7718
1545,2,2,Rural,1952,197101.4859
2192,4,2,Urban,1953,280914.5627
1521,4,2,Rural,2003,73686.69645
1633,3,3,Urban,1978,234049.9177
2936,5,2,Urban,1985,304705.6406
2680,5,3,Rural,1955,294391.9895
1962,3,3,Rural,2014,263448.1091
1957,5,1,Suburb,2020,240702.7432
2758,4,3,Suburb,2013,245934.8466
1882,4,3,Rural,1997,288056.1509
2792,5,3,Urban,1987,317986.1892
1779,3,3,Urban,1990,233156.1472
1870,2,2,Suburb,2011,146025.0899
1515,2,2,Urban,1969,167095.5199
1937,2,3,Suburb,1971,195727.3441
2420,2,3,Urban,1964,212824.8066
1865,4,1,Rural,2011,148859.0897
1105,2,2,Urban,2016,149233.9013
2108,4,3,Urban,1999,236345.074
1213,4,1,Urban,1962,170901.4979
2144,2,1,Suburb,1980,191464.7816
2155,2,3,Suburb,1960,204702.9876
1849,2,1,Urban,1979,205202.2402
1196,5,1,Rural,2010,182110.69
1018,5,1,Rural,1985,132536.535
1641,3,2,Rural,1972,162790.6037
2035,4,1,Suburb,1964,294014.2709
2104,2,1,Rural,1999,183883.7242
1329,5,3,Suburb,1987,116095.6534
1865,3,3,Urban,1987,259720.2576
1773,4,2,Suburb,2016,296296.5852
1391,4,3,Rural,2010,213645.8849
1636,4,2,Urban,1972,163405.6144
1306,5,1,Urban,1970,205059.0334
2290,2,1,Urban,2004,171727.8629
2470,2,1,Urban,2008,195056.9726
2464,4,3,Rural,1954,319141.9627
1894,4,2,Urban,1974,204389.8055
1651,3,3,Suburb,1959,230167.323
1840,3,3,Urban,1971,232859.6313
2025,4,2,Suburb,2007,225177.2387
1519,3,2,Urban,1980,157619.4219
2785,5,2,Rural,2010,297671.133
2674,4,1,Urban,1983,299060.3773
1635,3,3,Suburb,1979,123934.5487
2332,4,3,Rural,1984,293856.4612
1739,2,1,Rural,2014,112028.0842
2545,5,2,Rural,2007,403485.0221
1468,4,3,Rural,1983,230886.3855
1211,2,1,Rural,2015,96757.1081
2135,4,3,Suburb,2004,317844.2337
2031,2,3,Urban,1954,182168.6446
1803,3,3,Suburb,1956,268676.2431
1476,2,2,Suburb,1996,181169.173
1873,5,2,Urban,1974,290642.3316
1459,5,3,Urban,1950,118488.7493
1252,3,2,Urban,1970,201030.8392
2549,4,1,Rural,1981,183827.0376
1751,5,1,Rural,2000,198542.805
2461,3,3,Rural,1957,165641.143
2777,5,1,Rural,1995,283000.3668
1980,3,2,Urban,1987,220234.9925
1853,5,2,Urban,1953,277802.7295
2684,3,1,Urban,1950,259949.4576
1235,5,3,Rural,2010,225773.6151
2329,4,1,Urban,2006,332601.6661
1477,2,2,Suburb,2013,121259.9932
1678,5,3,Urban,1996,282137.8137
2043,3,2,Rural,1954,170384.2189
1215,4,3,Urban,1954,52064.20921
1854,5,3,Suburb,2013,213790.4165
1134,3,3,Urban,1985,127898.3938
1904,2,2,Rural,1984,175488.4707
2152,3,3,Rural,1951,199098.881
1409,5,3,Suburb,2020,198111.2557
2445,3,1,Suburb,1964,180232.3025
2317,3,1,Rural,1958,272892.8417
2269,2,2,Suburb,1971,233228.9377
2724,5,3,Suburb,1987,244874.5691
2579,5,1,Urban,1973,251820.6981
1085,2,2,Suburb,1965,62870.77001
1555,4,3,Rural,1966,222912.8949
2865,3,2,Suburb,1977,286644.1983
2398,3,3,Suburb,1953,195237.0076
2469,3,1,Suburb,1995,295226.4431
1377,5,3,Suburb,1970,196136.3026
2413,5,1,Suburb,1954,238674.2874
2680,3,3,Suburb,2004,325986.5045
2074,5,3,Rural,1961,231021.3078
1241,2,1,Urban,2021,179630.4123
2317,2,1,Rural,1962,173297.6936
1919,5,1,Urban,2006,259608.5867
2586,3,2,Urban,2007,311419.8601
1265,3,1,Rural,2019,233865.1563
2143,3,3,Suburb,2021,229776.4035
1711,3,2,Rural,1964,183640.891
2940,5,2,Suburb,1963,329354.972
2271,4,2,Urban,1977,272622.3677
1069,4,2,Urban,2011,133767.2845
2876,3,1,Urban,1968,337952.9055
1056,3,3,Suburb,1997,102919.5499
2405,3,3,Suburb,2004,292513.5856
1038,4,2,Urban,2006,173799.5124
1800,2,2,Urban,1984,247464.1706
2466,4,1,Rural,1992,283120.8828
2041,5,3,Suburb,1991,255911.2043
2975,4,1,Urban,1970,311652.5429
1731,5,2,Urban,2016,195945.8283
1824,3,2,Rural,2014,268215.7879
1755,5,2,Rural,2009,161216.9805
1351,3,3,Suburb,1980,110136.4541
2995,2,3,Rural,1983,339499.2341
2839,3,2,Suburb,1976,226024.1999
2321,3,3,Urban,1980,270826.4348
1282,2,2,Urban,1985,127031.2797
2609,3,3,Urban,1983,252016.7737
1109,3,3,Rural,1994,202794.8971
2016,3,2,Urban,1992,227553.046
2203,4,3,Suburb,2001,151801.9936
2961,5,2,Urban,1953,262854.8373
1543,3,1,Suburb,1952,221967.1927
2769,4,3,Rural,1982,290861.9542
2817,3,1,Rural,2008,392462.0729
1024,5,2,Rural,1957,81960.52049
1842,3,2,Rural,1987,258205.6785
1790,5,3,Rural,2012,263565.8573
1737,4,3,Suburb,1963,124339.329
1056,4,3,Rural,1995,105551.2817
1179,3,2,Urban,1992,206539.3486
1231,2,3,Urban,1950,209188.4799
2917,5,1,Suburb,1997,314324.4354
1342,3,3,Rural,1980,156492.8385
1476,4,2,Rural,2019,116801.691
2822,3,1,Rural,2009,365381.3639
1575,5,1,Rural,1979,216265.2074
1454,3,3,Suburb,1966,97424.34257
2255,5,2,Suburb,2004,253890.8819
1288,4,2,Rural,1997,206496.2691
2236,2,3,Suburb,1987,235154.9916
1257,2,2,Rural,1997,171710.1826
1529,4,3,Rural,2006,162743.8588
1686,4,2,Urban,1977,198852.384
1928,3,1,Suburb,1985,232608.1122
1228,4,3,Urban,1961,168078.1707
2249,4,2,Urban,2014,241158.8363
1595,5,2,Suburb,1968,167374.0547
2826,3,3,Urban,2019,345313.2447
1434,5,1,Urban,1955,254110.3419
1881,3,2,Urban,1997,237944.1224
2020,3,3,Rural,1977,142829.1303
2781,2,1,Urban,1980,241830.2656
1401,2,2,Rural,1998,120923.7308
1621,4,2,Suburb,2021,69950.18966
2789,3,2,Rural,1960,362822.0844
1087,4,3,Rural,1956,80274.30099
1583,5,3,Rural,1969,207227.0661
2916,4,3,Urban,1968,309937.0575
2565,5,1,Suburb,1951,283392.8509
2707,2,2,Urban,1976,268909.899
1308,2,2,Urban,1974,84523.315
1905,5,1,Rural,1995,306987.6704
1342,5,1,Urban,1958,104854.5526
1435,5,3,Rural,1998,141895.1801
1176,4,2,Suburb,2005,212637.4985
1138,5,1,Suburb,1961,133592.8763
1193,3,1,Rural,2010,148193.7286
2209,5,1,Suburb,2011,278645.5762
2241,2,3,Urban,1992,315624.1955
2187,5,3,Urban,1959,264743.8026
2184,2,2,Rural,1975,188235.6392
1942,2,3,Suburb,1958,132214.0642
1524,4,2,Urban,1967,199556.5772
2831,5,3,Urban,1974,360150.5183
2624,2,3,Suburb,2010,212304.5179
2859,3,3,Urban,1963,294794.138
2065,5,1,Suburb,1976,214645.806
1914,5,3,Urban,2008,160967.2638
1209,2,2,Suburb,1985,259643.6965
1740,4,3,Rural,1966,103006.775
1861,4,1,Urban,1961,218520.4542
2298,5,1,Urban,1963,236914.8415
1953,5,2,Suburb,2019,182230.9175
2302,4,2,Rural,1959,256775.9489
2274,4,1,Urban,1992,307648.2452
2333,3,3,Suburb,2016,360945.258
2743,5,2,Rural,1957,318023.3337
1832,5,2,Suburb,1985,197719.0242
1139,5,3,Suburb,2018,117870.8976
1791,4,3,Rural,1983,150536.6715
1545,2,3,Suburb,2014,249323.0228
2844,3,1,Urban,1954,349944.0892
2016,4,1,Urban,1975,206469.5437
2927,4,3,Rural,1995,340520.9849
2553,3,2,Urban,1991,251458.2612
1056,5,2,Rural,1983,208224.9815
1111,2,1,Suburb,2000,152597.6168
1004,3,1,Rural,1987,170202.1771
2433,2,2,Urban,1971,279173.4149
2437,5,1,Urban,1977,275140.6055
2205,2,1,Rural,2004,251606.4851
2036,5,2,Urban,1961,255891.4844
2362,4,3,Rural,2010,292371.8718
2820,5,2,Urban,1993,322784.015
2282,3,1,Rural,2015,256531.4398
1089,3,3,Urban,2014,129335.7331
1615,5,3,Urban,1991,199861.1418
1890,5,2,Rural,1994,207229.5531
1697,4,3,Urban,1964,174832.5891
2273,4,3,Urban,1961,219775.134
2278,5,2,Suburb,2005,279975.6963
2611,2,3,Suburb,2007,287106.3439
1897,4,3,Suburb,1985,177450.8416
1970,3,2,Rural,1977,278488.3032
2131,4,2,Rural,2021,232871.0623
1667,4,1,Urban,1952,266157.803
1593,4,1,Urban,2003,206058.7416
1588,4,2,Suburb,1986,77815.86536
1484,5,1,Urban,2001,171685.2017
1981,4,2,Rural,1998,151626.2786
1971,2,1,Rural,1992,187165.4614
2281,4,1,Urban,2020,241112.3763
1638,4,3,Urban,1954,248237.7041
1996,3,1,Rural,2003,239113.0576
2926,4,3,Urban,1983,316429.6754
1281,3,1,Rural,1968,135572.2633
1985,3,3,Suburb,1982,169979.265
2111,5,1,Rural,2016,234055.2172
2227,3,1,Rural,1995,261503.8157
1015,3,3,Urban,1954,161588.4509
2174,2,3,Suburb,1951,290543.6077
1935,2,2,Rural,2019,248943.7608
1253,3,2,Suburb,1953,138297.5064
2211,5,3,Suburb,1969,195035.6501
1328,2,1,Urban,1950,112920.0625
1543,2,2,Rural,1983,144894.0485
1782,5,2,Suburb,1978,175752.0455
1996,4,2,Suburb,1994,134672.3973
2420,2,2,Rural,2001,223748.365
2540,3,2,Rural,1979,253734.6171
2482,3,3,Rural,2001,172663.9158
2353,3,2,Rural,1960,236305.9168
2843,5,3,Suburb,1986,297175.9844
1844,3,3,Suburb,2009,214189.4205
2192,4,1,Urban,1974,236560.573
2716,5,2,Rural,1985,363881.7966
1365,2,2,Suburb,1953,204124.6407
2201,5,1,Suburb,1972,237888.5408
1654,3,2,Rural,1955,192989.6425
2385,5,2,Rural,1977,278154.9367
1759,5,3,Urban,2013,154192.1444
1638,5,3,Suburb,2007,177920.5121
2798,5,1,Suburb,1982,260335.9674
2063,4,3,Suburb,1975,220879.9865
1923,5,2,Suburb,1974,227483.2109
1415,3,2,Urban,1979,61143.27985
2378,2,1,Rural,1985,274876.4727
1254,4,2,Rural,1969,206763.633
2166,5,1,Rural,2002,338458.6007
2775,2,2,Rural,2018,218042.3879
2763,4,1,Suburb,1981,202568.7413
2876,3,2,Urban,1991,389380.0736
1709,3,2,Rural,2014,171076.1732
1576,2,2,Rural,1963,160976.4828
1899,5,2,Suburb,2011,177673.6382
1010,2,2,Rural,1985,69458.55655
2643,4,1,Rural,1968,286287.332
1025,2,1,Suburb,2008,225122.3779
1956,2,3,Urban,2010,210885.9615
1420,5,1,Suburb,1966,193918.8411
2686,3,2,Urban,2000,239422.4129
2244,5,1,Urban,2010,246309.5097
2876,3,2,Urban,1965,318824.8054
1495,5,2,Suburb,1975,175590.8285
2260,3,3,Suburb,1950,225361.4886
1236,5,1,Rural,1978,225455.5488
2008,3,1,Suburb,1971,204922.3351
1218,3,2,Suburb,1981,133506.1549
2510,3,1,Urban,1956,283204.2844
2959,3,1,Rural,2010,291695.4232
1460,5,1,Rural,2001,219150.9303
1662,4,2,Suburb,2021,102043.5718
1634,3,1,Suburb,1962,153968.1103
2167,3,2,Suburb,2019,293074.5214
1989,3,2,Suburb,1963,236022.0863
1188,3,1,Urban,1989,87845.37766
1254,3,3,Rural,2014,111772.6987
1067,2,2,Urban,1969,135519.6252
1615,2,1,Rural,2013,79845.29929
1335,3,3,Rural,1956,170521.2199
1670,3,2,Rural,1972,218606.9806
1820,3,3,Urban,1988,199871.2655
1873,4,1,Rural,1956,231830.624
2432,5,3,Urban,1967,374652.9967
1299,3,3,Rural,1994,149938.0513
2931,4,2,Urban,1953,264775.1205
2625,4,2,Rural,1984,245219.6849
1356,3,1,Urban,2009,173877.6009
1255,5,2,Suburb,2002,140885.5545
2007,2,3,Urban,1972,212727.7397
1352,3,3,Suburb,2006,235021.1902
2755,3,1,Urban,1957,277991.2062
2544,2,2,Suburb,2019,233075.1846
1523,5,2,Suburb,1989,202809.4396
2860,2,1,Urban,2015,345234.2986
1949,3,2,Rural,1978,274307.7919
1755,3,3,Rural,2001,306255.3998
2717,4,1,Rural,1968,381003.3857
1283,2,2,Rural,2016,130397.8443
2335,4,3,Rural,1998,267256.9435
1098,4,1,Rural,1975,105127.2248
1196,4,3,Urban,2008,83878.98592
1481,4,3,Suburb,1963,247583.321
1877,2,2,Urban,2014,142263.597
2249,2,3,Suburb,1999,243479.7442
2868,2,2,Suburb,1985,316066.3601
1614,3,3,Urban,1955,255359.3601
1617,5,2,Suburb,1968,238135.5986
2388,4,2,Urban,1992,272942.5638
1367,3,1,Urban,2017,124482.132
1569,2,2,Rural,1999,34874.25772
1589,2,3,Suburb,1981,96305.22293
2098,3,1,Rural,2001,217201.251
2065,4,1,Urban,1971,271833.6483
1421,2,3,Urban,1987,122591.0505
1835,4,3,Suburb,2007,219928.2583
2204,4,1,Rural,1976,231820.8141
1544,5,1,Rural,1955,162070.1391
1070,2,2,Suburb,1961,121311.5348
2591,3,1,Urban,1998,303231.3354
2128,5,3,Urban,2011,229381.5837
2223,4,1,Suburb,1961,255482.6494
2124,3,3,Suburb,2002,245711.4018
1767,5,3,Suburb,1960,150718.3078
1306,5,2,Rural,1998,230476.0953
2609,5,2,Suburb,1997,369379.6096
2706,4,2,Urban,2019,206118.5119
1376,4,3,Suburb,1961,163699.4817
1654,2,3,Rural,1952,161027.8719
1677,5,3,Rural,2008,218445.3887
1398,3,2,Suburb,2001,258871.1523
2796,4,1,Urban,1953,323525.9547
1220,5,1,Suburb,1972,89493.70689
2618,3,2,Rural,2005,190868.0584
1181,4,2,Urban,2014,204584.3308
1306,3,3,Rural,2017,172418.7462
1521,3,3,Rural,1958,183650.5885
2419,2,3,Rural,1967,283430.0189
2013,4,1,Suburb,1966,243421.0788
1003,4,1,Rural,1968,115125.8821
1862,4,2,Suburb,1970,238852.7401
2937,4,2,Suburb,2020,309835.1436
1847,2,3,Suburb,2008,204030.8421
1803,2,1,Rural,2003,171349.3072
2304,5,1,Rural,1970,187819.9277
1214,4,2,Rural,1992,186694.7259
1971,3,1,Urban,1988,245047.0954
2633,2,3,Urban,2020,262840.7585
2443,3,1,Urban,1952,256069.848
1100,3,3,Urban,1996,66388.22722
1962,3,3,Urban,2020,219714.04
2544,5,3,Rural,1979,215713.3249
1572,5,3,Rural,1997,169742.3969
2332,4,1,Rural,1990,213199.8581
1657,2,1,Suburb,2015,169062.0737
1938,4,3,Suburb,1970,239723.0977
2954,5,2,Rural,2013,375486.3484
2533,5,2,Rural,1979,305592.445
2086,3,3,Rural,1959,161838.0868
2656,4,3,Rural,1974,404371.0871
1225,3,2,Suburb,1991,162142.2091
1104,5,1,Suburb,1968,191030.3874
2997,4,1,Rural,1986,391470.26
1771,4,2,Rural,1974,200966.9159
2884,2,3,Rural,2018,274650.3883
2448,5,3,Urban,1953,313809.2997
2278,5,1,Rural,1967,304138.8373
1428,2,1,Rural,1966,184174.5778
1433,5,3,Rural,1964,234837.3743
2230,3,1,Urban,1966,296522.1741
2051,3,2,Urban,1966,278406.8921
1681,3,2,Rural,1997,225621.4266
2359,4,1,Urban,1978,184471.3777
1587,3,3,Urban,1982,214085.6698
2651,5,2,Suburb,2013,290844.8747
2092,2,1,Rural,1984,105394.8419
1865,3,1,Suburb,1961,211252.8096
1745,3,3,Rural,1998,196425.4975
2536,4,1,Rural,2002,233912.5381
2190,5,2,Urban,1992,218847.3321
1863,2,1,Rural,1954,148168.8865
2753,5,3,Urban,2007,302998.6389
2808,3,1,Urban,1994,205654.782
1367,5,2,Suburb,1999,123970.0704
1250,2,2,Urban,1983,202337.2789
1858,3,1,Suburb,2015,231419.0709
1855,5,3,Urban,1975,167037.7117
2954,2,2,Suburb,1950,318596.2352
2709,3,3,Rural,1954,270803.6847
2193,3,3,Rural,1981,272913.5562
2781,5,2,Urban,1951,370880.2093
2958,4,1,Rural,1975,405717.858
2113,4,3,Rural,1959,218725.0675
1560,2,1,Rural,1994,171341.1405
2469,5,3,Urban,2008,266305.1876
1293,2,2,Rural,2007,162081.6525
1918,5,3,Rural,2010,226876.8577
2173,2,1,Rural,1954,192428.3663
2155,2,1,Suburb,2000,297873.7167
1432,5,3,Rural,1992,132100.3433
1058,4,3,Rural,1990,131171.1322
1968,2,3,Suburb,2013,241015.4239
1835,5,2,Urban,1964,179243.7549
1198,5,1,Urban,1990,107399.1336
1214,5,3,Suburb,2014,210070.3926
1897,3,1,Suburb,1984,255193.0788
2584,5,1,Urban,1964,384490.0986
1471,5,1,Rural,1985,213413.9986
2767,3,1,Urban,1987,248533.9613
1246,3,3,Urban,1969,77779.5587
1381,4,1,Urban,1984,84318.09663
1990,5,1,Suburb,1970,160557.3278
2262,2,2,Rural,1965,277174.149
1926,3,3,Rural,1952,247065.337
2390,3,1,Rural,1973,224431.7386
2191,4,1,Rural,1965,256668.196
1559,4,3,Urban,1985,232102.2404
2074,4,3,Rural,2014,303720.0105
2834,5,1,Rural,1973,368566.8701
2633,5,2,Rural,1998,271673.2745
2974,5,2,Rural,1983,357299.5565
2751,3,3,Suburb,2012,291313.8657
1688,4,3,Suburb,2007,185987.4743
1379,3,2,Rural,1991,183951.4729
1473,2,2,Rural,1960,169046.4553
2103,5,2,Rural,1952,180264.1289
1696,3,2,Suburb,1993,110874.983
2390,2,2,Urban,1999,255042.794
2484,3,3,Rural,1993,415280.0557
1910,2,3,Suburb,1978,197595.3796
2562,3,3,Urban,1972,227717.7295
2475,3,3,Suburb,1970,263906.1465
2487,5,1,Rural,2021,290292.4256
1959,3,2,Urban,1970,195992.8985
1477,3,2,Rural,1973,219537.3869
2003,4,3,Suburb,1961,260856.4117
1925,3,2,Suburb,1997,264914.2339
2443,5,1,Suburb,1988,216099.4597
1706,3,1,Urban,1968,221673.4263
2237,5,1,Urban,1998,263652.1125
2392,4,3,Suburb,1984,251141.0678
1853,5,2,Urban,1954,225627.7551
2137,4,1,Suburb,2019,259650.8649
2016,4,1,Suburb,2001,238599.7925
1753,4,2,Suburb,1991,288656.423
1502,4,2,Urban,1950,104450.0994
2659,4,1,Urban,1983,313186.6062
1816,5,1,Rural,2005,192165.6433
1587,4,2,Urban,2002,276316.1028
2334,4,3,Rural,2008,258404.5786
2492,4,2,Rural,2004,333190.0403
2847,4,3,Suburb,2019,260198.3901
1707,4,1,Urban,1979,223105.7293
2886,2,3,Urban,1970,294484.193
2067,3,3,Rural,1978,276563.6561
2438,3,1,Suburb,2013,259664.0917
2721,4,1,Suburb,1972,310134.1776
2878,4,3,Suburb,1974,372483.6082
2269,2,2,Suburb,1958,190919.0586
2972,4,2,Rural,1957,311691.6593
2107,2,1,Urban,2013,212155.1445
1206,3,1,Urban,1982,175451.6645
1150,5,2,Suburb,1999,242304.0698
1667,3,2,Urban,1966,187863.68
1527,5,1,Rural,2007,241358.7577
1164,5,2,Rural,1965,167267.2747
1916,5,3,Urban,1962,177611.6178
2998,4,1,Rural,2018,336755.4647
2168,2,3,Suburb,1963,267686.1989
2009,5,3,Rural,1967,210525.4938
1036,2,3,Rural,1983,182426.7463
1332,3,3,Urban,1983,175538.0848
1402,5,2,Rural,1989,112855.4465
1413,3,1,Rural,1973,142489.8799
1044,2,2,Rural,1967,123791.5768
2425,2,3,Suburb,2015,334537.5042
1205,3,3,Suburb,1966,134640.0925
1061,2,3,Urban,1950,232558.2362
1419,3,3,Suburb,1973,269162.1563
1867,2,1,Rural,1976,221183.5542
2491,4,1,Urban,1951,359431.0434
1819,3,1,Rural,1960,173468.7973
1018,5,3,Suburb,1954,144234.5938
1364,5,3,Rural,1987,107102.7188
2323,5,1,Urban,1956,293239.2594
2030,2,1,Suburb,1974,200643.5204
2784,3,1,Suburb,1963,367552.1535
1427,2,2,Urban,2006,192262.5445
2140,5,3,Urban,1979,229665.8738
1579,4,1,Urban,1988,153782.0461
2530,5,1,Rural,2006,381004.5182
1545,5,3,Suburb,1971,127180.7405
2729,5,2,Rural,2010,245025.505
1324,4,3,Rural,1982,144583.9945
1054,4,1,Rural,2002,125169.6665
1777,3,1,Suburb,1979,128188.5824
1991,4,2,Urban,1993,290507.0834
1041,3,2,Suburb,2009,142024.8837
2320,4,3,Rural,1957,410537.548
2996,3,1,Urban,1950,398560.8803
1230,5,2,Suburb,2000,92818.44328
1452,4,1,Urban,1997,203860.4611
2913,2,2,Rural,2012,282445.4473
1393,2,2,Urban,2018,118341.8965
2545,3,1,Rural,2005,241743.9546
2381,4,1,Urban,1981,233022.8726
2467,4,3,Rural,1989,236027.6572
2151,2,3,Urban,2000,199754.0365
1690,4,3,Suburb,2010,278729.9492
2428,4,1,Rural,1992,295368.8519
1391,3,2,Urban,2001,140858.1041
2216,5,3,Suburb,1955,259383.6939
1603,2,1,Urban,1965,231331.3696
1880,5,3,Suburb,1991,225682.0976
2766,4,3,Urban,1975,238905.6473
2101,4,3,Suburb,2009,282255.3145
1084,3,2,Suburb,1992,129916.1672
2053,5,1,Urban,2002,218202.4735
2748,5,2,Urban,1965,260685.3281
1048,3,3,Suburb,2002,285228.8562
2800,5,3,Rural,2016,261973.1896
2168,3,2,Suburb,1968,218365.5316
1068,3,3,Urban,1974,151081.3217
2081,4,3,Suburb,1969,221994.1333
1696,4,2,Suburb,2001,249992.8245
2597,4,1,Rural,1959,284511.9535
1478,3,3,Rural,1970,201618.1841
1819,4,3,Urban,1956,212135.7284
2468,2,1,Rural,2010,358920.5234
2319,2,2,Suburb,1982,215308.1147
2701,4,2,Urban,1950,244373.3826
2194,3,3,Urban,2003,247117.5822
2598,2,3,Urban,2003,310744.2006
1146,4,2,Rural,1992,133524.6106
2507,2,3,Suburb,1973,290230.8223
2329,2,2,Rural,2018,241584.293
2696,2,2,Suburb,2018,291461.866
2676,5,2,Urban,1975,291266.5695
2869,2,3,Urban,1965,279499.6289
2015,4,2,Suburb,1991,182062.0037
1608,2,1,Urban,2019,147267.6156
1445,4,1,Suburb,1950,145709.8681
1220,2,2,Rural,2005,207731.7529
2578,2,1,Suburb,1967,218385.7535
2968,5,2,Rural,1967,301509.4826
2827,2,3,Urban,1968,319406.9244
2401,4,3,Urban,1963,313247.6119
2643,5,3,Suburb,2007,327149.2618
2289,5,2,Suburb,1988,200861.0648
1094,2,2,Suburb,2020,176026.3147
1261,2,1,Urban,1966,175510.2484
2848,3,1,Suburb,1953,263314.9523
1896,2,3,Suburb,2017,181294.4997
2094,3,2,Rural,2003,215184.311
2977,4,1,Urban,1988,335431.93
1218,2,3,Suburb,1962,231078.2026
2556,2,2,Rural,2000,353202.6087
1091,3,1,Suburb,1987,209025.4119
1126,3,1,Urban,2013,130736.5479
1079,5,1,Suburb,2003,154004.1867
2847,5,1,Suburb,1976,317067.4813
2261,2,3,Urban,2003,238966.8931
1982,4,3,Rural,2003,192041.9835
2395,5,1,Urban,2020,365361.1489
1915,5,2,Rural,1977,218290.5845
1485,5,2,Urban,1980,108898.989
1693,3,2,Suburb,2010,180946.0396
1024,2,3,Urban,2005,129368.1006
1155,3,2,Urban,1958,153950.4291
2540,4,2,Urban,1986,290661.0358
1631,3,2,Urban,2005,145196.1787
2812,2,2,Rural,2018,391963.3212
2553,3,3,Rural,1995,270473.859
2966,4,2,Urban,1968,362359.1687
2733,2,1,Rural,2000,304559.214
2080,2,3,Urban,2014,176188.4412
2628,2,2,Suburb,1955,269381.4222
1018,2,1,Urban,1993,160440.3327
2407,4,3,Urban,1972,252631.9964
2888,2,1,Urban,2009,304018.0462
2216,4,2,Suburb,1968,257067.6531
1236,4,2,Suburb,2012,132267.0971
2410,3,2,Suburb,1963,287318.2199
2449,3,1,Rural,2020,252564.0427
1276,2,3,Suburb,1963,130579.8483
2250,5,1,Suburb,2000,313019.929
1744,5,1,Suburb,1989,231384.084
1551,2,1,Suburb,1966,120494.188
2346,4,2,Rural,2007,230529.6686
2176,3,1,Rural,1988,249694.1647
1638,2,1,Rural,1951,223359.0556
1236,2,1,Suburb,1994,93924.74856
1997,4,3,Rural,2011,272343.322
1054,3,1,Urban,1962,164452.1159
2459,5,1,Rural,1990,295893.66
1683,5,2,Rural,2005,157207.8553
1108,2,1,Rural,1970,88240.70267
2889,2,1,Suburb,1976,313101.9827
2207,2,2,Suburb,1979,273026.3731
2974,2,1,Rural,1980,332659.4152
2391,2,1,Suburb,1973,231978.2164
2221,5,3,Urban,2000,275389.2662
2394,2,3,Urban,1983,410763.6553
1372,3,1,Rural,1968,76403.27486
1972,4,3,Urban,1966,216988.2574
2520,5,1,Rural,2002,234000.6971
2622,4,3,Urban,1983,284861.8553
1200,4,1,Rural,1963,175610.362
1848,2,3,Suburb,1977,137109.8272
1508,4,1,Suburb,1960,201735.6534
2345,3,2,Suburb,1987,257075.6034
1274,2,2,Rural,1998,95042.00308
1210,5,1,Rural,2003,148006.0315
1503,3,3,Urban,1956,123251.8866
2926,5,2,Suburb,1967,314388.0697
2141,2,3,Suburb,1982,275236.208
1702,2,3,Rural,2011,125307.1163
2577,5,2,Rural,1960,275940.2755
1041,4,2,Urban,1998,206870.3925
1314,5,3,Rural,2007,167404.7779
1787,3,1,Urban,2004,237132.1739
1328,4,2,Urban,1967,147356.1556
2040,2,1,Suburb,1999,156529.6799
1282,3,1,Suburb,2008,59921.79112
1942,3,2,Rural,1964,192700.8619
1257,2,1,Urban,1953,249146.9698
1574,4,1,Urban,1987,174905.6905
1573,2,1,Urban,2013,143359.0083
1611,3,1,Urban,1995,191683.0507
2042,3,3,Suburb,1992,195871.1098
2552,3,1,Rural,2012,274687.151
1836,2,1,Urban,1987,210861.8131
1422,5,1,Rural,1955,101516.6885
2489,3,1,Rural,1979,335615.225
2396,3,3,Suburb,2018,267277.2875
1757,4,3,Rural,1960,280265.781
1762,5,3,Suburb,1962,176681.6059
2990,4,2,Urban,2009,289261.0817
2104,3,2,Rural,1966,204654.1448
2574,5,3,Urban,2004,253483.2792
2571,4,2,Urban,1957,348114.7076
1423,2,3,Suburb,1951,171716.487
1428,4,1,Suburb,1968,205976.4238
2411,5,3,Urban,2000,290493.4643
2944,4,3,Urban,2008,353298.8352
2732,5,2,Rural,1971,301719.1367
2693,5,3,Urban,1960,312652.1877
1203,4,1,Rural,1965,155799.8781
1195,4,3,Urban,1984,173888.9261
1727,2,3,Rural,1957,165283.25
1284,4,3,Suburb,1954,143791.3672
2992,5,3,Suburb,1962,353906.2264
1195,3,2,Rural,1965,187373.2381
1306,4,2,Rural,2020,248810.9534
2687,4,2,Rural,2006,272711.4843
1013,5,3,Urban,1988,111888.386
2860,3,1,Urban,1982,218325.8758
2169,2,2,Suburb,1987,264561.5306
2961,3,1,Rural,2011,344058.4916
2080,5,2,Suburb,1985,177918.8424
1722,5,1,Rural,1989,203247.2446
1779,5,3,Rural,2010,276211.7853
2233,5,3,Suburb,2012,223987.3504
1528,3,2,Rural,2016,178983.6118
1797,3,1,Rural,1995,184540.4877
1343,3,3,Rural,1997,170237.5437
2738,4,3,Suburb,1961,373080.6313
2634,5,3,Rural,1952,341700.0447
2302,4,2,Suburb,1965,181401.9472
1208,4,1,Urban,1981,194658.8124
1640,4,2,Suburb,1969,200324.8784
2358,2,1,Rural,1979,243063.7094
2311,4,2,Suburb,2009,329796.3128
1251,5,3,Suburb,1989,115552.0931
2288,4,1,Suburb,1982,276626.271
1270,5,2,Urban,1975,130007.8745
2947,2,3,Rural,1996,317794.6534
1919,3,3,Urban,1997,168265.4108
2723,5,1,Urban,2011,278799.294
1418,4,2,Urban,1965,201934.0768
2749,5,3,Urban,1978,269467.8779
1794,4,1,Rural,1980,166892.8429
2234,3,1,Suburb,2011,230570.5057
2388,5,3,Urban,2011,347656.8227
2099,4,2,Rural,1975,157983.1182
2683,5,1,Urban,1967,155383.7095
2344,3,3,Suburb,1994,240604.6415
1724,3,3,Urban,1954,114821.2328
1432,3,3,Rural,1954,177245.8378
1108,5,2,Suburb,1956,122502.2863
1640,5,2,Suburb,1958,159569.2847
2545,4,1,Suburb,2012,339236.7496
2070,3,1,Rural,2006,224286.5628
1378,4,3,Urban,2008,236480.7794
2850,5,1,Urban,1985,358096.7908
2119,2,3,Rural,2012,98511.93259
1957,3,1,Rural,1962,192832.5301
1102,4,2,Suburb,1968,56996.37931
1891,3,2,Urban,1959,222036.4513
1853,4,3,Urban,1979,251498.9332
2169,4,1,Urban,1985,280039.5108
2903,2,1,Urban,1953,275778.6316
2965,5,1,Rural,1979,382189.0312
2951,3,3,Rural,2010,275988.4547
2050,5,1,Suburb,1981,216743.843
2755,4,2,Suburb,1994,292749.3377
1529,5,1,Rural,1980,311517.2878
1678,2,2,Urban,2005,169092.73
2968,5,1,Suburb,1991,304469.975
1988,4,3,Rural,1962,244106.7563
2105,4,3,Urban,2002,195245.9585
1427,2,1,Rural,2003,181358.949
2607,3,1,Rural,1992,224589.9206
1821,2,2,Suburb,1973,123560.2001
2502,3,3,Rural,1972,271015.3734
2789,4,1,Rural,1968,351373.7402
2185,5,3,Suburb,1988,167822.7095
2862,4,3,Rural,1970,316894.6232
1931,2,1,Suburb,1996,162330.6719
2425,2,1,Rural,1959,285257.2861
2531,5,1,Rural,2008,299535.91
2061,2,1,Urban,1990,211579.2598
2978,4,2,Suburb,2012,332511.315
1510,5,1,Urban,1984,281115.149
1392,3,2,Urban,1965,234582.2028
1712,2,1,Urban,1983,139289.634
1493,3,3,Urban,1983,128384.966
2223,5,1,Suburb,1993,245962.2446
2278,2,2,Rural,1955,165272.9502
2202,5,1,Urban,1970,243089.583
1546,2,1,Suburb,2020,225326.861
1593,2,3,Rural,2005,216345.0589
1388,2,3,Rural,1974,160495.4887
2421,5,2,Urban,2001,327871.7181
2755,5,1,Suburb,2000,269888.2312
1157,4,1,Urban,2007,244888.9092
2027,4,3,Rural,2011,217434.8307
1166,5,2,Rural,1997,124010.4395
2491,5,1,Suburb,1978,224155.1933
1959,2,2,Rural,2001,206834.4656
1408,4,2,Rural,2017,248961.3996
2435,4,2,Suburb,1993,327768.3645
2227,5,3,Urban,1992,206674.8102
1193,4,3,Suburb,1990,272510.2946
1234,5,1,Suburb,1977,154571.5192
1717,4,2,Urban,1970,159625.8346
2173,3,2,Rural,1951,275846.298
2182,3,2,Suburb,2003,278511.0602
2302,4,1,Urban,1965,250462.8774
1815,5,1,Suburb,1987,181431.1031
1403,3,2,Suburb,1993,177882.3674
1892,2,2,Urban,1955,217388.4919
1677,5,2,Urban,1966,183812.7415
2334,3,1,Rural,2001,320239.284
1067,2,2,Urban,1955,180087.2114
2486,3,2,Urban,1953,367093.0015
1087,3,3,Urban,2017,141561.6944
1216,2,2,Rural,2002,130632.1854
1000,2,3,Rural,2000,158782.9665
2158,4,2,Rural,2018,241870.9653
2720,3,3,Rural,1985,300516.3089
2374,2,3,Rural,1952,294932.2152
1139,4,1,Suburb,2005,96105.98462
1617,2,2,Rural,1961,150038.0459
1132,4,2,Urban,1972,240540.7918
2643,4,2,Urban,2008,346656.443
1177,2,3,Urban,2010,434.0971241
1809,2,1,Rural,1965,156255.2141
2381,3,3,Urban,1999,345712.2516
1379,3,3,Rural,1985,131928.8206
1907,4,3,Urban,2021,210996.1474
2894,2,2,Suburb,2015,268813.9069
1657,3,3,Rural,2012,213829.7274
1449,4,3,Urban,2007,109275.1927
1585,3,1,Urban,2001,151072.5684
1462,4,2,Urban,1983,194233.5924
1989,3,1,Urban,1992,336129.2135
2131,2,2,Suburb,1956,211254.4076
1121,5,1,Suburb,1972,126157.4158
1016,5,2,Rural,2009,294856.0946
2219,4,2,Suburb,2019,147943.1351
1326,5,3,Rural,2014,158061.0121
1317,5,1,Rural,1967,104235.0534
1808,4,2,Suburb,2013,160197.7808
2502,5,3,Rural,1977,311977.3128
2275,3,1,Rural,1956,230391.1092
1502,3,2,Suburb,1950,212178.8925
1118,3,2,Suburb,1983,161519.7038
2697,2,2,Urban,2001,216687.3911
1709,3,3,Urban,2017,120260.112
2521,5,1,Urban,1981,320706.6457
2509,5,2,Suburb,1992,197925.0436
1044,3,2,Rural,1969,82016.02794
1313,2,1,Suburb,1958,156232.1483
2202,3,1,Rural,2019,283009.9848
2917,2,1,Rural,2007,300107.2233
1417,2,1,Rural,1990,213272.6596
1555,3,2,Suburb,1970,143994.752
2806,2,3,Urban,2014,329179.0724
2101,5,1,Rural,1993,216491.085
1325,3,3,Urban,1985,197093.3801
2713,5,3,Urban,1967,291466.777
2380,2,3,Urban,1993,245769.0453
2439,4,1,Urban,1958,312902.7191
2986,3,3,Urban,1958,342233.5648
1514,4,3,Rural,2018,126897.606
1213,4,2,Rural,2007,271610.7917
2877,4,1,Rural,1984,207549.8479
1073,4,1,Suburb,1985,51729.98492
2586,5,1,Suburb,2011,349736.7237
2602,3,1,Suburb,1998,332919.8802
1508,5,1,Urban,1999,202344.2131
1331,2,2,Rural,2002,132583.5983
2116,3,3,Urban,1970,221885.005
1687,3,2,Suburb,1972,196730.8556
1656,5,3,Urban,1960,192299.5223
2542,2,1,Urban,1989,233403.7301
2292,4,2,Urban,1956,270426.7827
2399,2,1,Suburb,2001,291707.2151
2857,5,1,Urban,1997,306208.6522
2027,5,3,Rural,2000,279323.7463
2161,5,3,Urban,1970,241640.7192
2254,4,3,Urban,1956,234711.0032
1599,3,2,Suburb,1970,187830.074
2552,2,3,Urban,2012,354114.576
2075,2,1,Rural,1972,246999.2343
2669,4,3,Rural,1998,366303.919
2746,5,3,Suburb,1964,293343.9495
1324,2,3,Suburb,1988,168620.5515
1991,3,3,Urban,2006,274119.6392
2993,2,1,Urban,1994,282322.8487
2928,5,3,Urban,2005,252732.1452
2754,2,1,Urban,1978,227969.5851
1716,5,2,Urban,1965,249397.8601
1722,3,2,Urban,1956,294510.0821
1276,4,1,Urban,2009,117226.3197
1535,5,2,Rural,1970,144604.7305
2509,5,3,Rural,1979,406128.7825
2539,2,3,Suburb,1951,159232.8691
1151,4,3,Suburb,1963,204219.9612
1954,5,2,Suburb,1985,251848.5617
2506,2,1,Urban,2017,269248.7226
1258,3,2,Rural,1986,153541.2491
1323,4,2,Urban,2001,170474.6322
2016,2,1,Urban,2015,223267.6847
1868,4,1,Rural,1955,233462.3305
2191,5,2,Urban,1988,163085.2816
1687,2,2,Suburb,1967,196233.1541
1309,3,1,Urban,1980,192397.6485
1802,3,1,Rural,2011,146386.9445
2502,2,2,Suburb,1954,305069.5756
2079,2,3,Urban,2001,238678.5836
1619,4,3,Urban,2011,155490.7985
1472,2,3,Urban,2014,118734.4786
2319,4,1,Suburb,1955,200115.5379
1460,5,3,Suburb,2002,114056.8505
2347,2,3,Suburb,1988,192479.0461
1813,5,1,Urban,1962,202752.9953
1845,3,1,Rural,2017,231716.6446
2164,4,1,Rural,1985,351522.8284
1666,4,3,Rural,1959,200973.0801
1261,3,3,Rural,1959,69124.01733
2808,5,3,Urban,1995,358120.9244
2443,4,3,Suburb,1976,289374.3784
2767,3,1,Urban,2001,323020.8073
2264,3,3,Suburb,1964,269563.8528
1354,3,1,Urban,1984,122258.4669
2872,2,2,Urban,2017,333291.0443
1769,5,2,Suburb,1961,238465.7127
2784,3,2,Suburb,1990,246270.4341
2612,5,3,Urban,1972,307806.3919
1179,4,1,Suburb,1991,139186.7853
1065,2,2,Suburb,2005,152736.6094
1819,3,1,Urban,1977,321637.915
2371,3,3,Rural,2017,253420.3218
1170,3,3,Urban,2019,210592
1473,4,2,Urban,1966,114622.0379
1533,2,2,Urban,2003,188598.6163
2390,5,2,Urban,2020,278922.9721
2130,5,3,Rural,2016,251155.4372
1438,5,3,Suburb,1968,115483.4661
1834,5,2,Rural,1996,293490.7504
1226,5,3,Suburb,1979,189769.3681
2467,5,3,Rural,1987,281213.1707
1441,5,2,Urban,2000,145063.7004
1395,2,3,Rural,1981,178396.2485
1727,2,3,Rural,2018,238579.5674
2604,4,1,Urban,1999,271840.5445
1083,3,1,Rural,1970,127236.8769
2638,2,1,Suburb,1967,289571.6955
2574,3,3,Urban,2000,232639.1414
2036,4,3,Suburb,2014,152529.9761
2832,2,1,Suburb,1962,257520.0114
2848,4,1,Urban,1985,258859.696
1692,2,1,Suburb,2011,188420.1789
1492,2,2,Suburb,2007,215604.0853
2291,5,1,Urban,2007,261824.8553
2548,3,1,Urban,1950,236724.2982
2143,4,1,Rural,1960,198824.785
1969,5,2,Urban,1998,210148.7231
1352,2,2,Rural,1976,220872.579
2080,2,3,Urban,2005,174551.3868
1039,4,1,Suburb,1978,126868.8726
2909,3,1,Suburb,1988,285926.4828
2359,4,3,Urban,2010,282114.0161
1639,2,1,Rural,1993,155094.571
1172,5,3,Urban,1981,153080.792
2570,4,1,Rural,1961,202261.3235
1258,5,1,Urban,2015,87539.94187
2911,3,1,Rural,1997,296776.9324
1516,3,3,Urban,2015,155957.8339
1729,5,3,Suburb,1968,200815.7549
1522,3,3,Rural,2003,174271.1114
2917,5,3,Rural,1985,356043.1971
1838,5,3,Suburb,2019,185987.0092
1116,5,2,Urban,1964,101871.0527
1183,3,3,Urban,1955,220338.9319
2929,5,1,Urban,1992,366256.5605
2897,3,2,Urban,1951,330210.0725
2139,5,2,Rural,2006,246793.3862
1161,5,2,Urban,1989,231942.698
2602,3,2,Urban,1962,279917.4131
2735,5,3,Suburb,2009,339050.8714
1542,5,1,Suburb,2005,227281.4597
2610,3,3,Rural,1991,364977.3484
2260,2,3,Rural,2003,316437.094
1838,4,2,Suburb,1963,174197.2596
2089,3,3,Urban,1995,231055.5806
2093,5,2,Rural,1952,226010.7589
2832,4,3,Suburb,2006,266823.516
1446,4,2,Suburb,1976,156683.9364
1415,5,2,Suburb,2018,105400.2452
1531,5,2,Rural,2002,190387.3281
1440,2,2,Rural,1976,23329.83374
1737,5,3,Urban,1986,239424.6886
2969,4,3,Rural,1955,270842.0042
1463,5,1,Suburb,2015,115592.341
2944,4,1,Urban,1989,359653.7844
1395,3,2,Urban,2000,152946.7375
1710,3,1,Rural,1985,169125.6983
2574,4,1,Rural,1979,231583.8849
2680,3,2,Rural,1951,251460.9183
2580,2,2,Rural,1977,334485.4978
1394,4,2,Urban,2017,179453.1024
1325,4,1,Suburb,2009,190468.1376
2916,5,2,Urban,2000,249250.0385
2942,2,1,Suburb,1970,378213.3167
2114,5,2,Suburb,1990,220392.3089
1749,2,2,Rural,2009,130834.1515
2093,2,3,Suburb,2003,205976.8468
2189,2,3,Urban,1993,280649.0045
1641,4,2,Rural,1992,228717.1259
1213,3,3,Urban,1998,94019.17812
2875,3,3,Urban,1952,310247.7107
2624,5,3,Rural,1993,271709.004
2358,5,3,Suburb,1988,232152.2833
2787,3,1,Urban,2013,419022.6759
1368,3,3,Suburb,2020,141275.2749
2884,2,2,Suburb,1993,373978.1417
2607,5,3,Urban,1991,299328.479
2700,5,2,Suburb,1977,289316.3982
1048,5,1,Rural,2005,205435.0599
2075,5,2,Urban,1999,321848.8103
2312,3,2,Urban,1976,241933.4256
2813,3,3,Suburb,1952,370265.9831
2649,4,2,Urban,2010,285033.1253
2262,4,2,Suburb,1966,254471.9027
1132,3,1,Suburb,2006,148701.9232
1998,2,1,Urban,1994,260609.4903
1785,3,3,Urban,1985,292119.1501
2189,2,1,Urban,1979,192079.7789
2397,5,1,Urban,1973,280108.715
1372,4,2,Suburb,1951,87687.92585
2828,2,3,Suburb,1997,281897.8073
2501,5,3,Suburb,1956,295259.1981
2778,3,2,Rural,2012,277124.9291
1478,4,1,Suburb,2003,217167.9174
1831,3,1,Suburb,2017,246364.4739
1649,5,1,Rural,2002,274724.3627
2614,5,3,Urban,2015,249481.0288
1681,3,2,Urban,1987,247105.4256
2658,5,2,Suburb,1979,205426.5722
1687,5,1,Suburb,1953,181211.9128
2323,2,3,Rural,1969,218004.7542
1081,3,2,Suburb,2007,162753.7932
1086,3,1,Urban,1986,31995.6207
1224,4,1,Urban,1962,168734.1964
1015,2,2,Suburb,1953,25788.0681
1821,2,2,Suburb,1971,207694.1349
2381,5,2,Rural,1986,281351.5932
1162,4,3,Rural,1963,130898.0656
2633,4,1,Suburb,1959,343510.5765
2691,2,2,Rural,1973,243482.2482
1513,4,3,Urban,1980,201688.5494
1349,2,3,Urban,1978,160941.5513
2932,4,2,Rural,2006,396822.5884
1680,2,2,Urban,2008,105594.2206
2487,2,2,Urban,1951,345897.1905
2850,5,2,Urban,1974,379328.6922
2860,5,3,Urban,1971,341248.3271
2398,4,2,Rural,1950,268670.2485
2115,5,1,Urban,1957,214959.3036
1180,3,1,Suburb,1990,120565.119
1742,3,2,Rural,2015,164093.7272
2324,4,2,Rural,1958,197832.8061
1659,2,3,Urban,2002,221595.3495
2815,5,1,Suburb,1977,357665.4388
2212,4,1,Urban,1956,321857.1424
2882,3,3,Urban,2012,308513.6077
2885,2,2,Rural,1981,347093.5619
2337,5,3,Urban,1950,180616.8664
1492,2,3,Suburb,1972,162453.4333
1922,2,1,Rural,1960,193484.8605
2945,5,3,Suburb,2004,343597.3325
1127,5,1,Urban,1973,96680.95834
2542,3,1,Urban,2006,251285.4965
2449,3,3,Suburb,2018,230192.124
2582,2,3,Suburb,2011,322564.2533
1564,2,2,Urban,2019,169129.2014
2210,3,1,Urban,2007,242969.3107
1549,3,3,Urban,1961,141119.5328
1452,2,1,Rural,2020,201973.9724
1470,4,3,Suburb,1954,199778.3283
1987,4,3,Rural,2015,229359.7023
1737,4,2,Suburb,1954,156510.182
2588,5,2,Urban,1993,298766.1454
2934,3,2,Urban,1954,346635.2045
1223,4,3,Urban,2021,220354.6544
1153,4,2,Urban,2016,183384.2223
1559,3,1,Suburb,1968,150603.8869
1350,5,1,Urban,1951,67831.69267
2170,4,3,Suburb,1951,275839.0637
2928,5,2,Rural,1983,261883.1611
2599,5,3,Urban,1954,289841.0184
1348,2,3,Rural,2011,166023.3072
1181,3,1,Suburb,1959,123125.2217
1636,2,2,Suburb,1951,195070.3916
2017,4,1,Suburb,1999,137348.0317
1178,2,2,Rural,1955,133437.2592
2062,3,2,Suburb,1981,302991.2134
1771,5,3,Suburb,1953,192850.9553
1893,5,2,Rural,1972,262033.2414
2026,4,2,Urban,1954,210275.9811
2015,3,3,Rural,1959,199463.5703
1063,5,1,Rural,1963,101783.2145
1028,4,1,Suburb,2018,52510.2269
1371,3,1,Rural,2018,171700.683
2546,3,2,Suburb,1990,266372.6811
1096,2,2,Urban,2007,73698.58696
2893,5,3,Suburb,2003,289028.0117
2465,3,3,Rural,1995,182359.2106
2226,5,3,Rural,2002,273055.6363
2434,5,1,Rural,1983,248780.5802
1992,3,2,Urban,1984,206960.2998
1020,5,3,Urban,1977,165777.7766
2574,2,2,Suburb,1969,322787.6618
1734,4,3,Rural,2018,262693.6145
2125,4,3,Urban,2005,268933.5346
2069,3,1,Suburb,2005,203571.3705
1065,2,1,Suburb,2018,56955.76898
1602,4,2,Rural,1984,258287.1523
2187,2,2,Rural,1957,279837.664
2994,3,3,Urban,1982,280783.8049
2134,2,1,Rural,1979,283136.3114
1337,3,2,Urban,1982,189141.4458
1122,4,1,Urban,2011,98107.26701
2728,4,2,Urban,2009,249373.6168
1446,4,2,Suburb,1972,246663.1286
1610,4,1,Urban,2005,154642.0016
2314,5,2,Urban,1992,306654.9511
1670,2,2,Urban,1960,203243.8931
2435,2,1,Suburb,1969,154463.12
1614,2,1,Rural,2020,185401.1988
1896,3,2,Urban,2019,212413.5145
1280,4,2,Suburb,2010,216996.9539
2066,4,1,Rural,1982,271409.2343
2509,5,2,Suburb,1957,283949.1002
1595,5,2,Urban,2010,256950.9624
2986,4,2,Suburb,1971,298020.0498
1702,2,3,Suburb,2005,189688.3814
2074,2,1,Rural,1997,233721.8703
2921,4,3,Rural,1970,248475.3899
1209,3,3,Suburb,1970,135911.8347
1125,2,3,Urban,2010,70015.78715
1491,4,3,Suburb,2003,154202.0166
2532,4,2,Suburb,2008,177441.4314
1959,5,3,Rural,1955,150919.2294
1969,5,3,Rural,1974,299886.2251
1580,4,1,Rural,1981,242310.3232
1776,3,2,Rural,2010,194363.6155
1257,4,2,Rural,1984,162375.2037
2953,2,1,Urban,2011,256848.7329
2211,3,2,Urban,1974,152318.3318
1229,3,2,Suburb,1998,192924.4961
1188,5,1,Rural,1957,172814.2417
2438,4,2,Rural,1992,233208.8861
1009,5,3,Suburb,1988,86586.63427
2137,2,3,Rural,1983,241369.9196
2099,5,3,Suburb,1978,247493.0451
1675,2,1,Urban,1992,216665.2828
1501,4,2,Urban,2009,147193.4513
1084,4,2,Urban,1995,98413.35919
1048,5,2,Urban,1995,98575.21661
2518,5,2,Suburb,2015,393552.6487
1837,5,1,Rural,2004,193248.8147
2007,2,2,Suburb,2012,226375.9023
1688,3,1,Rural,1980,101358.2853
1386,3,3,Suburb,1993,134669.6738
1969,5,1,Urban,1976,206791.6719
2412,5,2,Urban,1970,365823.5931
2005,4,1,Urban,2009,287874.6614
1217,5,2,Urban,2017,82249.19539
2724,4,1,Suburb,1993,330032.9589
2004,2,2,Urban,1990,194509.8628
2369,2,3,Rural,1995,241470.658
2253,2,3,Rural,1998,177443.9636
1254,2,1,Urban,1958,133861.6394
1235,5,3,Rural,1987,144084.6974
2049,5,2,Suburb,1951,138682.2006
2607,4,3,Suburb,1968,321741.9215
2284,5,3,Suburb,1963,301611.3694
2789,4,3,Suburb,2013,285795.4414
1270,2,3,Suburb,2003,173849.6086
1122,4,2,Urban,1972,188945.4868
1655,4,3,Urban,1954,149715.8946
2280,5,3,Rural,1977,182828.8333
2679,2,1,Suburb,2000,300187.1152
2444,3,2,Urban,1959,288912.913
1258,5,1,Rural,1960,233885.2116
1947,5,1,Urban,2020,217390.7415
1046,3,1,Suburb,1973,144853.9269
1862,2,3,Suburb,2018,181212.2963
1524,3,3,Rural,1994,133390.323
1887,4,1,Urban,1957,259136.6254
1207,3,2,Rural,1983,179166.5811
2334,2,2,Rural,1983,179233.6229
1746,2,1,Suburb,1999,192848.9168
1148,3,2,Suburb,1995,107292.1567
2857,5,1,Rural,1951,348870.6634
1437,3,3,Suburb,1991,157002.6054
1154,4,3,Suburb,2015,142588.2839
2701,3,3,Urban,2010,337482.2413
2113,3,2,Rural,1951,258892.9503
2721,3,1,Suburb,1980,230761.3058
2853,4,2,Suburb,1996,313577.0268
1357,3,2,Suburb,2010,162270.3344
2197,5,3,Suburb,1957,208277.2685
2240,4,2,Suburb,2001,268762.9317
2930,5,1,Suburb,2021,348046.3272
1455,4,2,Rural,1970,98383.04524
1775,2,3,Urban,1992,166828.8607
2632,2,2,Urban,1964,293719.5045
1628,4,1,Rural,2007,203512.0889
2222,4,2,Suburb,2018,239119.0411
1831,4,1,Suburb,1962,251805.9283
1485,2,1,Rural,1965,165068.2444
1532,4,3,Suburb,1987,176630.6512
1199,2,3,Urban,1952,173618.8342
1370,2,3,Urban,2014,255801.6391
2013,4,3,Rural,2008,240333.8308
2982,4,3,Suburb,1996,329990.0145
1852,4,1,Suburb,2019,175384.3226
2471,2,1,Suburb,1988,247676.2094
1247,3,1,Suburb,2000,66649.80441
1787,4,1,Urban,1999,202287.9756
1263,3,2,Urban,1950,122570.3192
2081,3,1,Suburb,1973,210506.4083
2325,3,3,Rural,1962,288913.0856
1030,5,1,Rural,1979,142573.0473
2521,3,2,Urban,2001,334931.4607
2272,3,2,Rural,1950,312408.7635
1604,2,3,Urban,1978,171096.5959
2800,5,2,Urban,2021,348956.0929
2294,2,2,Rural,1983,261258.0919
2629,2,3,Suburb,2011,312845.3356
2689,3,1,Suburb,2015,298479.4954
2417,2,2,Urban,1967,236376.127
2820,4,2,Suburb,2011,321705.8078
1501,3,1,Urban,2010,143869.7655
2615,4,3,Suburb,1968,372800.0479
2827,3,2,Urban,2001,346339.1604
2107,3,2,Rural,1995,379915.5249
2388,3,3,Suburb,2015,254953.3025
1885,5,2,Urban,1957,269329.6235
1548,3,1,Rural,1959,268091.1163
2365,4,2,Rural,1973,275809.7794
1838,3,2,Rural,1976,207904.5395
2430,3,2,Rural,1969,247668.7693
2448,2,1,Suburb,1968,215920.5981
2767,3,1,Suburb,2008,340581.257
2116,3,2,Suburb,1968,259095.0783
1847,3,1,Suburb,1952,256971.823
1613,3,2,Urban,2007,241427.5127
1411,3,3,Rural,2014,92716.05788
1431,3,3,Urban,1986,178533.9078
1677,5,2,Urban,1988,211197.6227
1158,4,3,Suburb,1986,171027.4309
1013,5,1,Rural,1973,81405.41031
1372,4,2,Rural,1972,186551.0601
1224,5,2,Rural,1975,138357.5572
2528,3,2,Urban,1950,246846.8029
2096,5,2,Suburb,1956,210359.64
2272,4,2,Urban,1962,202335.8468
1510,2,3,Suburb,2002,201661.6368
1602,2,1,Urban,2010,49786.66432
1215,3,3,Suburb,1985,175537.0088
2996,3,1,Rural,1970,318199.7015
2625,4,1,Urban,1969,271838.8155
2564,2,1,Suburb,1969,312679.6505
2970,3,1,Rural,2013,280311.9654
2840,5,1,Rural,1950,279761.3451
2962,5,2,Suburb,1993,273759.3178
1987,2,2,Rural,2012,149145.0716
2243,4,2,Rural,1982,248428.1274
1839,3,2,Urban,1968,307200.1462
1726,3,3,Urban,1990,173550.986
2244,3,3,Suburb,2002,264437.5294
2412,2,2,Suburb,1973,186217.1281
1553,5,2,Suburb,2004,188137.8703
2670,4,1,Rural,2002,300825.9461
2065,2,1,Suburb,1987,256067.9549
1675,2,1,Urban,1986,121252.8064
1872,3,2,Rural,1952,257102.3346
1282,5,2,Urban,1996,98764.07413
2081,4,3,Urban,1955,358349.2554
2837,4,1,Urban,1994,304236.4189
1833,3,1,Rural,1988,304609.4001
1536,4,3,Suburb,2021,260250.8901
2096,5,1,Suburb,1954,202444.362
2908,3,1,Urban,1958,246697.5867
1922,3,2,Rural,1981,219584.943
2152,5,3,Rural,1972,206185.8355
2622,4,3,Urban,1988,367301.4438
1841,5,1,Suburb,2015,297190.2265
2449,4,3,Rural,1956,275875.8287
1947,4,1,Suburb,2001,241211.4912
1664,4,1,Suburb,2019,191360.4134
2717,5,2,Rural,1975,208681.5986
2148,5,2,Suburb,1953,333743.3894
1066,2,1,Rural,2001,61596.88023
1005,5,3,Urban,1987,107559.5225
1636,3,3,Rural,1996,250266.2318
1313,3,2,Suburb,2012,69693.91298
2349,3,1,Suburb,1950,250260.059
1564,3,1,Suburb,2008,141138.6545
2601,2,2,Urban,1975,297986.0178
1825,5,1,Urban,2013,203781.2694
1505,5,2,Suburb,1977,241508.3431
2105,4,1,Urban,2016,289535.7816
2622,5,3,Rural,1993,361243.7669
2025,4,2,Rural,1994,279183.7774
1203,4,1,Suburb,1962,189458.7509
1661,3,1,Rural,1951,118512.1361
1804,2,2,Suburb,1958,309282.9975
1403,2,1,Urban,2018,119007.7601
2126,5,1,Suburb,2015,312922.277
1535,4,1,Suburb,1973,165307.8773
2391,3,2,Urban,2018,312452.5703
2235,4,3,Urban,1981,235864.0014
1576,3,1,Rural,1966,199115.7806
2984,4,2,Suburb,2002,306818.8698
2232,5,2,Suburb,1959,134068.6681
1762,5,1,Rural,1976,195310.9136
2920,4,2,Suburb,1959,406022.4417
1116,2,1,Urban,1981,96746.08388
1627,3,2,Suburb,1954,221957.6427
1748,2,3,Urban,1959,134322.1067
2501,2,3,Urban,1959,261918.8472
1104,4,3,Urban,1995,142618.6731
1494,3,3,Urban,2008,159722.8548
2794,3,3,Suburb,2001,275187.5139
1045,5,3,Rural,1957,83028.93575
1822,4,3,Urban,1964,257128.9762
2354,4,1,Rural,2020,257722.6355
2239,4,1,Rural,1981,152150.9278
1981,5,1,Urban,1992,123473.2916
1959,5,2,Urban,2007,276941.988
2515,3,2,Rural,2020,276674.3574
2836,5,3,Rural,1988,284931.2093
2945,4,3,Suburb,2011,392925.2568
1844,4,2,Urban,1996,192745.8564
1448,2,3,Suburb,1984,170940.5615
1535,5,2,Urban,1999,240041.9611
1510,4,3,Rural,1962,228495.32
2481,4,3,Rural,1990,314614.9903
2570,3,3,Rural,1990,266731.0615
2559,5,2,Rural,1958,205381.0541
1539,4,3,Suburb,1988,196699.1666
2507,3,2,Rural,2008,299192.8022
2999,2,3,Suburb,1972,237828.0983
1015,2,1,Rural,1974,95186.34058
2594,3,1,Suburb,1976,277912.8848
1242,5,2,Urban,2019,165350.9515
2973,4,1,Urban,1957,306532.089
2230,5,1,Suburb,1988,163825.9606
1911,3,3,Suburb,1982,167151.7584
2294,4,3,Urban,2005,313799.2203
1760,4,3,Urban,1972,157283.2924
2802,4,2,Rural,1984,279101.4335
1704,5,3,Urban,2017,105439.0205
2870,5,3,Rural,1962,360073.2984
2753,3,2,Suburb,1966,291466.8778
1114,2,3,Urban,1989,80801.04492
2603,3,1,Rural,1963,263854.5312
2322,4,3,Urban,1987,367459.0569
2860,3,2,Urban,2014,323539.103
2506,2,2,Suburb,1984,353913.8325
1396,3,1,Suburb,2002,92874.62274
1393,2,3,Suburb,1959,151149.9622
2098,2,1,Suburb,1950,168005.9404
1977,4,3,Urban,2021,212769.2967
2505,2,2,Rural,1992,255073.7242
2126,5,2,Suburb,1967,303318.1501
1296,3,1,Urban,2018,192753.4006
2001,3,2,Urban,1989,247683.7533
1177,5,2,Suburb,2011,69703.63327
2238,5,3,Suburb,1964,276002.666
1966,4,1,Urban,2018,136620.0956
1314,3,1,Suburb,2009,175868.4297
2062,5,3,Urban,1983,262339.3037
1258,4,3,Urban,1984,179565.4391
2739,3,1,Suburb,2010,317263.8206
1006,3,2,Urban,2008,208925.7188
1048,5,1,Suburb,1951,149709.8584
2561,2,3,Rural,1972,285927.7904
1160,2,1,Rural,1970,140406.8869
2892,5,2,Urban,1954,271844.4721
1175,2,1,Urban,1967,162827.8387
2614,3,1,Suburb,1983,252511.9639
2025,4,2,Suburb,1976,316204.6602
2000,4,2,Suburb,2000,197174.355
2918,5,2,Urban,1977,293103.0366
1454,4,2,Urban,1966,191168.6638
2951,5,3,Suburb,1950,284096.6359
2667,2,1,Suburb,1976,256967.1811
1275,3,1,Urban,2008,177329.2169
1497,2,1,Rural,1988,205569.5349
2652,5,1,Urban,2003,316818.2277
1675,3,1,Rural,2003,149309.1488
2823,3,3,Urban,2021,352472.7653
2051,3,3,Rural,1985,141936.237
2356,2,1,Urban,1967,198867.2567
2024,3,1,Suburb,1954,238488.8324
2211,2,1,Rural,1995,204711.3848
1055,2,3,Rural,1981,118004.9134
1546,3,1,Rural,2018,209891.6506
2135,5,2,Urban,1977,228644.2831
2821,3,3,Urban,1966,290472.8743
2333,3,2,Urban,2003,204385.4863
1035,2,2,Rural,1963,137956.2879
1438,3,2,Suburb,1989,196600.7891
2752,5,3,Urban,1963,382764.184
2615,3,2,Rural,1951,212037.9003
2849,5,1,Suburb,1956,259023.898
1594,4,1,Urban,1971,125027.9288
2600,4,2,Rural,1967,224320.8925
2348,4,3,Rural,1957,322048.2576
2663,3,1,Urban,1992,218590.8359
1306,2,3,Rural,1987,105530.0918
2557,5,1,Suburb,2004,278386.4711
2751,4,3,Suburb,1999,264825.5877
1618,5,1,Suburb,1998,238881.6761
2132,2,2,Suburb,1985,242574.5107
2395,5,2,Urban,1979,252915.2171
1356,5,2,Rural,1965,223314.6637
1180,4,3,Urban,2019,187267.0283
2379,5,2,Rural,2020,336159.3437
2699,4,3,Rural,1973,207998.7636
1067,2,1,Suburb,2016,117157.8206
1291,4,1,Suburb,2002,135386.9244
1691,5,3,Rural,2005,197980.3472
1180,2,2,Urban,1997,148976.2688
2489,3,3,Suburb,1970,285828.6416
1433,3,3,Suburb,1958,187235.8722
2487,2,3,Urban,2005,255969.6414
2704,2,1,Rural,1990,265902.3389
1913,5,1,Urban,1992,227483.8699
2557,3,1,Suburb,1961,225764.7733
1065,2,2,Rural,1973,145592.3247
2044,3,1,Rural,1993,287676.1076
2635,3,1,Rural,1969,349194.1106
1383,5,3,Suburb,1984,141517.6868
2835,2,2,Suburb,1984,261828.3901
2638,4,3,Urban,1998,304207.028
2582,2,3,Rural,1954,348842.6682
1038,3,3,Suburb,1997,87154.41616
2308,4,3,Suburb,1996,263399.8832
1821,4,1,Rural,2004,148124.5115
1601,3,2,Urban,2019,317972.3134
2620,4,1,Urban,2020,295451.1474
1784,4,3,Rural,1950,301612.2356
2359,2,1,Urban,1971,232623.6524
2211,3,2,Rural,1985,298060.9505
1670,5,1,Suburb,2012,163805.6024
2266,4,1,Suburb,1954,279310.4378
2096,3,2,Suburb,1996,215350.0162
1478,2,3,Urban,1999,143035.9103
2997,2,3,Urban,2005,341987.5764
1560,2,3,Urban,1985,175476.0503
1100,4,2,Urban,1964,69616.26595
1513,5,1,Rural,1998,164787.4764
2779,2,3,Urban,1988,223131.0995
1175,5,2,Urban,2019,119492.4207
1237,3,2,Urban,1965,121359.7593
1909,2,2,Urban,2003,215259.0869
2082,4,3,Urban,1979,225788.6346
2888,2,2,Rural,2007,345990.3577
2122,4,3,Suburb,2016,289684.6196
2977,3,1,Urban,1990,336185.1425
1870,5,2,Suburb,1967,262951.9539
2977,5,2,Urban,2012,288461.3049
1494,5,3,Urban,1978,262710.4958
1946,2,3,Rural,2021,146705.0148
2537,2,3,Suburb,2009,213258.1168
1754,3,1,Rural,2021,221348.7112
2320,5,3,Suburb,1952,351478.7386
1210,3,2,Rural,1959,145020.7921
2146,4,1,Rural,2021,316781.6482
2252,2,3,Suburb,2006,230013.7026
2617,5,3,Rural,2020,275912.1073
2679,2,2,Rural,1968,308764.3167
2411,5,2,Urban,1963,298284.529
1139,5,3,Suburb,1999,257000.7401
1540,2,1,Rural,1982,155606.8155
2414,2,3,Suburb,2013,212808.4591
1269,3,1,Rural,1989,148913.4548
2782,2,2,Rural,2014,312971.3244
2035,2,2,Urban,1981,270297.583
2890,2,1,Urban,1981,293970.2707
2412,4,1,Urban,1969,187194.6718
2360,4,2,Urban,1985,297692.2736
1505,4,1,Rural,1983,145035.1145
2129,3,2,Suburb,1982,285234.4488
1031,3,3,Urban,1971,164342.523
2097,5,1,Rural,1979,216796.7619
2194,3,1,Urban,2012,207016.0873
2872,2,2,Rural,1996,270589.3098
2092,5,1,Suburb,1957,249704.964
1812,2,1,Rural,1977,214999.4712
1361,5,3,Urban,1994,166751.9232
2672,3,2,Suburb,2005,296545.6524
2456,4,1,Rural,2004,360285.2676
1928,2,3,Rural,2014,299164.5867
1099,5,3,Rural,1954,108936.3505
2681,4,3,Suburb,2004,355066.4406
1008,2,1,Rural,1961,114224.085
2597,2,2,Rural,1959,237232.2497
1696,4,3,Suburb,1994,248846.4922
2052,3,1,Rural,2015,192068.6392
2916,4,2,Urban,1987,288319.7219
2137,3,2,Suburb,1982,157952.7841
1461,5,3,Rural,2010,175188.366
1920,3,1,Rural,2020,171059.7645
2166,5,3,Suburb,1996,324396.8462
1389,5,2,Rural,1956,165216.0987
1631,5,1,Rural,1960,192740.126
1681,5,3,Suburb,1961,177530.7081
1156,2,2,Suburb,2015,92504.10258
1334,5,1,Suburb,2019,112788.7213
2884,2,1,Rural,1997,423879.9455
1259,2,3,Rural,1974,141050.6183
1081,5,3,Urban,1988,111702.4228
1753,3,2,Rural,1973,201801.0775
2464,3,3,Rural,1970,290401.8043
2968,4,1,Suburb,1969,265036.8435
2195,2,3,Suburb,1993,202712.491
2254,2,1,Rural,1997,262242.9931
1719,3,2,Rural,1955,164647.6784
1074,2,3,Suburb,2021,63351.88829
2293,3,1,Suburb,1980,219408.5425
2922,4,2,Urban,2020,270843.4803
1625,5,1,Suburb,1985,257245.1141
1061,5,2,Urban,1986,161482.8856
1873,5,3,Rural,1983,92659.0836
1319,4,2,Urban,1955,139352.595
1101,2,1,Urban,2009,170732.5669
2452,4,1,Suburb,1980,298854.5257
1873,2,2,Suburb,1979,176226.0585
2745,2,3,Suburb,1968,341240.1278
1953,5,1,Suburb,1971,198533.7665
1254,3,3,Suburb,1978,112120.7096
2555,3,2,Rural,1968,242997.9834
1569,5,2,Rural,1997,252076.516
1111,2,1,Rural,2002,124113.9885
1984,4,1,Suburb,1985,193723.3994
2336,5,3,Urban,1968,224213.7879
1997,5,2,Urban,1953,216625.6989
1460,4,3,Urban,1964,151406.6914
1707,2,3,Urban,2012,144827.5837
1886,5,3,Suburb,1955,204947.187
2485,5,2,Urban,2014,297692.89
2888,2,2,Urban,1953,468470.378
2115,4,3,Suburb,1975,220678.0183
2075,4,3,Urban,2014,244237.5556
2828,3,3,Rural,1953,261451.9867
1519,3,2,Urban,1985,272623.0004
1811,4,2,Rural,1953,213343.0007
2121,3,2,Rural,1975,257305.4738
1235,3,3,Suburb,2001,168861.7017
2924,2,2,Rural,2000,446341.3622
2397,5,3,Urban,2008,318524.6891
2604,3,1,Suburb,1970,291001.2636
1926,3,3,Rural,2011,220182.6139
1556,2,2,Rural,1965,176624.3296
1648,4,1,Rural,1975,149325.9234
1233,3,1,Rural,1987,124926.766
2055,5,1,Urban,1979,292154.1389
2312,3,1,Urban,1975,216016.2863
2661,5,3,Suburb,1972,280878.4619
1578,4,3,Suburb,1979,171721.2402
1541,3,2,Rural,1975,136269.954
1113,5,2,Urban,2005,152663.9287
1203,5,2,Urban,2016,151506.594
2052,5,2,Rural,1980,182238.7739
1642,4,1,Suburb,1971,153228.2811
1473,5,2,Rural,1971,168461.0057
1696,2,2,Suburb,2005,139640.5357
1252,4,3,Urban,2008,88514.45628
2821,5,1,Rural,1958,257617.8262
1904,4,2,Suburb,1969,207254.5331
2945,4,1,Suburb,1976,286716.9158
1385,2,2,Suburb,1976,174787.6332
1061,5,1,Rural,2010,185898.5863
1514,4,1,Rural,1978,132256.313
1429,4,3,Urban,2017,129772.7844
1579,5,2,Suburb,2001,219634.0288
2560,2,2,Rural,1964,275243.2579
2714,3,1,Rural,1956,345368.4966
2164,5,2,Urban,2015,238158.6292
1742,3,3,Suburb,1973,208634.3801
2323,5,1,Rural,2015,306964.7802
1674,5,1,Rural,1971,170978.5685
1310,4,3,Rural,2018,54318.83607
1470,5,2,Rural,2020,287155.6285
2416,2,1,Urban,1992,307672.9742
2665,2,1,Urban,1957,247124.9007
2468,5,2,Suburb,2000,250580.2439
2781,4,2,Urban,1980,203331.9691
1808,4,3,Suburb,1997,243339.2809
1171,3,1,Suburb,1996,116915.5566
1575,5,3,Rural,2005,269568.0526
1030,3,2,Rural,2016,92971.78218
1046,4,2,Rural,1955,63537.58579
1129,2,2,Suburb,2013,86694.37749
1351,4,3,Rural,2021,199321.0332
1977,2,3,Rural,1965,120832.9871
2868,3,2,Urban,1978,362617.72
2645,4,3,Urban,1965,259375.4689
2604,2,1,Urban,1959,288006.0133
1057,3,3,Urban,1972,23521.62516
2129,4,3,Suburb,1982,160689.8615
1811,5,1,Rural,1958,240339.6356
2353,4,3,Urban,1982,237720.4276
1767,3,3,Suburb,1953,242296.9345
2847,4,1,Suburb,1989,274715.1135
1682,3,3,Rural,1956,161098.0657
2406,2,3,Suburb,1988,187702.7038
2185,4,3,Suburb,2019,245325.2635
1996,3,3,Suburb,2011,185354.6965
1285,3,1,Urban,1956,177361.9169
2094,5,1,Urban,1955,320618.0307
2790,2,3,Urban,1951,320037.7513
2477,5,3,Rural,1992,362521.0094
1885,5,1,Rural,2019,200070.8816
2590,4,1,Rural,2000,362876.8522
2858,3,2,Urban,2001,417417.1707
1396,3,1,Suburb,2015,139241.2387
2538,3,3,Suburb,2003,245078.1597
1025,4,1,Rural,1989,73887.29044
1312,4,3,Rural,1964,97864.48874
1125,2,1,Urban,1956,113478.4175
2431,5,1,Rural,1982,274227.6565
2588,2,1,Urban,2007,245645.4755
2221,2,3,Rural,1983,304471.4056
1810,4,1,Suburb,2005,195947.5716
1187,3,1,Suburb,2008,200069.8826
1697,4,2,Urban,1972,217076.6828
2840,4,2,Suburb,2004,377762.9853
1809,4,1,Suburb,1974,137238.2923
1715,2,1,Suburb,1991,241089.4467
2507,3,3,Urban,1958,288731.199
1449,4,3,Rural,1990,161439.9003
1522,2,2,Rural,1963,172171.1398
2894,4,3,Urban,2011,422085.9354
2377,5,1,Rural,1958,303324.9687
1985,3,2,Suburb,2017,267524.5114
1657,2,3,Suburb,2015,243173.3951
1596,5,3,Suburb,1989,189311.6519
1099,4,1,Urban,1973,170521.8642
1615,5,3,Urban,2007,182760.966
1947,5,3,Suburb,2001,219573.2676
2581,2,2,Urban,2005,261336.8639
1555,3,3,Urban,2003,170990.847
1277,3,1,Urban,1971,63687.33952
2716,2,3,Suburb,1954,278567.8033
2722,4,1,Urban,2013,309377.3395
2649,5,1,Urban,1978,270311.6116
1490,3,2,Suburb,2006,139149.8383
1254,3,3,Rural,2010,139782.1662
1380,5,1,Suburb,1965,224417.3077
1891,4,1,Suburb,2016,294487.174
1541,5,1,Urban,1989,235430.4707
2287,2,1,Rural,1989,375574.3337
2633,2,2,Urban,1978,386758.4752
1824,4,1,Urban,1986,207608.2234
1878,3,1,Rural,1985,187819.1542
2352,3,2,Rural,1983,154235.9942
2138,4,2,Suburb,1986,166554.2126
2299,4,2,Suburb,1998,187457.3581
2511,2,1,Suburb,1978,259900.9706
1280,2,1,Urban,2002,110725.246
2298,4,3,Urban,1995,257321.9938
1772,3,3,Rural,1991,246378.0192
1842,5,3,Rural,1985,257686.186
1718,5,2,Suburb,1964,172119.4109
2919,5,3,Urban,1976,366468.607
1327,2,3,Rural,1955,172876.9257
1210,4,2,Suburb,2014,156445.8236
1726,3,1,Urban,2014,242183.1033
1922,2,2,Suburb,1952,219325.4229
1551,4,3,Rural,2021,218380.8393
1025,4,3,Urban,1999,96920.56786
1026,5,2,Suburb,2006,91090.55222
1701,5,2,Suburb,1981,242601.864
2106,3,3,Suburb,2001,220653.237
2919,3,2,Urban,2008,315644.3377
2969,5,3,Suburb,1965,345128.554
1681,5,3,Rural,2000,185664.7506
1412,4,3,Urban,1997,196669.3254
1166,3,1,Rural,1989,142950.3478
2723,4,2,Suburb,1985,273401.192
1168,3,2,Urban,2020,91846.57332
2824,3,3,Urban,2003,349939.5919
1228,2,1,Rural,1977,94837.1349
2632,5,2,Suburb,1951,326190.717
1366,2,2,Urban,1978,122235.0667
1527,3,1,Suburb,2009,115056.1368
1790,4,2,Suburb,2007,149649.5624
2670,3,2,Urban,1954,281136.1002
2561,2,2,Suburb,1962,285591.4478
2887,5,1,Urban,2019,351649.9995
1523,4,1,Rural,2008,135308.457
2095,3,3,Rural,1957,242191.873
2668,3,3,Urban,1951,337999.6941
1105,5,3,Urban,1959,170234.2277
1731,3,2,Suburb,1953,272343.4832
2908,3,3,Urban,1984,356244.0828
1964,5,3,Rural,1998,194236.1224
2712,2,3,Suburb,1968,284169.1471
2305,2,3,Rural,1956,277120.5293
1132,2,3,Rural,1979,219178.0465
1533,2,2,Rural,2011,149754.6352
1974,4,1,Suburb,1972,154061.7519
1268,4,2,Rural,2019,185794.4958
2435,5,1,Rural,2018,312147.4149
1672,5,3,Rural,1976,189137.8492
2642,5,2,Urban,1971,314174.1659
1790,4,3,Rural,1962,158951.8894
2888,3,2,Suburb,1970,303496.6194
2770,4,2,Urban,1981,352650.5424
1017,2,3,Rural,1996,110210.9013
2777,2,3,Urban,1955,209634.6224
1116,3,1,Suburb,2011,61439.96663
1797,5,3,Urban,2013,217001.6772
2817,4,1,Suburb,1961,286460.8966
2167,3,3,Rural,1987,210043.4094
2740,3,1,Urban,1956,316808.8468
1550,4,2,Urban,2012,237634.3196
1928,3,2,Suburb,1960,122614.2522
2689,5,3,Rural,1977,272431.9682
2711,4,2,Suburb,1978,236142.3477
2984,4,3,Urban,1989,312174.4571
1752,3,3,Suburb,1976,229707.7462
1421,5,3,Suburb,1981,174025.062
2921,5,1,Rural,1969,274019.623
2392,2,1,Urban,1993,283056.22
1645,4,3,Suburb,2006,174395.198
1557,2,2,Rural,2004,167655.7601
1049,5,2,Urban,1951,151936.4331
1677,5,2,Rural,2013,242034.821
1105,2,1,Rural,1993,108704.7491
2239,4,1,Rural,2000,339812.6737
1657,2,1,Urban,2008,169346.3468
2946,5,2,Urban,1983,212249.4605
2448,5,2,Rural,1968,236917.3059
2095,3,2,Urban,1952,227350.0664
1987,3,2,Rural,2006,257030.1639
1841,2,1,Rural,1997,273250.5268
2808,3,3,Suburb,2005,322423.9116
2782,5,2,Urban,1968,321339.2358
1445,4,2,Rural,2005,174296.4766
2948,4,1,Rural,2014,360707.8981
2209,2,1,Suburb,2004,272752.195
1069,3,2,Suburb,1982,54164.86658
2997,2,3,Rural,1978,230472.2057
1149,3,1,Rural,2013,142799.6359
2269,4,1,Suburb,1970,232023.9725
1773,3,1,Suburb,2019,168448.4176
2561,3,1,Urban,1968,302139.881
2958,2,2,Suburb,1963,337572.9706
2675,4,2,Urban,1998,274828.3886
2122,3,2,Suburb,1967,183209.3339
2933,4,3,Rural,2008,216075.6971
2301,3,1,Urban,2007,174485.6746
2586,4,1,Urban,1951,294416.334
2686,3,1,Rural,1951,325533.7979
1943,5,2,Rural,1999,278841.1113
1454,4,1,Suburb,1952,124516.7455
2127,5,2,Urban,1988,296859.2288
1945,5,2,Rural,1970,194083.2565
1600,5,3,Urban,1979,184934.6907
1652,3,1,Urban,2006,246624.0106
1724,4,2,Suburb,1958,201830.421
1232,3,1,Urban,1952,132157.3876
2417,3,2,Suburb,1969,257334.7094
2524,4,2,Urban,1993,264262.6399
2718,2,2,Urban,1972,323258.7211
1250,3,2,Urban,1999,90442.10788
2544,5,3,Suburb,1986,309469.3374
1078,3,1,Suburb,2009,47541.73835
2075,2,1,Urban,1954,338217.4572
1897,5,2,Rural,1987,276695.5592
1920,3,1,Rural,1997,231835.2975
1780,4,1,Rural,2005,211829.933
1225,5,1,Rural,2011,104566.2665
2074,2,3,Rural,2006,275418.5826
2209,3,2,Urban,1973,273397.8134
2057,4,3,Rural,1986,82913.67983
1802,5,1,Rural,2009,230516.2678
1741,5,1,Urban,1966,233358.4416
1130,4,3,Rural,1992,156067.8521
2022,2,2,Suburb,1961,163940.3698
1631,5,1,Rural,1953,87398.44011
2466,2,3,Rural,1954,315516.0647
1837,2,3,Urban,1956,135018.4169
1758,4,2,Suburb,2004,188107.079
2455,5,3,Urban,1999,251255.666
1703,3,3,Suburb,1987,221052.2353
1496,4,3,Urban,1950,97924.26473
2426,4,1,Urban,2021,169823.3655
1322,2,1,Suburb,2001,215162.6717
2233,3,2,Suburb,1970,187906.9072
1614,4,3,Suburb,1953,204193.7805
1328,2,3,Suburb,1998,162002.7855
2395,5,1,Rural,1977,209494.579
2483,2,1,Rural,1958,299562.6907
1132,3,1,Rural,2002,213944.0532
1834,3,2,Suburb,1997,183159.4565
1650,2,1,Rural,1994,165007.8583
1120,5,3,Rural,1973,140784.5527
1605,3,3,Rural,2005,222875.6021
2475,3,3,Rural,2001,282845.2761
1964,5,2,Suburb,2013,207346.4075
1128,4,3,Urban,1953,157437.2967
2114,3,3,Suburb,1982,208771.9823
2627,2,3,Urban,1954,288799.5945
2598,5,1,Suburb,2011,334360.4457
1028,3,3,Suburb,1952,122119.678
1721,4,1,Rural,2002,168107.5987
2547,3,1,Rural,1997,258204.4654
1332,4,2,Suburb,1970,106737.9874
2320,3,2,Rural,2002,209461.2845
2153,3,3,Urban,1950,238549.6258
2316,2,2,Urban,1975,220222.222
2196,5,1,Rural,1976,253811.941
2743,5,1,Rural,1996,344151.8571
1943,2,3,Suburb,1982,272467.3657
2047,5,3,Suburb,1993,209692.5591
2122,5,3,Suburb,2006,235287.75
2429,5,1,Rural,1965,301419.2251
1355,3,1,Rural,1986,198322.4451
1138,3,3,Suburb,1958,70220.21708
2526,4,3,Rural,1978,233015.8515
2849,4,1,Urban,1969,332124.1746
2197,5,2,Urban,1957,248571.8324
1028,5,1,Urban,1996,72529.47362
1930,5,2,Suburb,1990,196037.0001
1495,2,3,Suburb,1991,206809.0599
2013,3,1,Urban,1956,271120.5005
1654,5,3,Urban,2009,218768.9918
1827,5,3,Urban,1990,199965.9108
1350,3,3,Rural,1966,76165.0119
1553,4,1,Urban,1986,217479.9859
1298,5,1,Urban,2011,215387.2243
2743,5,2,Suburb,1993,277552.6071
2865,5,1,Suburb,1985,374327.607
2968,5,2,Rural,2013,272760.766
2215,3,2,Urban,1991,272231.6042
2695,3,1,Suburb,1979,269248.5843
1063,3,1,Rural,1955,86294.93951
1754,4,3,Rural,1973,152160.7084
1769,5,3,Rural,1978,203007.1411
2687,4,1,Suburb,1965,259058.7317
2238,4,2,Urban,2004,224730.5185
1833,3,1,Urban,2019,215026.7889
1165,5,3,Urban,1966,211568.4108
2566,5,2,Rural,2005,347394.0104
2906,4,3,Suburb,1960,212887.7625
2255,2,1,Suburb,1977,292558.8164
2817,2,1,Urban,1956,226606.2983
2564,5,1,Rural,1978,314745.1191
2218,5,3,Urban,1978,185228.1358
1505,4,1,Urban,2010,183260.0279
2357,4,1,Rural,2015,318668.4094
2791,3,1,Urban,1979,225209.2493
1792,4,3,Rural,1968,226389.0892
2327,4,3,Suburb,1993,255665.6135
1832,2,1,Rural,2005,295011.9014
2460,2,3,Suburb,2011,224254.4616
2346,2,2,Urban,2014,266822.9599
2525,2,2,Urban,1999,345612.9206
1857,4,2,Urban,1999,161236.6899
2937,5,2,Rural,2005,356807.1409
2416,2,1,Rural,1965,302445.6139
1805,3,2,Suburb,2018,259069.0878
2622,3,1,Urban,2014,268472.8107
2172,4,1,Rural,1965,197368.4461
1760,3,3,Urban,2021,198583.351
1832,2,2,Urban,2019,245310.1232
2428,5,1,Urban,2011,182214.7456
1282,5,3,Urban,2012,135073.9957
2385,2,1,Suburb,1958,197586.9419
1378,3,1,Suburb,1988,156938.7576
1197,4,3,Rural,2001,206467.2569
2014,5,1,Rural,1958,248071.1788
2023,2,3,Rural,2015,181303.0519
1555,2,2,Suburb,1995,248801.2312
1355,3,1,Urban,2018,235061.8617
2563,4,1,Suburb,1957,291792.5183
2452,4,2,Rural,1979,244263.1511
2040,3,1,Suburb,1952,190657.3203
1638,2,3,Urban,1979,186705.7403
1378,3,3,Urban,1969,158858.9225
1679,3,3,Urban,1988,129902.2765
1505,3,1,Urban,1998,161282.1849
2779,2,2,Suburb,2002,267306.8145
1898,5,1,Urban,1962,250876.0928
1075,2,2,Urban,1992,125818.56
1230,5,2,Urban,1990,185958.8579
2739,5,1,Rural,1990,316115.61
1961,3,2,Rural,1991,144958.0015
2271,4,1,Suburb,1953,169239.1682
1301,3,1,Urban,1994,139403.3313
1725,2,1,Rural,1999,108260.6458
1214,4,1,Rural,1965,176194.8558
2181,4,3,Rural,2005,236757.0973
1068,2,1,Urban,1996,161515.9618
1392,2,3,Suburb,2010,226815.8377
2108,3,1,Rural,1995,162389.3572
1266,2,2,Suburb,1977,143147.0313
2092,5,3,Urban,1954,303712.2749
1610,5,1,Rural,2021,193657.2359
2370,4,1,Suburb,1987,267901.5463
2008,3,2,Urban,1999,177715.0925
1961,3,2,Rural,1968,202082.5517
1727,4,1,Suburb,2013,218016.8025
2950,2,2,Suburb,1975,358289.1427
1672,3,2,Urban,1964,147480.7772
1422,4,3,Rural,2010,197855.6931
2629,4,2,Suburb,1982,287775.3923
2197,5,2,Rural,2012,269096.6663
2700,4,3,Urban,1959,259727.1949
1114,2,1,Suburb,2018,142794.0341
1219,2,3,Rural,1990,182120.7795
2979,2,2,Suburb,1958,331985.0239
1030,2,3,Rural,1979,60025.91834
2546,4,2,Suburb,1987,344525.8599
2366,3,3,Urban,2016,233541.3434
2400,4,3,Rural,2006,254798.3327
2153,3,1,Rural,1981,244759.9915
1616,3,2,Suburb,2018,197432.2824
1538,3,3,Urban,1997,253080.6076
1738,5,3,Urban,2014,103782.368
2025,2,2,Rural,2005,245530.9344
1870,5,3,Urban,1997,261300.007
1100,4,1,Urban,1977,141569.9474
2556,5,2,Suburb,1955,272572.9701
2081,3,1,Urban,1996,165505.3176
2412,4,2,Urban,2014,282793.1513
1691,2,1,Suburb,2003,287098.9425
1940,3,2,Rural,1964,287907.1799
1340,2,3,Suburb,1998,157909.6148
1860,5,2,Rural,2010,170155.1533
2043,2,3,Suburb,1958,267950.1452
2278,4,1,Rural,2009,273593.851
2340,3,3,Rural,1987,156461.5068
1037,2,1,Rural,1986,44948.25972
1659,5,3,Suburb,2020,317709.0755
2560,4,1,Rural,1977,221198.0463
2409,3,2,Suburb,1952,254187.5022
2656,5,2,Rural,1983,337317.2556
1927,3,3,Urban,2018,215413.5462
2049,2,2,Rural,2021,193971.4844
1453,5,3,Rural,2002,230080.997
2704,5,1,Suburb,2020,325358.4568
2346,2,1,Rural,1964,270478.7832
1736,5,2,Suburb,2020,154409.5808
2536,5,2,Rural,2018,284680.2463
1818,5,3,Suburb,1986,276302.5471
1772,2,3,Urban,1985,200078.4592
1012,2,1,Suburb,2011,110061.8742
1914,3,1,Urban,1969,197314.0156
2931,2,3,Urban,1969,353022.0564
2583,5,2,Suburb,1956,278680.7299
1920,2,2,Urban,1979,214615.721
1824,5,3,Rural,1960,144888.7494
1370,5,3,Urban,1983,186764.8326
2314,5,2,Rural,2014,202239.6886
1331,2,2,Rural,1982,172998.858
2629,5,2,Rural,1997,254102.184
1260,3,2,Urban,1969,114509.1675
2813,4,3,Urban,1960,286114.5387
2894,4,1,Suburb,2015,316224.9818
2228,3,2,Suburb,2017,267572.3072
1696,4,1,Rural,1971,271312.4665
1686,3,1,Suburb,2006,226424.6714
1949,2,2,Urban,1993,218508.2956
1386,4,3,Rural,1981,205771.1444
2915,3,1,Rural,1971,260603.0488
1820,3,1,Urban,1954,208970.8269
1467,5,3,Rural,2018,280301.6883
2438,2,2,Suburb,1977,195874.0867
1068,3,2,Urban,1963,171301.4651
2495,4,3,Suburb,2007,290573.3129
2127,5,3,Rural,1996,194712.8825
2781,5,1,Suburb,1954,293262.4831
2184,5,2,Suburb,1996,304000.2947
1199,2,2,Urban,1952,231606.636
1215,3,3,Rural,2008,190872.209
2969,2,3,Urban,1968,335573.5139
1211,3,2,Suburb,1956,115277.3109
1507,5,2,Rural,1961,193461.3306
1015,4,2,Rural,1960,129595.138
2521,4,1,Rural,1971,253914.1814
1883,2,1,Rural,1980,96374.35121
1331,5,1,Suburb,1952,119335.3763
1716,3,2,Urban,2018,161346.8318
2900,2,2,Suburb,1982,306492.2728
1550,5,2,Suburb,1969,154349.5773
2624,2,2,Rural,1980,341832.4107
1941,4,2,Urban,2000,268428.9095
1255,5,3,Rural,2018,109488.4639
1991,2,1,Suburb,1962,195071.2418
2789,3,2,Suburb,1962,279789.6679
1727,4,3,Urban,1960,205450.6313
1879,3,1,Urban,1954,240849.3091
1814,2,3,Suburb,1968,188303.079
2195,5,2,Rural,2018,226142.0093
1648,4,3,Urban,2011,256889.5996
1999,3,3,Rural,1950,161485.5468
2521,3,3,Suburb,1984,353585.2894
1470,5,1,Suburb,1954,212476.7474
2407,2,3,Urban,2012,275723.6241
1689,3,1,Urban,1955,134728.0064
2612,2,2,Rural,1950,363393.2896
1699,2,2,Suburb,1995,253986.4137
1506,2,1,Rural,1962,113290.1022
1991,5,2,Urban,2004,269734.7476
2009,2,1,Suburb,1968,190983.3056
2550,4,1,Urban,1978,287339.48
1803,5,3,Suburb,1952,268052.6768
1830,3,1,Rural,1956,223254.8366
2348,5,2,Suburb,1955,335158.3523
1213,3,1,Rural,1991,210015.0091
2231,4,1,Urban,2011,345711.3518
1168,2,1,Suburb,1959,75362.95556
2353,2,3,Urban,1980,355332.8925
2303,2,1,Rural,1957,165948.0034
1977,2,2,Suburb,2019,262098.3284
2328,5,3,Urban,1956,241430.1758
1145,4,2,Rural,2019,225395.9158
2798,3,3,Suburb,1968,355775.0485
1515,5,3,Suburb,1976,198213.7311
2113,2,2,Suburb,2015,228863.8678
1452,2,2,Urban,1998,211201.762
1059,2,3,Suburb,1995,125690.2567
2334,3,3,Rural,1988,359134.2888
1527,3,2,Rural,1985,150085.5913
2250,5,3,Urban,2001,280175.4859
2023,4,3,Suburb,2007,289441.8469
1473,3,3,Rural,1978,117055.0708
2564,5,3,Rural,1958,324930.1105
2686,3,3,Suburb,1990,321033.4029
1756,5,1,Rural,1975,214644.5763
1781,2,1,Suburb,2012,88245.22325
2102,3,3,Rural,1977,257685.4771
1432,2,1,Urban,2002,84639.93166
2824,4,3,Urban,2021,384599.4793
2176,2,3,Urban,1980,134836.8686
2812,4,3,Urban,1992,393110.8124
1400,3,1,Rural,1965,113837.4701
2302,4,3,Rural,1997,210727.9261
1056,2,1,Suburb,1982,89357.63391
2002,3,3,Rural,1967,187494.0345
1185,5,1,Urban,1980,189556.2043
1397,3,1,Urban,1980,133115.2028
1604,5,2,Suburb,1960,200561.2614
1787,2,3,Suburb,2020,164119.7769
1157,3,1,Suburb,1979,170264.8251
2810,5,2,Suburb,1968,393544.0984
2716,2,3,Urban,1975,242948.6522
2382,4,1,Rural,1969,250075.4463
2463,5,2,Rural,1952,262686.5334
1588,4,2,Rural,1971,106294.0093
1465,3,2,Rural,1983,123894.3603
2686,5,1,Suburb,2003,230746.8727
1445,2,3,Rural,2005,171220.3358
2773,2,3,Suburb,2012,332380.5624
1800,4,2,Suburb,1953,120609.9028
2766,2,3,Rural,1952,284931.504
2511,3,2,Rural,1951,273143.3428
2553,3,1,Rural,1997,298101.3025
2096,4,1,Suburb,1968,251128.6392
1928,5,3,Suburb,2002,273701.7761
2951,2,2,Urban,1955,327333.7577
2724,3,1,Urban,1981,243237.4169
2973,5,3,Urban,1987,328748.4948
1016,3,2,Suburb,1954,153512.7792
2554,3,1,Suburb,2001,239051.2377
1730,5,3,Rural,1984,235250.5914
1325,5,2,Urban,2003,151729.2533
1994,2,2,Urban,2001,217916.3112
2655,4,1,Suburb,1965,258852.5444
1612,4,3,Rural,1963,218784.9735
1545,3,3,Urban,1957,161167.8106
1595,4,2,Urban,1992,170096.82
1920,3,1,Urban,1984,180918.1459
2731,5,1,Urban,2019,342827.8699
1841,3,3,Rural,2015,242141.1116
2225,2,2,Suburb,2014,240960.2442
1343,3,3,Suburb,1978,172748.9643
2876,3,3,Rural,1957,318456.8964
2546,2,2,Urban,2004,216509.4854
1858,2,1,Urban,1983,181943.2719
2423,4,3,Urban,2005,310057.6268
2241,5,2,Rural,1975,215974.0062
1444,5,1,Suburb,1997,159862.5524
2788,2,2,Suburb,2011,322101.8944
1221,5,2,Urban,1967,76260.83603
2406,3,2,Suburb,1957,314357.7032
2904,5,1,Rural,2000,381541.1657
1591,2,1,Rural,1958,165773.1842
2030,5,1,Rural,1988,226099.6845
2295,2,3,Rural,1991,204660.584
2762,4,3,Urban,1985,338477.3597
2017,2,1,Urban,2009,196458.6881
1015,3,3,Suburb,1973,111407.3397
2447,3,2,Rural,1995,286384.5893
1523,3,2,Suburb,1957,132092.9391
1802,2,2,Rural,1975,129532.4807
2776,2,3,Suburb,1984,323757.9099
1020,3,1,Suburb,1993,133182.2203
2713,5,3,Rural,1998,214369.335
2962,2,3,Suburb,1973,213931.2432
1227,5,1,Suburb,2006,110517.6255
2007,4,2,Suburb,1965,318379.752
2808,4,1,Rural,1990,231582.0858
2311,4,2,Urban,1993,273292.281
1808,4,1,Suburb,1955,195860.332
2157,3,3,Suburb,1989,157614.5804
2306,2,1,Suburb,1962,140267.862
1403,4,1,Rural,2001,121734.8214
2688,3,2,Urban,1971,292104.5503
2089,4,1,Rural,1956,352029.7322
2672,2,1,Rural,1967,397052.3943
2627,4,1,Rural,1957,306289.9305
1436,4,1,Rural,1999,184824.9513
1828,5,3,Rural,1981,219339.6019
1933,5,1,Rural,1954,175595.3773
1258,5,1,Urban,1963,119493.2971
2989,5,2,Rural,1998,271885.573
1102,4,1,Rural,1951,88479.58149
1992,4,3,Urban,1988,247807.4861
2590,5,2,Urban,1973,250343.4313
1768,2,2,Urban,1962,149577.7697
2124,3,1,Rural,1960,213485.2826
2221,4,2,Urban,1968,190833.3247
1812,5,2,Rural,1993,171288.6804
1225,3,1,Rural,1953,92411.68879
1942,5,3,Suburb,2002,194230.9479
1462,5,3,Rural,1977,309877.2545
1236,2,1,Suburb,1991,138257.0766
2049,2,2,Suburb,1998,263537.6661
2144,4,1,Urban,2017,235421.6722
2933,5,1,Suburb,1965,247238.3172
1505,3,2,Suburb,1975,204453.3307
2205,4,2,Suburb,1980,229017.6827
2734,2,1,Rural,2004,266446.8306
1813,4,2,Urban,1956,213713.2074
1766,4,2,Urban,1965,215516.515
1633,5,3,Urban,1997,268609.8213
2566,3,3,Rural,2007,273009.6883
2338,2,1,Urban,1987,185858.9858
1990,4,1,Rural,1962,220444.124
2820,4,1,Urban,2003,362746.4507
1617,5,3,Urban,2003,208243.0056
2759,4,2,Urban,1986,301352.1744
1272,3,1,Suburb,2013,68917.45243
2933,5,3,Suburb,1972,375045.4898
1231,2,1,Rural,2001,219328.9705
2443,4,3,Suburb,1955,287196.0228
1767,4,3,Rural,1961,221565.32
2465,5,2,Rural,1960,296354.01
1495,4,3,Suburb,1995,187880.0627
2047,2,2,Suburb,1961,162937.5477
2132,3,1,Urban,2021,187816.265
2726,3,2,Urban,1960,299216.3516
1501,5,1,Rural,1959,102171.5899
2882,4,1,Urban,1978,361111.1365
1024,5,2,Urban,2014,71577.03791
2210,5,1,Rural,1988,321674.8597
1287,5,1,Rural,1955,174300.5741
2651,5,1,Suburb,1994,238133.9821
1337,5,1,Rural,2001,77270.79967
2901,4,3,Rural,1983,370413.3991
2937,3,3,Rural,1995,306633.6056
2060,3,2,Suburb,2006,173510.9856
2817,3,3,Suburb,1962,429027.5368
1136,4,3,Urban,1988,172964.7985
1507,4,3,Urban,1967,190402.1313
1226,5,3,Urban,1963,108044.7998
1319,3,3,Suburb,1970,192005.2046
2863,5,3,Suburb,1981,321633.7707
1915,3,2,Rural,1980,196485.2701
2205,2,2,Rural,1985,280279.8687
2897,4,2,Suburb,1973,284948.1756
1085,2,3,Rural,1978,106429.8221
2490,3,3,Suburb,1959,319233.5432
1925,5,3,Urban,2016,252789.9589
1052,4,1,Urban,2008,104493.1398
1859,4,3,Urban,1971,324794.1907
1866,5,2,Urban,1951,262477.5735
2258,2,1,Suburb,1973,190282.8427
2982,2,1,Suburb,1967,280362.127
2802,2,3,Rural,1967,274226.612
2822,2,3,Suburb,2002,319684.4033
1432,4,2,Suburb,2012,219126.6453
2519,3,2,Suburb,2004,343082.1318
1998,5,3,Suburb,1951,144040.2837
1099,3,2,Urban,1985,140208.1602
1989,3,2,Urban,1962,217455.9289
1598,2,3,Urban,1964,221650.6614
1402,3,2,Rural,2001,202161.1158
1395,2,1,Urban,1973,202611.6711
2550,2,1,Urban,1982,261108.0168
1414,3,2,Suburb,2016,237923.7151
1938,5,1,Suburb,1989,184384.9731
2636,3,2,Urban,1958,366307.6805
1676,3,1,Rural,1964,239429.3752
1462,4,2,Urban,2012,122178.8045
1540,2,3,Urban,1998,86340.4988
2649,4,2,Urban,1988,278944.2832
2642,5,3,Suburb,1989,214681.0941
2945,3,2,Rural,1980,264713.4046
2387,4,2,Rural,1966,243500.1022
2153,4,3,Suburb,1987,162402.0752
1083,3,1,Urban,1997,18465.22651
1270,3,3,Rural,1996,158223.7883
1243,2,1,Rural,1994,216422.0262
1387,2,2,Rural,1964,204865.463
1213,4,1,Suburb,2020,4910.415323
1817,3,2,Suburb,1994,174619.3055
2189,2,3,Urban,1969,237096.2132
2814,2,1,Suburb,2013,352118.549
1058,5,2,Urban,1954,143711.6725
2625,4,1,Urban,2002,289450.6327
1882,4,3,Urban,1958,231628.6297
1842,4,2,Suburb,1997,93943.49461
1923,3,3,Urban,1980,175027.3476
2527,5,2,Urban,2016,306856.2582
2729,2,1,Rural,1992,296316.1272
1122,5,1,Urban,1994,51399.19092
2671,2,1,Suburb,1950,255184.2209
2436,2,1,Urban,1975,280027.9398
2162,5,3,Urban,1976,224610.8047
2252,4,2,Suburb,1978,248193.1639
2297,3,1,Urban,1995,153648.6623
1438,5,1,Rural,1979,195552.2727
2021,4,1,Urban,1975,245535.1545
1561,4,1,Suburb,1975,149114.332
2933,3,2,Suburb,2020,311050.9585
1117,3,1,Urban,1994,87719.77665
2737,4,2,Suburb,2014,236068.9004
1904,3,3,Rural,1989,222849.6913
2506,4,1,Rural,2015,221970.7428
1394,2,1,Rural,1991,163397.2472
2726,3,3,Suburb,1960,423561.0382
1875,2,3,Urban,2020,205785.7728
2483,3,1,Suburb,2003,279641.1696
2858,4,1,Rural,1963,307839.6336
2716,4,3,Suburb,2012,201203.4583
1934,4,2,Rural,1950,186648.716
2101,4,2,Suburb,1976,111814.3176
1951,4,3,Urban,2010,258026.6967
2435,4,1,Urban,2016,226456.195
1074,3,1,Urban,1963,106062.5502
1294,3,1,Urban,1978,130004.0671
2816,2,3,Rural,1969,292307.7591
1020,5,3,Rural,1986,198169.8601
2929,3,2,Rural,1990,235157.2166
2194,3,3,Suburb,1971,225818.5671
2038,5,1,Suburb,1979,130249.3409
2234,5,3,Urban,2004,292292.5869
1559,2,3,Rural,2007,93265.95066
2109,2,1,Urban,1961,256298.3208
2172,4,1,Urban,2007,250947.9197
2723,2,3,Suburb,1975,256107.4866
1371,2,3,Rural,1967,210978.8266
2503,5,1,Rural,2010,332333.0939
1817,3,1,Urban,2010,186536.3294
2174,4,3,Suburb,1974,240397.8489
2164,2,3,Suburb,2018,172393.0046
2092,5,2,Suburb,1986,308821.8239
2283,4,1,Suburb,1988,248749.0793
1845,4,3,Rural,1971,295297.4314
2991,5,1,Suburb,1959,399932.0316
1520,2,1,Suburb,1987,155778.3441
2656,2,1,Urban,2013,201026.2038
1370,2,1,Urban,1992,155778.3426
2442,2,3,Urban,2004,225049.1601
1100,4,2,Urban,1960,129392.0891
1660,3,2,Suburb,1965,228914.204
2977,4,3,Urban,1974,405763.4611
2681,4,2,Rural,2004,271121.7985
2888,5,1,Suburb,2016,451173.3736
1967,4,3,Suburb,2015,171830.8021
1242,2,3,Suburb,1976,117255.7288
1752,5,3,Urban,1995,271073.1296
1511,5,1,Rural,1960,129905.4524
1848,5,1,Suburb,2019,268940.501
1554,5,1,Rural,1977,194056.6504
2118,5,3,Rural,2016,223545.9043
1225,2,1,Rural,1993,200677.3208
2541,3,3,Urban,2019,240411.3884
1213,3,1,Rural,2004,156950.1025
1717,5,1,Rural,1966,282245.9379
1066,3,1,Urban,1989,42609.92449
1395,4,1,Urban,2019,160304.8632
1611,3,2,Suburb,1998,269289.1274
2035,4,1,Rural,1986,220905.283
2260,2,2,Suburb,2002,189012.1284
2857,5,3,Suburb,2021,420441.8931
1769,4,3,Rural,2014,251267.4597
2422,2,2,Urban,1950,266705.5037
1406,2,3,Suburb,1988,168016.2538
1924,5,1,Urban,1979,174363.0258
2872,3,2,Suburb,1992,327597.8549
2503,2,2,Rural,1972,361026.4632
1646,3,3,Suburb,1980,164182.3907
1221,3,3,Suburb,2018,164263.8645
2179,3,2,Suburb,2001,289934.9845
1653,4,3,Urban,2004,196450.3844
1427,3,2,Rural,1955,120062.8568
2181,3,2,Urban,1996,216580.3436
1976,2,2,Rural,1966,197982.4973
2439,5,1,Rural,1996,239215.2816
2005,4,1,Suburb,2005,254562.3748
2349,3,3,Urban,1996,137579.4212
1370,5,2,Urban,1986,196970.3342
2367,3,3,Rural,1977,224169.5485
2285,3,1,Suburb,1990,208710.021
2306,2,3,Suburb,2005,228921.2104
1849,5,2,Rural,2015,125453.2564
1855,2,2,Suburb,2020,176550.7536
1228,2,1,Urban,1957,117617.0652
2911,3,2,Suburb,1985,348965.8144
1279,3,3,Rural,1982,138687.1627
2893,3,2,Rural,2014,252162.3143
2313,5,1,Urban,1980,260711.1223
2703,5,2,Suburb,2002,312050.0471
2070,5,1,Rural,2000,208485.0262
1974,5,2,Urban,1960,289497.0294
2738,3,1,Urban,1984,239373.8848
2237,3,1,Rural,1974,241789.8561
1757,2,2,Urban,2001,216801.7589
2047,3,3,Urban,2017,276867.863
1320,5,1,Suburb,1988,104896.007
1273,4,2,Rural,2017,177101.9173
1555,3,3,Rural,2004,194411.7077
1843,5,3,Suburb,2012,169833.811
2336,2,3,Urban,1953,293579.3025
2386,3,3,Rural,1957,245438.9947
1667,4,1,Rural,1996,173232.014
1999,5,1,Rural,2009,245777.6067
1379,3,1,Rural,2005,168418.566
1710,5,3,Urban,1958,170384.4427
2942,4,1,Suburb,2017,228212.5392
2697,4,2,Suburb,1985,300942.5328
2930,2,3,Suburb,1987,284530.2069
2493,4,2,Urban,1969,276273.2596
1745,3,3,Urban,1999,184177.8674
1674,4,2,Rural,1951,198667.0334
1115,3,2,Urban,1960,64298.93508
1604,3,2,Suburb,1955,171767.9759
2065,5,1,Suburb,1964,210638.8747
2819,3,1,Urban,1954,307395.9204
1378,3,3,Rural,1995,147656.1089
2745,2,1,Suburb,2018,305214.3148
2229,5,1,Urban,1988,131971.1909
1465,3,1,Suburb,2005,117529.0602
2755,2,3,Rural,1957,316745.4407
1279,5,3,Suburb,1958,137126.8298
2671,4,1,Suburb,2008,364728.1891
1617,3,3,Urban,1977,221392.4855
1117,4,3,Suburb,2004,151725.0487
2260,5,3,Suburb,2010,170068.2447
1308,5,1,Urban,1989,238354.5136
2479,2,1,Suburb,2012,227493.971
2923,3,2,Urban,1969,333989.4843
2498,3,2,Rural,2001,206370.532
1099,2,2,Rural,2004,170223.1861
1260,4,3,Rural,1976,160109.6137
1992,5,2,Rural,1983,262394.7776
2328,2,2,Rural,1975,294438.5648
2377,5,3,Urban,2004,308301.0165
1285,4,3,Urban,1980,135901.8578
1327,4,1,Suburb,2013,139132.2371
2126,4,2,Suburb,1966,215095.4223
1062,3,1,Rural,1996,166630.386
1686,5,3,Rural,2013,208899.1487
2305,5,2,Suburb,1978,210777.9604
2464,2,2,Rural,1967,347484.6459
2316,5,2,Urban,1958,278047.8527
1737,3,1,Urban,1968,243731.1279
2030,2,2,Rural,2008,171753.6233
1638,4,1,Urban,1954,229633.1118
1935,5,1,Suburb,1957,263691.8313
2115,3,3,Urban,1999,305884.066
2958,3,2,Rural,2011,262918.7206
2213,5,1,Urban,1958,190300.022
2894,3,2,Rural,1962,340841.8891
1475,4,2,Rural,1990,143553.8991
2534,5,3,Urban,1971,344662.3727
2485,5,1,Rural,1960,381482.7992
1052,5,1,Urban,1968,117027.9378
1753,2,3,Suburb,2001,172995.5801
1485,4,1,Rural,1974,132991.5996
2667,3,1,Rural,1978,278374.6251
2513,5,1,Rural,2011,313704.0719
2387,5,3,Suburb,1957,260421.5637
2135,3,1,Urban,1994,325551.9781
1408,4,2,Urban,1959,227189.7361
2030,3,3,Suburb,1963,246224.6729
2765,3,3,Rural,2008,297591.8006
1667,5,3,Suburb,1973,103311.1731
2220,2,1,Urban,1965,310583.1721
1834,2,3,Rural,1999,189376.1823
1875,2,1,Urban,1979,251754.122
2758,2,2,Suburb,2001,281836.7476
1366,2,3,Suburb,1951,56838.88085
2001,5,3,Rural,1983,218534.6415
1249,2,3,Suburb,1964,177571.6606
2939,3,2,Suburb,1985,242311.3133
2618,5,1,Rural,1962,317748.315
2263,3,3,Suburb,1954,261793.3717
1379,2,2,Rural,1984,84976.76421
2930,4,1,Suburb,1992,293272.6526
1871,2,3,Suburb,1957,151087.6337
1834,5,1,Suburb,1956,214696.5589
2494,3,3,Suburb,1998,205492.8102
1774,4,2,Urban,1964,292980.1264
1918,4,1,Rural,2011,208731.6363
2724,4,2,Suburb,1968,302778.7812
1454,3,3,Rural,1988,210838.0412
1365,5,2,Rural,1950,133992.5262
2313,4,1,Urban,1966,263133.077
2897,3,1,Suburb,1973,315344.5555
1402,3,3,Suburb,1978,123901.1792
1057,2,1,Urban,1990,88753.76749
1520,3,3,Suburb,2011,213026.9398
2327,5,2,Urban,1960,249565.1559
2138,5,2,Suburb,1954,227448.5877
1209,4,2,Urban,1995,233217.0238
2064,3,3,Urban,1968,311719.3853
1815,3,2,Rural,2004,164078.3034
1172,2,3,Urban,1994,120245.3424
1233,2,2,Suburb,2009,207403.388
1792,3,2,Suburb,1956,283490.7112
2907,3,1,Suburb,1998,356926.126
2613,3,2,Urban,1990,323643.5405
2643,2,2,Suburb,1985,265494.9673
1792,2,3,Urban,2006,143115.0943
2426,5,1,Urban,1976,249168.2827
2062,4,3,Urban,1996,253624.4929
1118,4,2,Suburb,2003,127936.4015
1334,4,2,Urban,1989,58402.69297
2359,4,1,Suburb,1973,261494.0032
2562,2,2,Suburb,2008,325994.7511
2639,2,3,Rural,1986,405102.2738
2097,3,3,Urban,1962,190604.6449
2214,5,1,Suburb,2020,265855.4724
1323,5,2,Suburb,1969,128496.4995
2010,4,1,Urban,1975,246558.1325
2170,3,2,Urban,2005,171145.0128
2790,3,2,Rural,1989,231509.4268
1283,2,2,Suburb,2005,132250.1228
1212,3,3,Rural,2010,174586.7812
2658,5,1,Urban,1966,237304.1795
2741,5,3,Urban,2007,212756.3038
1928,3,3,Suburb,2013,280606.5546
1751,2,3,Rural,1982,178864.9629
2417,5,1,Rural,2005,222412.3585
1338,2,3,Rural,1991,147418.1119
2821,2,3,Rural,1980,242772.5422
2045,5,2,Urban,1996,159256.153
2794,2,2,Urban,1969,357974.5796
2892,4,3,Suburb,1992,306943.0868
1104,4,1,Urban,1965,141400.5019
2489,4,3,Urban,2019,248073.0216
2482,3,1,Suburb,1961,321114.7631
2455,5,2,Urban,1966,269295.7225
1769,4,1,Suburb,2014,263675.5091
1715,2,3,Urban,2011,161057.8614
2845,4,2,Urban,2021,270068.7348
2797,2,1,Rural,2020,241912.003
2642,5,3,Suburb,2008,326658.1776
1762,4,3,Rural,1952,254092.828
2959,5,1,Rural,1983,297062.5314
2244,4,1,Rural,1964,256316.7701
1378,2,1,Rural,2014,136137.5498
2245,2,3,Rural,2003,303932.6546
2281,3,2,Suburb,2013,229572.1607
1712,3,2,Rural,1958,206692.6231
2390,3,3,Suburb,2001,322110.0211
2793,4,1,Rural,1997,296366.4091
2372,5,3,Urban,1968,243557.007
1224,4,3,Urban,2005,140546.7628
2737,2,3,Urban,1971,292767.7876
1737,5,3,Urban,1955,230971.9589
1235,2,2,Suburb,2016,145237.0625
1182,3,1,Rural,1951,183408.9468
1711,2,3,Suburb,1984,175706.7758
2892,4,3,Suburb,1953,251001.8578
2781,2,1,Suburb,2008,271631.8778
1443,2,1,Rural,1963,205597.5383
2888,2,3,Urban,2005,373636.9594
1622,5,3,Urban,1995,245905.6077
2029,2,1,Suburb,1980,315358.7749
2259,2,1,Urban,2014,204845.6289
2150,3,2,Urban,1994,310273.7871
2127,3,3,Rural,1992,284727.5638
1748,4,1,Suburb,2020,195748.8316
2938,3,1,Suburb,1965,198368.1562
2503,2,2,Suburb,2021,252741.5705
1154,3,2,Suburb,2002,134069.3413
1256,5,1,Urban,2007,92939.40995
1234,4,3,Urban,1986,149021.2246
1499,3,3,Urban,1970,171587.2325
1288,4,3,Suburb,2020,172298.5517
1509,4,2,Rural,1985,128093.5824
2575,4,1,Urban,2005,270914.5429
2823,5,1,Suburb,1984,263142.3991
1708,2,2,Suburb,1992,184988.6209
1784,5,3,Suburb,2019,147046.228
1893,4,1,Urban,1950,195014.8895
1775,3,3,Suburb,1996,215320.6331
2592,3,1,Rural,1964,249762.0603
1297,5,2,Urban,1958,155041.8588
2633,3,2,Urban,1958,287417.8788
1136,4,3,Suburb,1956,185273.9511
1375,4,2,Urban,1991,166948.1635
1086,2,1,Suburb,2018,106818.8728
2442,4,2,Suburb,1955,285175.8835
2777,3,3,Suburb,1989,327011.234
2222,2,2,Urban,1976,196640.4784
2486,3,1,Suburb,1987,225653.9606
1436,5,2,Rural,2021,179309.9183
2333,2,1,Suburb,1950,298207.2353
2619,4,3,Suburb,1950,278116.4904
2777,2,1,Urban,1963,331596.8579
2304,4,2,Suburb,1970,305085.9396
2346,4,2,Urban,2000,315622.7614
1763,3,3,Urban,2004,144451.4581
1701,4,2,Urban,2009,253314.2056
2974,4,3,Rural,1967,377416.5333
1941,4,3,Rural,1987,247277.4986
1151,3,1,Rural,1985,120759.0127
2325,4,2,Rural,1957,253690.6925
2301,5,1,Urban,2020,269529.8295
2674,3,3,Rural,1952,315173.2661
2711,5,3,Urban,1957,264612.0403
2031,2,3,Rural,1979,176221.0376
1806,3,1,Rural,1989,257996.3841
1234,5,1,Rural,1989,175498.3194
1674,3,3,Suburb,1992,189283.195
1560,4,2,Suburb,2017,182338.9146
2325,3,2,Suburb,1952,290292.6551
1037,2,2,Urban,1968,123457.8836
2159,5,3,Rural,1970,184002.4666
1821,3,3,Suburb,2018,252366.5051
1420,4,2,Urban,1974,264328.1741
2242,5,1,Suburb,1966,265015.9913
1347,5,2,Urban,1970,227813.114
2831,5,1,Urban,2015,230271.9652
2569,2,2,Suburb,1993,298587.1495
2887,4,3,Urban,1961,238228.4565
2102,4,2,Suburb,2003,223114.8645
1747,5,1,Rural,1952,224506.9939
2918,3,1,Rural,2008,256355.7022
1272,5,2,Urban,2012,133764.9777
2184,4,3,Suburb,2013,213367.3705
2710,2,3,Rural,2002,329115.0412
2901,2,1,Urban,1961,289497.0476
1307,5,3,Rural,2017,149128.9135
2397,2,2,Suburb,1965,283920.1365
1975,2,1,Urban,2008,251911.3421
1732,3,1,Urban,1967,143200.7433
2032,2,2,Urban,1966,321814.9767
2824,3,2,Urban,2020,369297.1334
1443,5,2,Urban,1952,262466.8082
2136,4,3,Rural,1986,230224.6441
2228,4,3,Urban,1990,286983.6047
1404,3,3,Rural,1970,171491.9312
2721,4,2,Rural,2010,373189.2243
1852,5,3,Urban,1956,161226.8666
2220,4,3,Urban,1972,348884.0812
1777,2,2,Suburb,1953,218513.0716
2797,5,2,Suburb,1972,314000.3531
2783,5,2,Suburb,1979,278591.8605
1114,4,1,Rural,2003,175468.5292
2144,4,2,Suburb,1974,255312.215
2676,3,2,Rural,1960,314909.56
1064,2,3,Rural,2017,180827.1738
2299,4,1,Rural,1955,271862.8193
1824,4,3,Urban,1981,278934.8112
1238,3,1,Rural,1953,60272.79972
1301,4,2,Suburb,1958,210540.3073
2415,2,1,Suburb,1992,198945.5782
2545,2,2,Suburb,1959,271820.5422
1968,5,1,Suburb,2013,112121.1373
1368,5,3,Rural,1977,170538.3043
1232,2,1,Suburb,1998,178832.0612
1194,3,1,Rural,1996,98328.3778
1906,5,2,Urban,1962,300108.5853
2035,2,3,Suburb,1981,140705.089
2929,2,3,Rural,2002,277214.7658
1920,5,2,Rural,1987,134160.2008
1688,2,2,Rural,1993,174827.2139
1176,2,3,Suburb,2003,61455.04134
1216,2,1,Suburb,1967,84900.25349
2034,2,3,Suburb,2020,309246.5729
2469,5,3,Rural,1963,166286.0182
1629,3,3,Rural,2008,127820.1029
1163,2,2,Urban,2001,34740.34516
2574,4,2,Rural,2013,325116.2554
1052,3,1,Rural,1990,157635.1366
1217,4,1,Urban,1955,73625.37012
2741,4,3,Suburb,2014,326675.2127
1998,2,2,Rural,1982,254508.7449
1823,5,3,Urban,1959,231726.6497
2383,4,2,Rural,1999,164709.9088
1384,4,3,Urban,1991,112860.7621
1055,4,1,Suburb,2012,121691.7471
1117,2,3,Rural,1989,82525.32303
1899,2,2,Urban,1960,125589.7003
2276,5,2,Suburb,1993,305600.0913
1797,2,3,Urban,1950,202648.2704
1779,3,1,Urban,1973,253087.646
2015,5,3,Rural,1996,310837.2585
1802,2,3,Suburb,1980,160353.588
1844,2,2,Rural,2012,88041.49263
2203,4,2,Suburb,1962,265961.7572
2438,2,1,Rural,1987,193536.2552
2893,4,3,Suburb,2017,319808.1505
2258,2,1,Urban,1974,265213.0833
1854,2,3,Suburb,2013,192179.9627
1707,2,1,Urban,1991,225965.4216
2843,2,3,Urban,1995,332223.1421
2103,2,1,Rural,1966,185929.2803
2670,5,3,Suburb,1955,239399.8004
1021,2,2,Rural,1985,103913.2557
2500,2,3,Suburb,2006,284618.5505
1842,4,3,Suburb,1967,209688.2932
2463,3,2,Rural,2010,263197.6135
2760,3,3,Suburb,2000,352782.6687
2593,5,1,Rural,1991,236481.3464
2116,2,3,Urban,2020,246268.228
1191,3,1,Urban,1978,119289.2716
2018,4,2,Suburb,1951,255925.0213
2126,4,1,Rural,1988,277523.8645
1395,5,2,Suburb,1953,166372.0528
2030,4,1,Urban,1957,360920.7699
1639,3,2,Suburb,2021,176585.7941
2018,3,3,Urban,1977,189740.5347
1566,3,1,Urban,2004,279160.3958
1230,2,2,Urban,1953,138439.2485
1873,4,3,Rural,1973,163621.0455
1573,4,3,Rural,1957,178623.0216
1239,2,2,Urban,2014,88466.5255
1089,3,2,Urban,1980,161529.9699
1231,4,1,Urban,1973,150895.3105
1456,3,2,Urban,2010,205057.4949
1232,2,3,Rural,1975,134922.8811
1353,3,2,Rural,2012,144082.7818
2004,5,1,Rural,2001,229447.6237
2356,2,1,Rural,1994,144358.609
1438,3,1,Suburb,1967,210425.2577
2398,2,1,Suburb,2005,197298.5454
2315,4,1,Rural,1985,342374.9142
1344,5,1,Suburb,1987,168154.3246
1663,2,2,Urban,2003,148815.4271
2451,3,1,Suburb,1973,309366.587
1656,4,2,Rural,1970,193033.829
1129,3,2,Rural,2020,104818.3148
1140,3,3,Urban,1994,152833.9706
1414,2,2,Rural,1955,234969.0453
2116,2,2,Rural,1995,204765.5265
1625,3,2,Rural,2003,196786.7722
1283,2,1,Rural,1982,179119.7496
2979,3,2,Rural,1970,314423.6371
2946,2,3,Rural,2013,303161.0389
2678,5,2,Suburb,1970,234883.3347
1222,2,1,Rural,1999,179638.6984
1743,3,2,Urban,1958,152226.2379
1462,4,1,Suburb,2010,198513.7369
2568,2,1,Rural,1979,294928.0823
2299,5,1,Suburb,1999,244250.463
2705,5,2,Rural,1977,330064.3238
2163,5,2,Rural,2020,301909.826
1356,5,2,Suburb,1972,275213.8437
2736,3,3,Suburb,2004,269042.8385
2046,5,3,Urban,1974,176235.5463
2991,4,1,Suburb,1964,338829.3493
2759,2,3,Rural,1952,288229.9626
2903,5,2,Rural,1967,301469.5357
2293,2,2,Urban,2018,209595.6565
1858,3,2,Suburb,1965,210896.5206
1664,2,3,Suburb,1973,104494.9112
2356,3,1,Urban,1986,289383.7258
2014,3,3,Suburb,1980,222524.6513
1084,2,1,Suburb,1993,79722.70208
1620,5,2,Suburb,1970,252637.8296
2054,4,1,Suburb,1971,295878.9871
2764,2,3,Rural,1994,247611.6172
1239,4,3,Suburb,1982,88738.79982
2913,2,3,Urban,2010,305144.3664
1362,4,2,Urban,1965,171157.4413
1821,2,2,Urban,1960,191143.2564
2412,4,3,Suburb,2006,277521.9053
2676,4,2,Rural,1985,256542.6793
1667,2,3,Urban,1986,143673.0631
2322,2,1,Urban,1986,297412.9823
2880,3,1,Rural,1961,376892.9112
2394,4,2,Urban,1995,215274.3121
1098,2,2,Suburb,1993,66269.25456
1046,5,2,Urban,2017,143814.3386
1838,5,2,Suburb,1986,173343.5013
1421,3,1,Rural,1972,236825.6031
2503,5,3,Rural,1968,230606.801
2602,2,3,Urban,1999,278161.9394
1061,4,2,Suburb,1956,64761.2412
2132,2,3,Rural,1981,202928.0971
2702,5,2,Urban,2020,295396.1073
2572,5,3,Urban,1989,185262.6457
2142,2,2,Urban,1955,196626.4511
2009,3,2,Rural,1981,212757.8719
1597,2,3,Suburb,1958,145325.8619
2405,3,2,Suburb,1993,264140.4159
1391,5,3,Suburb,1998,164719.0708
1976,4,1,Urban,1975,346318.4765
2075,4,2,Suburb,2001,251490.7901
1602,2,2,Rural,1984,136244.2367
2312,3,1,Urban,1969,199441.8384
1336,5,2,Rural,1992,212999.6628
1809,4,1,Rural,2002,146835.5476
2227,2,3,Rural,2003,277126.7918
2903,2,1,Suburb,1968,379049.1668
2261,5,3,Urban,2016,298792.9742
2405,5,1,Urban,1997,318175.0169
2690,2,1,Rural,1960,303068.2396
1751,2,1,Urban,1976,215299.471
2159,2,2,Urban,2017,172158.1527
2430,3,2,Suburb,1994,354766.2112
2531,5,2,Urban,2010,382624.6696
2385,2,2,Rural,1984,203552.1048
2404,5,3,Urban,1951,286151.6866
1880,2,1,Rural,1959,245674.6967
2599,2,3,Urban,1969,315832.1016
1634,2,1,Rural,2008,260940.8098
1253,5,1,Rural,2018,193070.5494
2500,2,3,Urban,1967,293526.2953
2137,2,1,Rural,2018,228899.8145
1019,5,2,Suburb,1987,141930.5715
1527,2,2,Suburb,1968,217826.9081
2168,4,3,Rural,1958,283105.5463
2231,4,3,Rural,1967,241843.3274
2554,2,3,Rural,2003,281511.3806
1375,3,2,Urban,1986,157750.5684
2527,5,1,Suburb,2013,262552.4839
2927,2,3,Urban,2004,231150.5114
1165,5,1,Urban,2016,122238.3427
2573,3,1,Suburb,1952,304810.6742
2204,3,3,Urban,1962,259630.7566
1860,5,3,Urban,1954,269712.4548
1616,3,2,Suburb,2000,213156.0436
1611,3,3,Rural,1968,279849.9545
2625,5,2,Urban,2011,267291.7268
2950,3,2,Urban,1976,310038.4898
2835,4,1,Urban,1974,195100.4439
2467,2,2,Suburb,2003,233050.6497
2355,4,1,Rural,1994,272770.8844
1502,4,2,Rural,1961,208998.1104
1912,2,3,Urban,1958,203698.4378
1078,4,1,Urban,1976,91974.95571
1584,2,3,Urban,2003,276813.3441
2958,2,1,Suburb,1975,275832.6394
2961,5,2,Urban,1982,231459.5871
1687,2,1,Urban,1977,96030.78181
1395,2,3,Suburb,1966,226056.8406
2631,3,1,Rural,1968,315416.1753
2880,3,3,Rural,1989,339445.263
2126,4,1,Urban,1991,208489.4984
1401,2,2,Rural,2000,50598.19504
1974,2,1,Suburb,2012,142822.2621
1223,5,3,Suburb,1995,51985.47931
1517,2,2,Suburb,1972,165327.8977
1633,5,1,Suburb,1968,254067.3564
1235,2,2,Suburb,2006,86973.54119
2450,3,3,Rural,2008,273740.0187
1115,3,2,Rural,1974,175259.1073
2186,3,3,Rural,1980,167161.0355
1225,4,1,Rural,2020,174054.5823
1229,2,3,Urban,2020,155797.5492
1181,3,3,Urban,1968,119351.654
2272,5,3,Suburb,1976,335789.5214
2341,3,3,Urban,1983,296275.6153
2988,2,1,Urban,1987,351877.0286
1209,3,3,Rural,1971,136085.3631
2679,2,3,Urban,2020,347283.3022
2415,2,1,Suburb,1987,158559.3664
2880,3,3,Urban,2020,297875.893
1095,5,1,Rural,1980,118176.6763
1893,4,1,Urban,1986,187604.5302
2881,2,3,Urban,2008,273884.4851
1755,4,2,Urban,1981,245744.8941
2109,3,1,Urban,2021,202674.719
1414,2,1,Rural,2012,151024.3389
1393,2,2,Rural,1966,287813.0786
1695,3,2,Suburb,2006,192399.9731
2656,4,3,Suburb,1967,272388.5171
1843,5,2,Rural,2012,181636.66
2524,3,1,Suburb,1997,260311.0928
1603,3,2,Rural,1987,169939.7714
1581,5,1,Suburb,1954,282140.0726
2939,5,3,Suburb,2006,335597.788
1132,5,2,Urban,2004,124729.1513
1790,5,2,Rural,1989,324488.6454
1648,3,3,Suburb,1952,157869.1106
2337,5,3,Suburb,2014,192885.2842
2722,4,2,Urban,1964,275830.1575
1220,5,2,Suburb,1987,65981.40142
1975,2,2,Suburb,1952,231033.5653
2461,2,2,Suburb,2007,259802.11
2069,5,1,Suburb,1966,253361.9885
2813,3,2,Suburb,1954,277317.6911
2215,3,1,Urban,1998,251347.5498
2543,4,3,Suburb,1994,362472.0465
2402,3,1,Suburb,1997,297025.7244
1787,4,3,Suburb,2009,256398.7816
1690,4,2,Rural,1959,226496.6954
2357,4,3,Rural,1954,341721.3224
1038,5,3,Suburb,2019,146897.0448
2316,3,1,Urban,1990,254426.3739
1689,2,3,Suburb,1972,187688.2076
1161,4,2,Rural,1966,105778.2945
2354,2,2,Rural,1996,242477.7418
2909,4,3,Urban,1955,392224.5975
2127,3,3,Suburb,1950,203817.6043
1160,5,2,Rural,1986,144802.9409
2822,4,2,Rural,1961,355549.2984
2658,4,2,Urban,1954,290622.8048
2077,2,1,Rural,2016,213937.6202
2963,5,1,Rural,1952,346226.0683
2057,3,2,Urban,1953,269584.545
1241,4,2,Urban,1954,79665.06059
1966,3,1,Urban,1972,264411.3804
1889,5,2,Rural,1985,229496.5422
1112,2,2,Rural,1958,52027.21811
2013,5,1,Suburb,1969,255727.4659
1317,5,1,Suburb,1981,212479.0357
1022,5,1,Suburb,1978,127756.1345
2581,5,2,Urban,1997,313594.8729
1823,3,2,Rural,1986,220882.2628
2670,3,2,Rural,2019,349011.3786
2141,2,2,Suburb,1967,266925.1559
1700,4,1,Urban,2013,180992.1694
2666,4,3,Rural,2010,225420.5005
2018,5,2,Suburb,1964,189203.4284
2957,5,2,Urban,1970,368311.6609
2235,3,2,Rural,1997,282959.9492
2441,4,1,Suburb,1961,210787.8296
2136,2,3,Urban,1963,196538.2656
2067,5,2,Suburb,1983,220218.2393
1127,3,1,Suburb,1971,201013.9231
1875,5,2,Rural,1974,191061.7669
1157,5,2,Suburb,1982,88885.1749
2808,3,2,Rural,1985,375526.9093
1826,4,3,Rural,2014,207034.1992
2417,4,1,Urban,2019,256949.2348
2890,5,3,Urban,2001,299671.9431
1851,4,1,Urban,1969,173649.3387
1511,3,1,Suburb,2019,187438.4386
2937,4,2,Rural,1960,308270.1848
1044,5,2,Rural,1969,89547.63678
2131,5,3,Urban,2018,208051.7371
1218,3,1,Rural,2016,184606.5522
1442,5,3,Rural,1980,228388.0763
2853,4,2,Rural,2012,293670.6921
1314,3,3,Urban,2006,159129.8269
1176,5,2,Urban,2001,173179.9
1227,3,3,Suburb,1983,144677.0902
2726,3,3,Suburb,1993,281675.485
2695,4,3,Suburb,1972,299466.4588
2929,4,3,Urban,1974,373461.592
1266,2,1,Urban,2015,116666.6859
1869,3,3,Rural,1971,198622.2213
1837,4,2,Suburb,1990,279887.4085
2402,5,1,Urban,2015,296287.6377
1488,2,1,Rural,1975,219048.3964
1701,2,1,Suburb,2009,190589.2807
1686,5,1,Rural,1980,243825.7923
2313,4,1,Urban,1982,380283.2312
1995,3,3,Suburb,1963,247513.0514
1356,2,3,Urban,1973,98131.70801
2680,5,3,Rural,1992,260600.8533
2767,5,2,Suburb,2004,314660.8969
1871,5,2,Suburb,2018,215231.2976
2973,5,3,Suburb,2006,370225.4449
1203,2,3,Rural,2015,60625.73443
2236,3,1,Rural,1961,187972.1395
1551,4,3,Urban,2006,185239.9189
2810,5,2,Rural,1992,308861.0241
1322,5,1,Rural,2010,102940.6701
1593,3,3,Suburb,1978,277826.3345
1180,3,1,Rural,2003,159880.8174
1498,4,3,Suburb,1979,164498.3436
2343,2,3,Rural,1987,296295.9626
1082,3,1,Urban,2015,94972.19846
1302,2,1,Suburb,1998,253926.9842
1261,2,2,Rural,2002,107683.6825
1783,5,3,Rural,2014,196274.3932
2223,2,2,Urban,1967,330307.8385
2263,5,2,Suburb,1976,223312.2636
1913,5,3,Urban,1966,220946.2406
1691,4,3,Urban,1959,190439.1606
1943,2,2,Urban,2004,140228.415
1682,3,2,Urban,2017,211683.2009
2318,3,2,Rural,1960,295835.8643
2535,3,3,Rural,2009,309421.3389
1688,4,1,Urban,2014,196100.194
2904,5,3,Urban,1981,216332.5362
1395,5,2,Rural,2019,195049.9788
2772,3,1,Suburb,1975,260087.1758
2161,5,3,Rural,1954,198454.7229
1838,5,1,Rural,1973,222171.2315
1877,4,1,Rural,1951,186869.3481
1822,2,2,Urban,1995,163190.7512
2152,2,3,Urban,1975,299033.4732
1048,4,3,Urban,1980,126586.1894
2699,4,1,Urban,1980,274159.4653
1788,5,3,Suburb,1969,250796.8204
1292,4,3,Rural,1976,152267.415
2651,5,3,Suburb,2011,327085.1374
1535,2,3,Urban,1968,74995.65219
1310,4,2,Rural,1977,52895.03499
1536,5,2,Urban,2005,138299.6824
2926,2,3,Suburb,1995,301870.1198
1638,2,3,Suburb,1963,240457.6928
1233,3,3,Urban,2019,73601.50463
2232,2,3,Suburb,1956,174934.5978
1604,4,3,Urban,1968,243685.8689
1093,4,2,Urban,2007,89630.17974
1326,5,1,Suburb,1984,106796.8759
1224,4,1,Suburb,1980,192959.4896
1966,2,1,Urban,1987,67061.33907
1889,5,2,Urban,2021,241739.4304
2815,2,2,Urban,1995,354615.0971
1010,3,3,Rural,2004,121106.0478
2352,5,2,Suburb,1987,253805.2353
2035,3,2,Suburb,1969,264353.0028
1034,5,3,Suburb,1986,151793.1611
1446,4,3,Suburb,1976,62477.16427
2475,2,3,Suburb,1977,166353.8917
2763,5,1,Urban,1951,330962.1947
2243,4,1,Urban,2005,194225.9319
1440,4,3,Rural,1973,185001.1771
1652,4,3,Suburb,2008,218712.536
2558,3,1,Urban,1980,285609.7864
1594,4,3,Suburb,1951,136014.6602
1228,5,3,Rural,1986,152756.4258
2958,3,1,Rural,2010,263999.8856
1343,2,2,Rural,1981,142577.1372
2103,4,3,Urban,2020,227308.316
2376,5,1,Rural,2012,232465.3789
2419,5,1,Suburb,1959,302497.9351
2313,3,1,Rural,2000,332206.1817
2478,2,2,Rural,1953,274477.668
2866,3,3,Rural,1985,263725.6317
2694,4,3,Suburb,1980,255591.8783
1988,2,3,Suburb,2011,174266.6663
2151,2,2,Rural,1965,235803.6241
2725,2,1,Urban,2005,245419.9359
1908,3,1,Urban,1958,232727.1567
2566,5,3,Urban,1999,286547.674
2921,3,2,Rural,1950,286011.198
2382,5,1,Rural,1995,319629.0507
1526,3,2,Urban,1956,145286.6859
2336,5,3,Urban,1995,227906.3116
1074,5,2,Urban,1976,73979.37382
2569,2,3,Suburb,1967,420237.6911
2894,5,2,Suburb,2019,347476.907
1195,4,2,Urban,1973,209583.0435
2866,4,1,Suburb,1975,301682.2079
1028,5,1,Suburb,1957,110495.4699
1705,5,2,Rural,1989,184951.0926
2020,5,1,Suburb,2020,204205.8182
1015,5,3,Rural,1983,127496.3489
2446,2,3,Rural,2008,259310.9412
2612,4,1,Urban,1964,357814.7898
1804,2,1,Suburb,1961,216611.8035
2616,4,1,Urban,1955,320942.4031
2428,5,2,Rural,1990,345827.3693
1939,4,2,Suburb,1977,140964.101
2659,4,3,Urban,1974,276428.2328
2554,3,2,Urban,1954,331925.8497
1966,3,1,Urban,1973,174948.4754
2637,5,2,Rural,1978,219881.6791
2927,2,2,Urban,1978,250118.3129
2100,3,2,Urban,1961,280019.0249
1228,5,1,Suburb,1957,217865.6155
1961,2,2,Rural,2000,204329.6595
2320,3,2,Rural,1996,271810.9641
2533,4,2,Suburb,1995,276657.6809
1714,3,1,Urban,1951,201418.6395
1983,5,2,Urban,1997,188219.3201
2989,3,3,Suburb,1999,210456.147
1572,3,3,Suburb,1980,153766.9397
2561,2,1,Rural,2015,319491.8986
2606,2,1,Suburb,1998,338044.791
1614,4,2,Urban,1990,152356.913
1325,5,1,Urban,1961,135148.3609
2386,4,2,Urban,1952,289459.34
2692,4,2,Rural,2016,394623.4714
1874,3,2,Urban,1974,264014.6388
1358,4,2,Suburb,1973,222121.2802
2729,2,1,Rural,1989,219563.9599
2810,4,3,Rural,1980,391696.2728
1323,5,1,Rural,1952,131707.3589
2721,4,2,Urban,1959,270487.3091
2349,5,3,Suburb,2013,314392.4887
2648,5,2,Rural,1971,333049.1134
2848,4,2,Rural,1966,341913.8961
1164,4,2,Rural,1990,183882.6834
2596,4,2,Suburb,2001,279248.7275
2627,5,3,Suburb,1953,352421.5012
1797,2,1,Urban,2001,252575.3025
1454,3,1,Suburb,1967,238717.7165
2992,4,1,Urban,2000,374777.5854
2176,3,3,Suburb,1954,165169.6137
2760,4,3,Urban,2004,291115.5247
2150,5,1,Urban,1991,234501.6501
1192,5,3,Urban,1983,165015.0113
1626,3,2,Rural,1990,209114.1329
2797,2,1,Urban,2018,288750.5049
1529,5,2,Rural,1952,212829.0248
2033,3,3,Suburb,1981,235624.523
1091,5,2,Rural,1993,83887.36121
1138,4,3,Urban,2009,62838.16943
1480,3,1,Rural,2014,111727.3478
1448,3,1,Urban,1951,96795.86768
2356,4,1,Rural,1994,163111.1991
1868,3,3,Suburb,1957,251811.7217
1339,4,2,Rural,2007,237314.9459
2984,2,3,Urban,2000,292307.8087
2075,4,2,Rural,2005,258870.3087
2730,2,3,Urban,2016,376748.9345
1465,3,2,Urban,1973,199188.2012
1717,4,1,Suburb,1972,147872.3347
1798,3,2,Urban,1971,198192.222
1474,2,2,Urban,2015,102471.2584
1400,5,1,Suburb,1962,123059.9322
2462,5,3,Urban,1958,245378.9611
2901,5,2,Rural,1972,205234.2208
1604,5,3,Suburb,1974,195112.0898
1931,5,2,Suburb,1996,135974.8232
1996,2,2,Urban,2008,212850.6105
1921,5,3,Urban,2001,246193.2648
1820,5,2,Suburb,1990,237568.6002
1656,3,2,Rural,1966,196555.6737
1597,4,3,Urban,1989,213593.7664
2532,4,3,Rural,1977,354171.2362
2176,4,3,Urban,1990,312963.4217
1513,4,3,Urban,1955,167835.5931
2526,2,2,Suburb,1971,230618.4346
2877,4,1,Suburb,1950,408519.7946
2924,3,3,Rural,1976,308517.9487
2795,2,3,Suburb,1964,276691.1311
2699,5,2,Rural,1993,356124.4146
2029,3,1,Rural,1980,249924.538
1499,3,1,Suburb,2018,227467.9845
2684,5,3,Rural,2009,315918.738
1716,5,3,Suburb,1993,271380.0497
2141,3,1,Rural,1990,207820.6731
2508,2,1,Rural,2005,228678.8452
1600,5,3,Urban,2012,140317.1183
1665,4,1,Suburb,1978,291209.7218
2974,3,2,Suburb,1963,268269.0982
2702,3,1,Suburb,1956,262497.9631
1467,5,1,Suburb,1952,193066.0604
1160,5,1,Urban,2002,175749.9708
1269,4,1,Urban,1974,223401.7635
2079,4,2,Urban,1981,195824.538
1227,4,2,Urban,2004,39458.05445
1848,4,1,Suburb,1965,233654.1566
1148,3,1,Rural,1968,249265.1891
2069,5,1,Suburb,2021,243866.7425
2167,2,2,Suburb,1991,221442.5856
2773,5,3,Urban,1951,398376.5344
2807,5,1,Urban,1955,328324.1626
1631,4,3,Suburb,1975,146510.5001
2363,4,2,Suburb,2017,181759.9646
1412,3,1,Rural,1991,42879.68401
2755,4,2,Urban,1999,256200.9647
1519,3,1,Rural,1983,189675.5096
2367,5,3,Suburb,2012,282549.5014
1386,5,3,Urban,1953,89448.54767
2496,5,1,Suburb,1982,291519.0179
1274,3,1,Urban,2007,131185.2389
1352,3,3,Rural,2003,285281.3913
2089,3,2,Rural,1974,202126.6509
2102,4,1,Urban,1975,130299.9414
1597,2,2,Rural,1982,248002.75
2659,4,1,Rural,2020,321025.6124
2225,2,1,Suburb,2015,307018.7498
2685,4,1,Urban,2015,274183.9486
1557,5,3,Suburb,1977,298457.2598
1112,3,3,Rural,1972,153613.7505
2114,4,1,Suburb,1953,200278.3289
1140,3,2,Rural,1992,159183.4309
2312,4,1,Rural,1958,205125.1398
2924,5,2,Suburb,1982,291717.1461
1729,3,1,Suburb,1962,120897.0613
1588,5,2,Urban,2020,169375.0117
1410,2,2,Urban,1956,201471.1252
1376,3,1,Suburb,1999,137367.6873
2407,4,1,Rural,1989,291674.1759
2869,3,1,Rural,2002,335237.6548
2175,2,3,Urban,1987,257452.8604
2858,2,2,Suburb,1984,271599.0361
1750,4,1,Urban,1994,156438.1398
1626,5,3,Urban,1953,186857.7164
2342,3,1,Suburb,2008,327826.537
2392,5,3,Rural,1999,335742.801
2629,5,3,Urban,2013,334906.35
1994,4,2,Suburb,1969,178165.9787
2583,3,1,Suburb,1957,272925.608
1702,2,3,Suburb,1988,255345.0973
1461,4,1,Rural,2016,170286.2473
1011,5,2,Suburb,2021,180949.1902
2179,2,3,Urban,1963,191963.7458
2707,5,1,Urban,1970,248317.7979
1476,3,2,Suburb,1986,121002.3382
1938,5,2,Rural,2016,142005.7004
1400,2,3,Rural,1975,116322.2651
1807,3,2,Suburb,1981,195996.6223
1176,4,3,Rural,1952,146246.974
2364,5,2,Suburb,2005,226644.1333
1056,3,1,Rural,1973,104232.656
2878,3,1,Rural,2009,223700.3526
2875,4,2,Suburb,1965,367439.6425
1447,4,1,Urban,1974,152392.4269
1202,2,2,Urban,2013,133821.8743
2720,3,2,Urban,1988,208463.52
2656,3,2,Urban,1997,324571.5783
1737,2,2,Urban,2017,204419.5172
1201,5,3,Urban,1997,142823.136
2353,3,1,Suburb,1954,210403.1052
1362,3,1,Rural,2010,176568.5783
1891,5,1,Urban,2001,168368.6224
1453,4,3,Urban,2004,233016.7334
1355,4,2,Rural,1953,230947.5032
1215,4,3,Suburb,2014,102033.8122
1971,2,1,Suburb,2016,230574.1396
1554,5,2,Suburb,1989,139814.952
1886,4,2,Rural,1960,126051.5189
1022,2,2,Suburb,2019,87126.34921
1154,5,1,Urban,1969,130956.5747
2209,4,1,Urban,1969,187109.9293
1248,3,3,Suburb,1989,161965.4829
1748,3,1,Rural,1983,208943.4795
1804,4,2,Suburb,1956,284506.9127
1133,4,2,Rural,1996,169962.9016
1320,2,1,Urban,1997,208632.3313
1389,3,2,Urban,1978,150580.7276
1433,5,2,Suburb,1996,199023.5922
2045,4,3,Rural,1951,253074.5905
1872,5,2,Urban,1953,177639.7148
2623,4,2,Rural,2004,297268.2869
2688,3,1,Urban,1970,321935.8511
2148,4,1,Suburb,2016,244427.8671
2102,5,2,Suburb,1990,246915.8798
1857,3,3,Urban,1999,169030.306
2991,4,3,Urban,1975,429034.9446
1050,3,2,Rural,1970,92286.82602
2751,2,2,Urban,1969,274619.0569
1175,5,2,Suburb,2001,218463.7026
1869,4,2,Urban,1996,290268.6856
1252,4,3,Suburb,2020,142172.5979
1965,4,3,Rural,1972,222154.6198
2269,5,3,Urban,1966,315505.3517
1738,2,3,Suburb,1980,246200.2646
2129,5,2,Suburb,2021,262209.3163
2216,4,3,Suburb,1990,283739.1549
2339,5,3,Rural,1957,280410.839
1301,4,3,Suburb,1972,43951.56409
1547,5,1,Rural,1977,225944.5935
2977,3,2,Rural,2020,252955.424
1715,5,3,Urban,2000,154947.5569
2957,4,2,Rural,2002,309477.2636
1778,4,2,Urban,1990,177635.0773
1267,5,2,Urban,1976,128811.8653
2193,5,1,Urban,1996,352399.711
2009,3,1,Suburb,1964,274825.4729
1550,2,3,Urban,1953,195217.5092
2478,2,2,Suburb,1985,314843.6101
2674,3,1,Urban,1955,373222.4379
2315,2,2,Urban,1971,203020.837
2587,2,3,Suburb,2017,256361.3173
2822,4,2,Urban,2009,331255.305
2824,4,1,Urban,1975,309729.6786
2164,4,2,Suburb,1960,222719.586
2169,5,3,Suburb,1999,302107.8817
2448,5,3,Suburb,1957,267010.5347
1313,2,1,Urban,2017,81409.42491
1183,5,2,Rural,1994,219336.879
2687,4,1,Suburb,2020,369158.9561
1712,5,1,Urban,1994,301091.2235
1127,2,1,Rural,2014,224069.5488
2310,4,1,Rural,1965,240791.292
2846,2,1,Urban,1995,281343.673
2276,5,1,Rural,1952,162094.3556
2801,3,2,Suburb,2009,253554.8466
1699,3,1,Urban,1992,208064.5885
1385,4,1,Urban,1982,86130.65828
2253,2,2,Suburb,2020,270572.5844
1270,3,3,Rural,1964,173085.4963
2794,3,2,Urban,2021,264305.4415
1810,4,2,Urban,1974,238025.8868
1414,4,3,Suburb,1950,203099.803
1197,2,2,Urban,2013,83456.29132
2346,3,3,Urban,1965,236904.4315
2079,2,1,Urban,2005,235621.4701
1830,2,2,Suburb,1961,151018.5713
2226,4,3,Urban,1957,108651.5705
2806,2,1,Suburb,2021,304310.6567
2644,5,3,Urban,2015,257289.3546
1627,2,3,Rural,1990,100328.1492
1603,3,3,Rural,2009,131676.0542
2161,2,2,Urban,1969,158223.4381
2445,5,1,Urban,2007,256263.675
2838,5,3,Suburb,2001,399254.7138
2080,3,1,Rural,1999,276594.853
2585,3,3,Rural,1977,297656.2569
2009,2,3,Urban,2015,198205.2261
1070,5,2,Urban,2016,152212.3268
1910,5,1,Suburb,1986,256627.0466
2937,2,3,Suburb,2013,370630.526
1593,3,3,Suburb,1978,145118.637
2395,5,1,Urban,2005,169669.3838
2640,2,3,Urban,1956,380250.5442
1599,3,2,Suburb,1993,245178.0972
1513,2,2,Rural,2008,167450.7294
2895,3,2,Urban,1991,285803.1668
1083,3,3,Urban,1967,104754.6461
1993,5,2,Urban,1994,199639.2958
2066,4,3,Suburb,2007,153972.112
2689,5,2,Urban,1975,286286.0357
1838,2,1,Urban,1962,189782.1514
2957,3,2,Rural,1985,259532.9707
1605,5,1,Suburb,2015,189656.8951
1809,3,2,Suburb,1982,253078.5228
1132,5,3,Suburb,1977,118774.9356
2418,2,1,Suburb,1995,311280.6485
2088,2,1,Urban,1972,240738.0236
1289,2,3,Suburb,1972,161975.8798
1375,5,1,Urban,1993,119156.7433
1768,4,1,Urban,1988,273778.3395
1466,2,3,Suburb,2002,182805.7396
2921,5,1,Suburb,1972,343869.2982
2236,4,1,Urban,2002,297169.1864
2171,5,3,Rural,2021,204269.4398
2596,5,1,Rural,1972,329187.9697
1470,2,3,Suburb,1998,144082.579
1148,4,1,Urban,1990,116748.5774
1087,5,3,Urban,2000,148126.0201
2347,5,2,Suburb,1977,240966.1906
2918,5,1,Rural,1964,288801.144
1395,5,1,Rural,1970,133861.1829
1789,2,2,Rural,1955,186121.2447
2427,5,2,Suburb,1957,207012.3701
2105,4,3,Suburb,1982,202262.0972
2664,3,1,Rural,1970,305801.0772
2309,4,1,Suburb,2017,203911.7674
2405,5,3,Urban,1958,296390.5279
1864,5,2,Rural,1977,300807.8469
2815,4,1,Suburb,1987,387643.5144
2293,3,2,Urban,1974,167220.422
2315,2,3,Urban,1970,263918.4314
2476,3,1,Rural,1969,214204.7716
2738,3,3,Urban,1965,241608.8947
1023,3,3,Urban,1951,130206.8293
1955,4,1,Suburb,1996,271303.3036
2886,3,2,Urban,1985,359285.5762
1310,2,2,Rural,1986,66750.8735
2484,5,3,Rural,1960,296823.2585
2231,4,3,Suburb,1956,236835.3086
2815,4,2,Suburb,1990,227230.7002
2740,3,3,Suburb,1956,331763.9349
1663,5,3,Rural,2002,125754.0268
1437,5,1,Suburb,2012,170090.6268
2561,5,3,Rural,2009,332073.2301
1705,4,3,Rural,1990,204777.792
2359,2,1,Suburb,1982,240630.3415
1421,5,2,Urban,1957,199749.8696
2773,4,1,Suburb,2021,319877.9987
1320,3,2,Rural,1950,198122.5489
2520,5,1,Urban,2010,292442.0071
1586,3,3,Suburb,1981,227062.9352
1946,5,2,Urban,1952,269225.019
2186,3,1,Rural,2018,283612.9779
2834,4,1,Suburb,1993,206891.2342
2564,3,2,Suburb,1963,248151.6366
2188,4,2,Urban,1999,292504.9517
1848,3,2,Suburb,1973,233172.6222
2721,3,2,Urban,2002,303888.5106
2589,3,1,Urban,1973,307948.9807
2318,5,2,Rural,1958,304687.2588
1041,2,2,Suburb,1993,115332.5509
2947,2,2,Urban,1989,236638.5707
2308,5,3,Urban,1964,371475.3906
1938,3,2,Urban,1979,204419.2718
1386,3,3,Urban,1991,173767.8318
2161,5,2,Rural,1962,143993.0781
2210,4,2,Suburb,2009,281001.2367
1909,4,1,Suburb,1970,171447.8293
1715,5,1,Rural,1950,180778.3064
1430,2,1,Suburb,2007,148548.6477
1553,4,1,Rural,1965,245657.8272
2885,5,2,Suburb,1978,411350.4513
2439,4,3,Urban,1984,291953.8559
1799,5,2,Rural,2006,241604.9737
1425,4,2,Suburb,1976,184039.5447
2439,4,2,Urban,2009,248537.1477
1025,5,1,Rural,2007,47698.94002
2394,2,2,Urban,1956,327226.2508
1384,2,2,Rural,1997,173292.9045
1055,4,3,Rural,1989,149045.5607
2276,4,1,Rural,1959,311094.3099
1633,2,3,Urban,1971,130997.431
1105,5,3,Suburb,1982,102800.6284
2153,3,2,Suburb,2012,242065.7182
1848,4,3,Rural,1970,246327.563
1669,3,3,Rural,1987,217092.4127
1375,4,2,Suburb,1998,208116.2979
1742,2,1,Suburb,1981,248780.0672
1966,5,2,Suburb,2019,197251.3806
1307,4,1,Rural,1982,288641.4063
1090,3,3,Suburb,1979,100330.2864
2416,2,1,Suburb,1976,273676.9209
2557,4,2,Urban,1975,282837.607
1801,5,1,Rural,2005,199745.0093
1109,4,2,Suburb,2012,238161.8362
2584,5,2,Urban,2008,363747.8518
2664,5,2,Urban,1977,311468.3867
1584,2,1,Rural,1953,180683.8601
1339,4,3,Suburb,1970,54670.27971
2588,5,3,Suburb,1961,260877.3796
1978,2,3,Rural,1950,206144.6224
1355,4,1,Urban,2002,138334.1369
2915,5,1,Rural,2005,332606.7892
1167,2,1,Urban,1961,119054.7216
1556,4,1,Suburb,2019,193183.9737
2475,5,2,Rural,2003,283030.2107
1904,2,2,Rural,1977,240024.551
1104,2,3,Suburb,2005,144640.1642
1149,4,1,Urban,1991,228804.5845
1145,2,3,Urban,2010,132817.6167
1715,4,2,Rural,1973,257992.9128
1873,4,1,Urban,2021,151684.8646
1298,5,3,Urban,1975,131589.5561
2190,4,1,Suburb,1996,176773.9669
2736,2,3,Urban,1971,389038.354
1645,4,1,Suburb,1997,190785.7259
1722,5,3,Urban,1989,125140.6339
2071,2,1,Suburb,1961,169730.2555
1637,5,3,Rural,2013,217662.3222
1238,3,2,Rural,1958,120812.4044
2030,5,3,Rural,1986,203386.8198
1463,3,3,Urban,1967,107758.6044
1452,3,2,Rural,1989,227438.2082
1783,4,2,Rural,1984,276371.335
1896,2,3,Suburb,1969,264561.0945
1370,4,1,Suburb,2010,232492.9829
2572,2,2,Rural,1961,288513.4218
1486,5,1,Rural,2010,161407.1502
2234,3,2,Urban,2008,145478.8198
1164,3,3,Urban,1993,101071.8405
2148,3,3,Urban,1986,237746.6657
2360,5,2,Urban,1988,295393.9571
1191,5,3,Suburb,2004,138785.9095
1729,4,1,Urban,1979,194682.3281
1213,4,3,Rural,2016,92456.16513
1573,2,3,Suburb,2021,251256.7496
2351,2,3,Suburb,2002,254237.415
1956,3,2,Urban,1991,198572.2983
1380,5,2,Urban,1977,103013.0686
1672,5,3,Suburb,2004,278002.7642
2601,4,2,Rural,2014,185899.8005
1797,4,1,Rural,1964,216324.5017
1238,2,1,Rural,1961,106306.6897
2555,2,1,Urban,2010,268340.3717
1699,4,1,Rural,1968,188693.9037
2105,4,3,Rural,1994,264452.4064
2386,5,2,Suburb,1987,270778.6276
1504,2,1,Urban,2016,182987.1471
1201,4,3,Rural,2016,131230.3421
1919,4,1,Rural,1994,201132.4458
2527,3,2,Urban,1961,319222.8171
2667,4,2,Rural,2021,306876.071
1036,4,2,Suburb,1999,175947.5962
1643,5,1,Rural,1963,153229.4176
2612,4,1,Rural,1972,278709.0781
2624,2,1,Rural,1983,240659.9283
2996,3,3,Suburb,1992,318203.4608
2425,5,3,Suburb,1984,229811.0243
1764,2,2,Rural,2002,156660.2216
2879,3,2,Rural,1963,347795.1218
1705,3,1,Rural,2016,140016.0977
2199,4,2,Suburb,2015,256429.4975
1544,3,2,Suburb,2004,237758.9866
2593,3,3,Urban,1991,240070.4774
2490,4,2,Rural,1975,318653.207
2224,5,1,Rural,2021,210984.416
1539,4,3,Suburb,1976,170456.9731
2570,5,1,Urban,1987,337206.6864
2016,3,1,Rural,1968,165496.1776
2660,2,3,Rural,2007,416057.0803
1393,5,1,Urban,1955,164826.7276
1832,5,2,Urban,1993,326532.1391
2065,5,2,Suburb,1950,322178.0009
1596,5,3,Suburb,1979,210346.5186
1392,3,2,Rural,2000,91991.86508
1699,2,1,Urban,2012,220084.4794
2646,5,3,Urban,1978,248340.1101
2806,2,3,Suburb,1965,300303.1951
1440,3,1,Rural,1995,161067.9942
2860,5,1,Urban,1973,311154.339
2640,2,1,Rural,1992,270170.2026
2529,5,3,Suburb,1985,258277.8079
1917,5,3,Rural,1964,188864.4622
1319,3,1,Suburb,1995,123094.9878
1552,5,3,Rural,1987,242639.9229
2238,2,1,Urban,1970,171491.0562
2094,2,2,Rural,1950,191963.0687
1567,3,3,Urban,1974,282504.7959
1918,4,3,Urban,2000,212627.989
1235,4,3,Urban,1967,188736.2293
2304,3,1,Suburb,1953,209071.6578
1986,3,3,Urban,1994,161139.6667
2640,4,1,Rural,1972,307914.5051
2925,4,3,Suburb,1974,303008.7782
2910,2,3,Urban,1979,366055.4251
2185,2,3,Urban,1995,210345.4134
2214,2,3,Suburb,1977,240294.6131
2032,4,2,Suburb,1987,302893.9345
1059,3,2,Urban,1983,167546.9101
1892,5,2,Suburb,2007,217904.4164
2840,2,1,Urban,1993,314158.916
1224,5,2,Urban,1985,197930.9317
2842,3,1,Urban,1982,295708.4239
1699,4,2,Suburb,2016,113129.5042
1581,2,1,Rural,2006,87735.21152
2828,4,3,Rural,1958,312908.177
2310,3,3,Suburb,1951,243211.8172
1993,2,2,Suburb,1963,265121.7728
1168,3,1,Rural,1995,202090.6034
2085,3,3,Suburb,1973,262933.3475
2372,2,3,Rural,1990,289640.135
2465,5,2,Urban,1978,358307.3171
1013,2,1,Suburb,1997,19339.94333
1163,4,3,Urban,1975,73356.05325
2443,5,1,Rural,1972,217212.3465
1756,2,1,Suburb,1979,123803.4916
2870,2,1,Urban,2009,294995.7297
2543,2,1,Urban,2010,281846.6409
2689,2,1,Suburb,2005,294927.5031
2571,2,2,Urban,1954,300173.2201
2583,4,2,Suburb,1955,299021.939
2620,3,3,Urban,2014,281661.0722
2051,4,1,Urban,1969,203466.912
2731,3,1,Urban,1976,222229.2504
1445,2,3,Rural,1982,159195.1861
2231,4,1,Suburb,2014,273911.3161
2493,3,3,Urban,1963,331267.9371
1715,3,2,Suburb,1952,151617.5355
1975,2,1,Urban,1964,326988.9363
1818,2,1,Rural,1978,238878.9053
1103,5,1,Rural,2003,172498.6314
1741,5,1,Rural,1997,213100.1789
1425,3,1,Rural,2014,24728.81822
2124,5,2,Suburb,1967,262664.5376
2564,4,1,Rural,1959,267047.9885
1638,3,1,Rural,2012,245276.0254
1849,4,3,Rural,1952,211858.7414
2545,5,2,Rural,1959,345358.2088
2129,4,1,Rural,2021,201764.3846
2702,3,1,Suburb,1992,271062.7883
1768,4,2,Rural,2005,184818.9885
2830,3,3,Rural,1988,331703.6504
1276,5,2,Rural,2010,205568.0863
2088,3,2,Suburb,1990,223524.6295
2806,5,3,Suburb,1962,357993.9816
1899,2,2,Rural,2006,219323.9798
1187,5,3,Rural,1953,79493.25271
2340,3,3,Urban,1983,304864.3369
2939,3,1,Suburb,1967,244811.1575
2161,2,1,Suburb,1971,130584.4804
2366,2,2,Urban,1990,225640.6129
1104,5,1,Urban,1971,83643.47528
1545,4,3,Rural,1990,203070.6906
1379,4,3,Rural,1959,194521.8237
1109,2,2,Urban,2011,163940.0392
2967,5,2,Suburb,1972,319813.5163
1544,2,1,Suburb,1952,135898.164
1353,2,2,Rural,2020,120750.0146
1742,3,2,Suburb,2021,190730.3272
1316,3,2,Suburb,2010,165193.495
2289,3,3,Urban,1993,306909.8995
2717,2,1,Rural,2014,206313.6187
2875,5,3,Suburb,2009,360896.8085
2088,4,3,Suburb,1974,250865.292
1332,4,2,Rural,1975,263121.8327
2536,3,3,Suburb,1984,288704.6395
2156,5,1,Rural,1977,320687.2791
1591,3,1,Urban,1961,181647.0677
1782,5,1,Rural,1992,222715.2398
2776,5,3,Urban,1974,324603.9102
1539,5,3,Suburb,1978,189988.2649
1734,2,3,Urban,2003,205583.3855
2558,5,1,Suburb,2001,334738.3272
2519,2,1,Urban,1950,328639.1979
1620,4,1,Rural,1989,205155.0612
1618,4,3,Suburb,2000,233789.9613
2680,2,1,Suburb,1974,257217.2455
2392,4,1,Urban,1966,319584.6156
2889,4,2,Rural,1956,317672.8349
1908,3,3,Rural,2007,269284.2676
2933,2,3,Urban,2019,358779.648
2674,2,1,Urban,2021,238096.5008
2819,2,2,Rural,1978,288741.1724
2833,3,2,Urban,1993,317750.4648
1991,2,1,Rural,2001,135832.7929
1098,4,2,Suburb,1980,61616.95113
1316,5,1,Suburb,1995,176767.5884
1122,3,3,Rural,2001,101623.8954
2343,3,2,Urban,1995,217374.4575
1798,2,2,Urban,1978,251527.0789
2616,5,2,Urban,2021,394068.8744
2518,5,1,Suburb,2018,288508.1993
1456,5,3,Suburb,2009,231471.9803
1521,4,2,Rural,1952,244184.7767
1519,5,3,Rural,2018,104767.3113
1916,2,3,Urban,2021,231348.9869
1716,4,2,Suburb,2001,265199.0221
1314,5,3,Rural,1986,219531.5834
2969,2,1,Urban,1967,332040.1622
1708,4,1,Rural,2020,169921.5574
1709,4,1,Suburb,1996,249100.5526
2565,5,3,Suburb,2021,295564.3663
2502,4,1,Suburb,1978,280641.4987
2936,3,2,Suburb,1967,225677.5148
2994,2,3,Rural,2018,359280.5721
2043,5,1,Urban,2010,197918.0492
1559,2,1,Suburb,2010,169072.8964
1968,2,1,Urban,1954,206907.4821
2153,3,1,Suburb,1990,274511.4152
2316,4,2,Rural,1974,201734.5863
2920,3,1,Suburb,2014,290199.2073
2155,3,2,Rural,1990,223214.904
1355,4,3,Suburb,2000,103165.1921
2077,5,2,Suburb,1998,307707.8226
1889,2,1,Rural,1996,204352.1419
1792,5,1,Urban,1954,132012.5295
2410,5,3,Urban,1973,165296.0417
1264,3,2,Suburb,2019,168344.886
1981,4,1,Suburb,2009,210715.8464
2238,4,2,Urban,1979,278697.9394
2483,2,1,Rural,1961,280810.0686
2481,4,3,Suburb,1964,243008.5072
1801,5,2,Rural,1963,141273.0152
1042,4,1,Urban,1957,184957.2819
2609,4,3,Suburb,1997,291368.9603
1861,5,1,Urban,1962,134686.84
2301,2,1,Urban,1977,336544.8288
2861,2,3,Rural,1998,310353.4281
2777,5,2,Rural,1975,236607.9446
2153,4,2,Rural,2005,194691.3539
1349,4,3,Rural,1990,189688.1345
2729,2,3,Suburb,1989,223653.3124
2567,2,3,Suburb,1972,229938.9075
2129,2,3,Suburb,2010,202895.6372
1911,3,2,Rural,1964,211660.0575
2739,2,3,Urban,1950,318306.0885
1000,4,3,Suburb,1998,128903.3443
2780,2,2,Rural,2015,207845.4342
1583,4,1,Suburb,1999,234040.3691
1431,4,1,Suburb,1963,173510.0902
2329,4,2,Suburb,1975,188548.5898
2932,2,2,Rural,1952,361152.3063
2550,2,2,Suburb,1967,277649.5166
1052,5,2,Urban,1980,178154.2116
1939,2,3,Suburb,1983,200903.3253
1519,2,3,Rural,1991,112585.4594
2353,2,2,Rural,2018,211385.3193
2581,3,1,Suburb,2012,284464.2192
2348,2,1,Suburb,1981,223967.098
2137,3,2,Urban,1976,205332.1625
1146,4,2,Urban,1952,26839.47028
2189,4,1,Urban,1950,180890.1009
2402,4,1,Rural,2017,226926.8368
2162,4,3,Suburb,2007,272500.2835
1628,3,1,Suburb,2004,202324.6065
1298,3,1,Suburb,2017,166517.5192
2299,4,1,Rural,1969,292298.1556
2939,2,1,Urban,1961,335034.1981
1788,4,3,Rural,2013,148045.7349
1849,4,3,Rural,1983,201819.1125
2848,3,3,Suburb,1989,309762.1837
1177,4,1,Rural,1995,180576.2314
1841,3,3,Urban,1979,156924.804
2377,5,2,Suburb,1996,241531.7138
2177,3,3,Suburb,1995,263725.7067
2949,4,1,Suburb,1971,309883.1621
2224,2,1,Urban,1956,320669.3016
1877,3,2,Rural,1985,159332.029
2138,3,3,Suburb,1958,284558.328
2694,3,2,Rural,1992,284827.3414
2577,4,1,Suburb,1953,258747.5381
1758,4,3,Urban,1987,246256.3638
2091,3,3,Rural,1977,347176.8022
2468,2,3,Rural,2018,133850.2136
1444,4,2,Rural,1951,139854.3287
2349,2,1,Urban,1960,175863.6791
2869,5,3,Urban,1979,330247.8655
1707,2,2,Urban,1993,165627.1726
1601,4,2,Urban,1964,220190.059
2646,3,3,Suburb,1989,207266.2694
2903,5,2,Rural,2003,262574.654
2382,2,1,Urban,1950,227537.3965
1144,3,3,Suburb,2001,84993.68586
1274,5,2,Rural,1977,48262.35488
1508,2,2,Suburb,2021,155896.8828
2202,3,3,Urban,1971,268526.9034
1752,5,2,Suburb,2009,195707.3127
2861,4,1,Rural,1974,388333.3343
2854,2,2,Urban,1958,299674.2016
1476,2,1,Urban,1957,188572.2152
2866,5,3,Suburb,1992,324176.178
2999,2,3,Rural,2002,335823.0521
2437,3,2,Urban,1971,285884.9101
2176,2,1,Suburb,2006,278185.7244
2127,2,2,Rural,1951,204676.4583
2098,3,1,Urban,2019,221941.6473
2151,3,3,Urban,1960,236871.9684
2734,4,3,Suburb,2004,295447.7559
1665,3,3,Suburb,1968,149301.7492
1567,2,3,Rural,2000,10201.05963
2813,5,1,Suburb,1991,243383.9523
2368,2,1,Urban,1973,285910.7066
1530,4,2,Urban,1959,200521.0962
1158,5,2,Rural,1994,154733.1718
2561,4,2,Rural,1967,302355.4204
2449,2,2,Rural,1974,275142.8924
1680,3,2,Suburb,1989,287685.9308
1022,5,2,Urban,2012,135966.323
2070,2,3,Suburb,2012,284718.7253
1524,5,1,Urban,2012,221463.7105
1728,4,2,Rural,2013,176451.2475
2857,2,1,Urban,1958,254551.8774
2729,5,3,Urban,1984,292985.9239
1143,2,1,Rural,1977,122009.8221
2608,2,3,Rural,1962,258246.2011
1667,4,1,Urban,1970,186546.8476
2612,4,3,Suburb,2005,248269.4594
2442,4,3,Rural,1958,255449.0005
1680,3,3,Rural,1995,194498.5761
1972,5,3,Suburb,1970,224461.5552
1798,4,2,Suburb,1990,217665.1765
1084,3,2,Suburb,2019,106271.2242
1415,3,3,Suburb,2012,138146.73
1693,5,1,Rural,1978,203181.5339
1481,5,1,Suburb,2014,216426.3605
1455,4,2,Suburb,1958,168796.4281
1826,3,1,Suburb,2016,212134.3428
1296,5,3,Urban,1958,178065.0108
2135,5,3,Rural,1973,243161.7167
2985,5,1,Rural,1975,359444.7652
2253,5,2,Suburb,1965,258931.9212
2119,3,2,Rural,2020,298330.3958
1949,2,1,Suburb,1966,177049.9861
1679,5,2,Rural,1983,207128.5321
1377,3,1,Suburb,1968,143906.0721
2179,5,1,Rural,1957,227125.3647
1420,3,2,Urban,1998,132343.6878
1104,4,1,Urban,1972,169801.2358
2728,2,2,Suburb,1965,304173.9001
1329,3,3,Suburb,2007,236569.5023
1438,3,3,Rural,1963,167216.0341
2155,3,2,Urban,2010,277290.6865
2890,5,1,Suburb,2004,288835.4024
1381,4,3,Rural,1993,161074.9175
1137,5,1,Urban,2000,88715.35513
1942,4,3,Urban,1974,238273.0712
1842,2,2,Rural,1974,241749.1011
1269,5,1,Rural,2009,228129.13
2573,3,2,Rural,1974,271836.5419
1395,2,1,Suburb,2012,158575.8023
2580,5,3,Urban,2021,344143.9018
1912,4,2,Suburb,2001,290511.6048
1463,5,3,Rural,1955,159321.1249
2698,5,1,Suburb,1987,350344.306
1449,3,1,Rural,1963,184068.8851
2354,3,2,Suburb,1955,272105.8916
2276,2,3,Suburb,1986,327281.127
2704,3,2,Rural,1956,201744.0186
2986,5,3,Suburb,1961,297495.3401
2308,5,3,Rural,1958,243741.5806
2297,4,1,Urban,1996,282929.795
1019,5,1,Urban,1954,83467.35272
1238,2,2,Urban,1975,172001.4615
2293,2,1,Urban,1996,212556.727
1417,3,1,Urban,1989,191483.2474
2968,4,2,Suburb,2010,318452.7968
2333,5,2,Urban,2021,357865.7723
2054,3,2,Urban,1950,174773.9412
2849,5,3,Suburb,1991,352909.2025
2127,2,3,Urban,1981,250119.5309
2705,2,3,Urban,2019,277995.3576
1185,4,2,Suburb,2007,165943.2311
2151,5,1,Suburb,1981,214761.3946
2233,5,3,Rural,1995,263573.5393
2437,2,1,Rural,2018,227919.2971
2304,4,3,Rural,1970,268888.7588
2982,3,1,Suburb,1963,333809.6279
1252,4,3,Rural,1990,147730.9039
1018,3,1,Suburb,2006,150482.175
1711,3,3,Urban,1997,181865.2382
2755,2,3,Rural,1999,307898.6081
2159,3,3,Urban,1973,183750.9061
1222,5,2,Suburb,2020,131330.0229
1002,2,3,Suburb,2008,112927.2267
2986,4,1,Suburb,2014,395300.1028
2259,4,1,Urban,1977,261763.6181
1853,3,3,Urban,1970,215593.5651
2488,5,1,Urban,1986,324659.4692
1227,4,3,Rural,1965,108724.3431
1912,3,1,Suburb,2019,233613.5608
2677,4,3,Urban,1970,321464.76
1498,5,3,Rural,2003,155073.5563
1520,3,1,Urban,1951,199277.3576
1701,5,3,Suburb,1965,135953.393
2885,3,1,Rural,1964,330856.9695
1916,5,3,Rural,1965,312717.194
2995,4,1,Rural,2017,361852.3425
2700,4,2,Rural,2007,298827.1692
2162,5,3,Rural,1976,221934.7999
2299,4,3,Rural,1973,346145.3819
1290,4,3,Suburb,2019,43651.09439
2076,3,2,Suburb,1983,202044.7883
2710,5,3,Rural,1987,296809.2162
2133,3,2,Suburb,1992,204550.8655
1714,4,2,Suburb,1970,177141.2467
1947,4,2,Urban,1979,280882.5732
1647,2,1,Urban,1990,159115.1557
2027,5,1,Urban,1955,255573.3553
2690,5,3,Rural,2011,298499.346
1683,3,2,Urban,1986,163279.6845
2959,5,3,Suburb,1964,398664.2908
1869,3,1,Urban,1967,186690.8224
2070,4,3,Rural,1959,296487.497
1093,2,2,Rural,2016,173919.0996
1939,4,2,Suburb,2011,173323.126
1559,3,2,Suburb,2017,173495.5847
2775,3,2,Urban,1960,410873.8302
2882,2,3,Urban,2013,283615.3227
1212,4,2,Urban,1950,181758.2974
1435,5,1,Rural,2021,207203.5442
1851,2,2,Urban,1984,178465.6886
1507,5,1,Urban,1964,215583.774
1835,4,3,Suburb,1958,142277.8745
1650,2,3,Rural,1993,228377.852
1204,4,3,Rural,1989,155636.1467
1380,4,3,Suburb,1963,66701.35611
2096,5,1,Rural,2005,221436.1543
2539,5,1,Suburb,1955,208490.0503
2099,5,2,Suburb,1968,196572.1576
2864,4,2,Suburb,2020,293127.4603
1076,3,3,Urban,1965,166968.1683
1815,4,3,Urban,2009,156188.4907
1767,3,1,Rural,1978,173601.6497
1409,2,1,Suburb,1998,93683.64284
2637,5,3,Urban,2015,257433.4853
1105,5,3,Rural,1950,217482.8124
2868,4,1,Rural,1951,323168.0333
1550,3,1,Suburb,1995,103902.4887
2499,2,1,Suburb,1987,320829.8688
1825,4,3,Rural,1976,266093.0544
2298,2,1,Rural,1989,228511.3268
1087,3,1,Rural,1953,168140.7038
2746,5,2,Urban,1965,390247.0698
1880,5,1,Urban,2013,221812.2396
2100,3,2,Rural,1989,186371.427
2100,5,2,Rural,1981,281122.7781
2465,4,3,Rural,1980,242613.4439
1539,3,3,Urban,1992,146215.8917
1244,5,3,Suburb,1973,114621.1236
1577,3,3,Suburb,1952,214224.9839
2801,2,1,Rural,2016,344499.8494
2405,4,1,Urban,2015,249813.6606
1981,4,1,Urban,1976,284173.6621
1716,4,2,Rural,1960,177544.643
2593,5,3,Rural,1986,287368.0287
2736,2,1,Rural,1960,239707.858
2760,5,1,Urban,1984,280295.9462
1141,5,3,Suburb,1999,199864.8356
1892,3,2,Urban,1980,185576.4692
2391,4,2,Urban,1982,226069.0939
2107,5,3,Urban,1963,199329.7423
2166,4,3,Suburb,1985,153862.8081
1351,2,1,Suburb,2015,99303.7378
1544,2,2,Suburb,1952,97829.036
1912,4,3,Rural,1992,185809.9001
1151,4,2,Suburb,2005,128989.9095
2181,2,2,Rural,1977,219715.8471
2469,2,1,Rural,1983,269974.7467
1652,5,1,Suburb,1981,214040.8869
1957,2,3,Rural,2009,162723.3593
1762,5,2,Urban,1965,273964.6548
2326,2,1,Rural,2012,279667.7151
1623,5,1,Urban,2013,233027.6926
1655,3,2,Rural,1977,185158.6531
1449,3,2,Rural,1981,205138.6297
1720,5,2,Suburb,2016,297191.5319
2247,4,2,Urban,1982,302106.0183
1042,3,1,Urban,2005,157709.2132
1263,2,1,Suburb,2002,29182.15395
2779,4,3,Urban,1984,340920.1759
2026,2,2,Urban,1975,235699.1021
2660,3,3,Urban,1987,265499.7139
2291,2,1,Urban,1976,212499.0858
1595,5,2,Suburb,2011,228714.4527
2039,4,3,Suburb,1975,309289.2547
2357,3,3,Rural,2011,253069.3066
2487,4,3,Suburb,1956,253699.6064
2082,5,1,Rural,2000,190351.925
2012,3,1,Urban,1966,143813.7218
1176,2,3,Suburb,1959,131377.5451
1062,4,1,Rural,1959,164852.355
1957,3,1,Rural,2019,239097.0212
2002,3,3,Urban,1985,177459.8378
1560,5,3,Rural,1986,215836.0271
2330,3,2,Urban,1974,245616.7841
2269,3,3,Suburb,1974,180341.9071
2312,5,2,Urban,1950,168911.0014
2821,2,2,Suburb,2004,307734.2982
1954,2,3,Suburb,2003,296189.5973
2355,3,1,Rural,2000,160372.8434
2550,2,2,Urban,1996,290889.5639
1849,5,2,Urban,1984,212949.3763
2278,2,2,Rural,1986,234660.2623
1603,3,1,Urban,1960,207910.8315
2533,5,1,Urban,1950,244840.9317
2814,2,2,Rural,2004,335173.7908
2741,4,1,Suburb,2007,340423.4955
1605,4,2,Urban,2006,236291.9126
2760,5,2,Suburb,1978,342122.0364
2836,2,1,Rural,1958,256845.3831
1829,3,3,Rural,1971,192704.9103
2486,4,2,Suburb,1965,226958.765
2222,2,2,Urban,2001,219258.7334
2294,2,2,Suburb,1994,224748.698
1745,3,2,Urban,2015,233453.2868
1557,3,2,Suburb,1969,174171.0459
1063,2,1,Rural,2018,34047.26445
2253,3,1,Urban,1969,261402.7002
1941,5,2,Urban,1965,212535.6439
2975,4,1,Urban,1987,366002.5109
1248,4,3,Rural,1985,179053.4806
2269,2,3,Rural,1990,215392.6443
1939,2,1,Urban,1982,220499.8439
2610,3,1,Rural,1994,356406.6527
1156,4,2,Suburb,2010,52071.08903
1734,3,2,Suburb,1956,225317.9923
2725,2,3,Rural,2007,249552.3364
1984,2,1,Rural,1953,148763.3778
2587,2,1,Urban,2006,268603.9479
2973,2,3,Rural,2013,307958.2492
2111,2,3,Urban,1962,232669.2732
2336,2,1,Suburb,2002,244178.445
2874,5,3,Urban,1970,274763.6737
2089,5,1,Rural,2003,276426.4321
1661,3,3,Suburb,2000,167754.6707
2043,5,3,Urban,2004,335699.1118
1032,3,3,Rural,1988,156233.7227
2863,3,2,Rural,1974,353956.9165
2816,5,2,Rural,2009,322003.3867
1557,4,2,Suburb,1983,276039.6579
1072,3,3,Rural,1995,169688.1313
2889,2,2,Suburb,1972,370626.4395
1824,3,3,Rural,1978,240705.3769
2366,3,2,Rural,1974,267198.139
2156,4,1,Suburb,1974,233644.7695
2078,2,3,Suburb,1962,241134.9083
1060,4,2,Suburb,2019,125895.3962
2880,4,2,Urban,1956,363580.1631
2543,4,3,Rural,1969,297354.166
1271,3,3,Suburb,1955,190897.733
1245,2,3,Urban,1956,173377.7951
2199,2,3,Urban,2016,224999.1851
1627,4,3,Suburb,2010,157792.2335
2340,5,3,Rural,1991,315304.7591
2806,2,3,Suburb,1954,334713.2895
1704,2,1,Suburb,2000,160696.5735
1661,4,2,Rural,1984,91060.71542
2154,3,1,Urban,2006,268225.2776
2125,4,3,Urban,2007,305890.9258
1309,5,1,Rural,2008,113736.7044
2805,5,3,Rural,2021,336154.8966
2315,4,2,Rural,1998,318424.224
2745,5,2,Urban,1987,273544.1732
1494,3,2,Rural,1970,74913.26019
2384,3,1,Suburb,1985,321757.0584
1337,3,2,Suburb,1969,76607.45933
1578,5,3,Rural,1994,200247.2538
1009,3,2,Suburb,1995,149530.2586
1048,4,1,Rural,1963,114743.9363
2510,3,2,Urban,1968,381814.6334
1622,5,2,Urban,2019,200975.5172
2344,2,1,Suburb,2000,273567.0768
1730,5,1,Urban,1952,184340.0063
2592,4,1,Rural,1952,300404.1225
1794,4,3,Suburb,2000,229989.7768
1970,5,2,Rural,2003,216314.5089
2648,3,3,Rural,1983,243233.1917
1132,3,3,Rural,2007,69367.00777
2606,2,1,Urban,1952,239731.716
1082,3,3,Rural,1970,216166.5218
1056,4,2,Urban,1952,48038.62073
1375,3,1,Rural,1986,236707.4489
1348,5,3,Rural,1966,261168.738
1270,5,2,Urban,1971,158387.168
2506,2,2,Suburb,1959,342984.0155
1110,4,2,Suburb,1993,135493.297
1868,5,3,Urban,2000,203594.7721
1886,4,1,Suburb,1957,177610.1981
1075,3,1,Urban,1991,109492.5345
2181,2,2,Rural,1963,261043.7574
2555,2,1,Rural,1966,266205.1864
2956,3,1,Urban,1966,292615.1676
2666,5,1,Suburb,1993,236142.3321
1328,4,1,Suburb,1962,82598.26798
1121,4,3,Suburb,1955,77090.75416
1040,4,1,Rural,1975,90449.58705
2190,5,1,Suburb,1979,420235.7013
1921,3,3,Rural,1999,272600.0782
1641,4,1,Rural,1972,255759.0885
2046,5,1,Rural,2018,236096.3177
1278,4,1,Rural,1960,98042.48622
1762,5,2,Rural,1966,124773.0095
1468,3,3,Urban,1969,196255.2174
2423,4,1,Rural,1979,258917.4879
1008,3,3,Rural,1980,117031.5616
1012,2,3,Rural,2020,81315.6747
1923,5,1,Urban,2017,208056.89
1922,2,3,Suburb,2021,124796.9934
2842,3,2,Urban,1961,267702.7133
2855,3,3,Urban,1965,295246.2031
2075,3,1,Rural,2009,279690.4739
2232,4,1,Suburb,1958,222050.9867
2573,4,2,Rural,1999,347406.8073
2635,3,1,Urban,1958,279198.5879
2728,3,2,Suburb,2001,236379.3285
2425,4,3,Urban,1995,257233.4017
2214,4,3,Urban,2014,288328.5664
2074,5,3,Urban,1984,273464.2346
2416,3,1,Suburb,1973,217735.4937
1652,4,1,Rural,1976,270807.2299
2703,4,2,Rural,1986,328515.5665
2846,2,3,Suburb,1976,376425.6223
1620,3,2,Suburb,2013,198198.6846
2742,3,2,Suburb,1983,362356.0276
2962,4,1,Urban,2021,304047.1896
2323,2,3,Rural,1970,290798.8596
2645,5,2,Urban,2013,262199.9659
1195,3,3,Suburb,1984,218399.6609
1416,5,1,Urban,1966,59355.42563
1663,3,3,Urban,2021,275117.437
2443,4,2,Suburb,1980,184376.3445
2778,5,2,Suburb,1993,204047.0079
2663,3,3,Suburb,1961,231286.481
2640,5,3,Rural,1973,305371.161
2545,4,3,Suburb,1961,300579.8923
2379,2,2,Rural,1971,282629.7489
1147,2,2,Suburb,2017,96565.03576
2000,5,2,Urban,2005,228197.1264
2388,5,3,Suburb,1964,254222.4719
1363,5,2,Urban,1979,165583.3889
2994,3,3,Urban,1982,343226.245
2675,4,2,Rural,1997,286978.4792
2725,5,2,Urban,2021,315296.9088
1401,2,3,Suburb,1988,91552.03298
1605,3,1,Urban,1990,231323.4108
2515,5,2,Urban,1995,316173.8806
1228,3,1,Urban,1965,154870.9514
2598,5,2,Suburb,2006,250169.3967
2875,5,2,Suburb,2000,281639.0652
1536,3,2,Urban,1956,166018.0647
1267,4,3,Urban,1996,213942.9879
2428,4,2,Rural,1986,219578.8555
2816,2,1,Urban,1996,231155.8519
2034,4,2,Urban,1977,188871.8797
2343,4,2,Rural,1993,298023.2099
2736,3,2,Urban,1991,311762.8046
1125,3,3,Suburb,1996,170782.7406
1305,2,3,Urban,1993,114242.9427
2725,5,1,Urban,1953,302396.1035
2534,3,3,Suburb,1966,319038.8735
2112,3,2,Suburb,1959,195879.2371
2378,3,3,Rural,1979,344737.8397
1627,4,3,Rural,2000,231121.5977
2375,3,2,Rural,2019,243224.9634
1688,2,2,Urban,1969,262549.9835
2037,2,3,Urban,1972,202207.7506
2280,3,2,Rural,2008,184566.2738
2232,5,3,Suburb,2017,257951.5457
1280,3,3,Rural,1960,127659.5635
1442,2,2,Suburb,2015,166158.2524
2863,5,1,Rural,1969,371120.7878
1836,4,3,Rural,1982,208867.0432
1388,3,1,Urban,1951,131252.2115
1616,2,1,Suburb,1988,176044.3081
2506,4,3,Rural,1962,325242.918
1146,2,3,Rural,1962,85362.24479
2302,4,2,Suburb,1954,166982.1368
1520,2,2,Urban,1983,138853.7686
1629,2,1,Suburb,1987,151420.3677
2629,4,1,Rural,2001,280739.6155
1433,3,3,Suburb,2009,144481.6506
1143,2,3,Suburb,1952,105370.072
1288,5,2,Suburb,1972,108251.1283
2409,3,3,Rural,1990,219231.718
1013,5,3,Suburb,1998,194777.793
1256,2,1,Urban,2004,116321.0188
2369,4,3,Rural,2007,182258.6912
2721,3,1,Rural,1989,256714.8984
2368,4,1,Urban,1967,312541.3194
2423,4,2,Urban,2005,245169.1639
2230,5,2,Rural,1984,250093.7928
1857,5,1,Rural,1959,224944.662
1942,3,3,Urban,1956,211318.2841
2195,3,3,Rural,1989,197976.526
1463,3,3,Urban,2005,154210.5857
1269,5,1,Rural,1950,132791.8674
2244,5,2,Rural,1966,254005.2805
2175,4,3,Rural,1971,357024.8419
1622,4,1,Suburb,1972,152869.1014
2206,4,2,Rural,1993,328394.9608
2422,3,3,Suburb,2016,212870.5598
2874,2,1,Urban,1970,268874.859
1071,5,1,Rural,2004,83260.17915
2441,3,2,Rural,1999,225303.0885
2921,5,2,Suburb,1967,385411.4271
2306,2,3,Urban,1976,250751.9314
1073,5,2,Urban,1984,55127.50282
1354,5,1,Suburb,1982,120384.5006
2750,5,3,Urban,1974,193954.0869
1496,4,1,Suburb,2004,164089.2435
2351,2,1,Rural,2009,241990.1158
1987,3,1,Suburb,1969,199264.9081
2558,3,1,Suburb,1970,334651.1756
1579,3,3,Urban,1987,133556.6847
1909,2,1,Rural,2005,215549.5787
2470,5,2,Rural,2016,237288.8566
1372,3,1,Suburb,2003,208954.0265
1361,2,1,Urban,1983,69102.48885
1092,4,3,Suburb,1959,107601.3621
2344,2,3,Rural,1999,351226.4844
1323,4,3,Rural,1966,133120.7294
1383,2,2,Urban,2009,84138.09363
1574,4,1,Rural,2018,192507.3311
1735,3,1,Rural,2018,262305.7602
1736,2,2,Suburb,1983,209854.6055
2904,4,2,Suburb,1996,329478.2893
1345,5,3,Rural,1982,115293.884
2872,3,2,Urban,1964,336010.7916
2126,3,2,Urban,2007,204134.4003
2238,4,3,Rural,1951,212981.2433
2215,4,2,Urban,2005,166775.7853
2695,2,3,Rural,1985,264422.342
2907,4,1,Rural,1955,243208.2028
1718,4,3,Suburb,1976,163716.3047
1780,5,2,Suburb,1978,195954.3526
2019,3,2,Urban,2012,283288.5611
2217,4,3,Urban,1990,165952.5264
2403,4,2,Rural,1991,265794.8663
2426,5,1,Suburb,2019,291629.0536
1663,4,3,Suburb,2012,156060.4709
2772,5,3,Suburb,2011,275443.4488
1599,3,2,Rural,1983,251865.7998
1010,3,2,Suburb,1974,66955.73425
1186,5,2,Suburb,1987,233662.188
1725,5,3,Urban,1995,232060.6923
2038,3,3,Suburb,1962,313918.2263
1777,3,2,Urban,1962,234372.1338
2320,5,3,Urban,1988,167085.6204
1410,2,1,Urban,2007,185948.1145
1955,3,2,Rural,2016,163105.39
1584,3,3,Urban,2003,187689.0956
2075,5,1,Suburb,2002,279857.0463
2663,5,2,Suburb,2000,305634.5119
2051,5,3,Urban,1978,237891.8492
1576,2,2,Rural,2020,190331.357
2040,5,2,Suburb,2011,346953.3192
2374,2,2,Suburb,1954,309742.8814
2451,5,3,Urban,2000,169911.9373
2673,5,1,Urban,2010,365109.8767
2854,2,1,Rural,1987,297520.3302
2252,4,2,Urban,1959,261941.5401
2789,3,3,Urban,2014,317052.0758
1988,5,3,Suburb,1957,283458.1416
2233,4,3,Urban,2007,174644.4345
2454,2,1,Suburb,1979,244890.2132
2317,5,3,Urban,1967,296761.0129
1742,2,2,Rural,2019,227730.5424
2776,2,3,Suburb,1961,397223.2658
2605,2,1,Rural,2015,285643.4414
2127,4,1,Suburb,2019,234957.5952
1203,2,1,Suburb,2005,73243.54899
2076,3,1,Rural,1993,191537.4504
1973,5,3,Urban,1953,191796.3705
1939,5,3,Urban,2003,235819.9616
2398,3,1,Suburb,1964,219785.4303
2865,5,3,Rural,1986,278587.6944
2077,3,2,Urban,1982,217499.15
2299,4,1,Urban,1979,230759.158
2358,2,1,Urban,2008,116289.3728
2054,4,3,Rural,1967,214487.4598
2158,3,2,Urban,1989,226852.9862
2081,2,1,Urban,1963,195182.8348
1104,4,2,Suburb,1992,100901.1299
2289,2,1,Suburb,1986,331362.9279
2545,2,3,Rural,1977,237314.2295
2519,4,1,Suburb,1966,254349.785
1252,5,3,Urban,1967,224620.7784
1294,3,2,Suburb,1975,120711.8194
1667,4,3,Suburb,1989,180623.102
2181,4,3,Urban,2016,118702.9161
1548,5,1,Urban,2011,153821.5131
1630,3,1,Rural,1994,202308.2559
2090,4,2,Rural,1964,315705.2919
2777,2,2,Urban,2018,262132.8672
1298,3,2,Suburb,1998,107496.0213
2486,5,3,Rural,1989,281862.919
2748,4,3,Suburb,2007,298050.2168
2843,2,1,Suburb,1995,291604.0897
1100,3,2,Urban,1994,164098.1287
2079,4,1,Rural,1992,303830.1815
1331,3,1,Rural,1975,172254.6002
1835,2,3,Urban,1975,237073.489
2774,2,1,Rural,1993,338083.5219
1392,3,3,Urban,2012,237927.5938
2766,2,1,Urban,1953,315245.6799
1873,2,2,Urban,1955,168182.3378
1380,3,2,Suburb,1968,208549.1717
1091,3,1,Urban,1997,229857.585
2814,5,1,Urban,1954,284055.4356
1446,4,2,Urban,2004,190648.4965
1108,5,2,Urban,1978,172213.721
1316,5,3,Urban,1968,185982.8118
2191,5,2,Urban,2021,280399.7233
2835,5,3,Rural,1956,272278.0246
2943,4,2,Rural,1962,366033.4839
2458,3,1,Suburb,2007,329481.2991
1441,2,1,Urban,1991,123301.0448
1217,2,2,Rural,1968,89085.24044
2245,3,1,Urban,1954,240486.2093
1672,3,3,Urban,1954,209045.0524
2551,3,3,Rural,1962,278046.4214
1277,2,3,Rural,1989,149316.0328
2008,5,2,Rural,2007,217358.4922
1568,5,3,Suburb,2001,209791.9176
2597,5,1,Rural,1987,195334.9512
2009,4,3,Urban,2012,192015.1513
1874,5,2,Suburb,1987,204559.5858
1465,4,3,Rural,2010,202014.026
1838,2,1,Suburb,1961,250497.1473
1753,4,1,Rural,1991,263074.8464
2625,3,2,Urban,1999,236663.3307
2607,3,3,Rural,1950,206996.7286
1837,2,1,Rural,2013,129065.5797
1029,5,2,Suburb,1953,72120.35081
1358,2,2,Rural,1950,81660.89882
2942,3,2,Rural,1991,267820.7805
2311,5,2,Rural,1973,247365.9901
1085,3,2,Suburb,1970,220648.551
2257,2,2,Rural,1986,163835.1761
1746,5,1,Rural,1967,204847.9292
1312,2,3,Suburb,1993,109664.2227
1364,3,2,Urban,1952,97079.378
2800,5,3,Suburb,1978,396217.9594
2822,3,2,Urban,1951,277888.9924
2862,5,1,Urban,1998,309316.8075
1904,4,1,Urban,2019,253564.1787
2292,4,3,Urban,1990,237718.7484
1697,3,2,Urban,2005,115061.8698
1130,2,3,Rural,1995,198435.5345
1802,4,2,Suburb,1972,168601.9531
1788,4,2,Suburb,1997,226290.985
2855,5,2,Rural,1988,295146.128
1350,5,2,Suburb,1992,163272.8738
1179,5,2,Suburb,1991,167826.7196
2825,3,2,Suburb,1981,324058.9068
2503,2,1,Suburb,1969,279334.8455
2912,2,1,Suburb,2011,275843.7517
2186,5,2,Suburb,1957,190077.3939
2806,3,3,Suburb,1956,233453.2199
2911,5,3,Urban,2011,332403.9124
2119,2,1,Suburb,2012,233735.9026
1773,3,3,Suburb,1975,185404.3807
1509,5,2,Rural,1967,176777.2796
1364,5,2,Urban,2006,148453.2882
1980,2,2,Suburb,1990,305052.3492
1352,3,2,Rural,2004,101258.3152
1799,2,2,Rural,1999,135083.6625
2459,3,3,Rural,1973,277698.3063
2106,3,3,Rural,1957,226241.0232
2248,5,2,Suburb,1958,211233.8596
1411,2,2,Rural,1958,112543.7778
1734,3,3,Rural,1968,190780.0666
1980,4,3,Suburb,2003,210770.3218
1117,5,2,Rural,2011,68657.30157
1481,2,3,Rural,1965,177321.1303
1191,3,2,Urban,2014,151392.0766
1590,5,1,Suburb,1996,268968.9464
1589,2,2,Rural,1999,190372.3057
1658,2,3,Suburb,1977,214445.1062
1106,5,1,Urban,1977,168731.0105
1381,3,3,Urban,1961,216740.6466
1782,5,3,Urban,1975,160437.7258
1389,4,3,Suburb,2009,164579.7508
1243,5,1,Rural,1958,140449.883
1584,2,2,Suburb,2017,200020.7087
1868,4,1,Suburb,1953,184913.8871
1467,4,1,Suburb,1997,257831.79
1865,3,1,Urban,1995,228890.531
1933,5,1,Suburb,1985,258994.0967
2561,3,1,Rural,1991,236042.374
2233,5,2,Rural,1965,246664.6323
1603,2,2,Urban,1963,155377.1204
2660,3,3,Suburb,1996,275647.9918
2014,2,3,Rural,1953,269291.3741
2970,2,3,Urban,1985,329756.9704
2096,4,3,Suburb,1988,173030.5689
2658,3,2,Urban,2013,195851.7555
2332,5,3,Rural,2009,340477.4311
2719,3,2,Urban,1991,221463.2515
2722,2,3,Urban,1991,263114.7827
2733,4,1,Urban,1957,365248.7206
2613,3,2,Rural,1990,254071.128
1859,4,2,Suburb,1976,189262.136
2209,4,3,Urban,1994,239673.712
2879,2,3,Rural,1973,297895.0762
2276,3,1,Urban,1971,218667.8787
1012,3,1,Urban,1973,94092.49346
1298,3,2,Rural,1960,207792.4615
2099,4,3,Urban,2002,255533.9607
2074,5,2,Suburb,1977,191132.2538
1786,3,3,Rural,1960,300180.2103
1148,2,2,Suburb,2001,203391.3987
2754,4,2,Urban,1982,333011.8149
1121,5,3,Rural,1956,146142.7654
2234,3,3,Suburb,1959,227044.3576
2303,5,1,Suburb,1994,303800.8084
1537,4,3,Urban,1997,305358.4874
2708,5,2,Urban,1952,416407.1384
2179,4,3,Urban,1954,208726.0391
2261,5,3,Rural,1950,325094.3857
1375,5,1,Urban,1985,129806.0484
1081,4,3,Urban,1961,210319.3203
1491,5,1,Rural,1980,164559.9632
1355,2,1,Rural,1990,170113.9574
1924,3,2,Suburb,1988,170117.1507
2296,5,2,Rural,1954,180606.9425
2603,5,2,Urban,2014,310568.5003
2067,5,3,Suburb,1970,234703.2765
2004,3,3,Urban,1957,146784.6789
2596,4,2,Suburb,1969,315009.8611
1122,3,3,Rural,1984,97421.50934
2372,5,1,Suburb,1999,159292.9914
1707,4,2,Urban,1994,158143.1939
1329,5,3,Rural,1994,254961.9412
2432,4,3,Rural,1996,308969.7508
1990,5,1,Urban,1977,253868.1952
1322,5,2,Urban,1976,204105.0588
2134,4,2,Urban,2003,204679.9639
1769,2,3,Urban,1986,114119.8518
2112,3,2,Urban,1984,209839.3495
1432,4,1,Rural,1968,186459.4267
1709,3,2,Rural,2012,196725.8584
1793,2,1,Suburb,2002,177260.6499
1711,2,3,Suburb,1990,204230.8044
2122,4,1,Urban,2011,274100.4157
1538,2,3,Suburb,1953,143350.764
1600,2,3,Suburb,2016,204717.6785
2169,5,1,Urban,1994,318342.9589
2717,5,1,Suburb,1977,368473.5786
1256,2,1,Rural,2017,95430.26407
2212,5,3,Rural,1999,311596.7671
2263,2,2,Rural,1988,213893.1212
1870,5,3,Urban,1952,241371.9123
1898,2,1,Rural,1983,266526.9552
2526,2,3,Rural,1974,153124.5076
2731,3,1,Suburb,1994,220731.5125
1808,2,1,Suburb,2016,164138.9956
1676,3,2,Rural,1966,154906.1534
2842,4,3,Urban,1967,255768.907
1270,2,1,Suburb,2003,136607.194
2543,2,3,Urban,1972,247253.5199
1549,3,2,Suburb,1966,186995.5414
2137,2,1,Suburb,1999,197924.8311
2362,5,1,Urban,2008,363568.2793
1567,3,3,Suburb,1964,164810.8795
2966,3,3,Rural,1992,344024.6655
1985,5,3,Rural,2002,309636.5019
1358,2,2,Rural,2006,95886.67382
2673,4,2,Rural,1968,280867.0462
2637,4,1,Rural,1974,225742.4798
2357,4,3,Urban,2004,196184.1952
2712,3,2,Rural,2010,209460.0606
2192,3,3,Suburb,2004,183334.2416
2362,5,3,Rural,2015,342410.4075
1797,2,2,Urban,1998,144968.5548
2284,5,3,Suburb,1967,280724.8285
1886,3,1,Suburb,2001,255753.3799
2758,4,1,Urban,1983,284566.269
2222,2,3,Suburb,1970,316390.5315
1210,4,2,Urban,1992,136599.4353
1286,2,3,Urban,1968,165641.6405
2715,4,1,Suburb,1959,304967.3734
2785,2,3,Urban,1983,211361.4416
1742,4,2,Urban,2001,247409.6541
2495,5,2,Rural,2013,318264.5358
2505,3,2,Suburb,1957,204729.6625
2046,5,2,Rural,1982,203760.562
2583,4,1,Urban,1965,347825.7134
2132,2,3,Suburb,2013,209018.6225
1295,5,1,Suburb,1976,241415.2665
1005,4,2,Suburb,1988,207118.9434
1549,3,3,Suburb,1982,139585.3821
1680,2,3,Suburb,1953,184543.3515
2891,5,2,Rural,1960,247025.2712
1794,3,3,Rural,1971,167854.0803
1202,4,2,Rural,1988,57515.82538
1324,2,3,Urban,1951,78664.42466
1824,4,2,Suburb,1960,198993.9174
2808,2,1,Suburb,2005,305324.3792
1243,3,3,Rural,2018,148124.5362
1326,3,1,Urban,2000,92001.37393
1986,3,1,Rural,2016,289659.7614
2070,5,1,Suburb,2005,250784.1018
1760,5,1,Urban,2021,177096.0255
2614,5,1,Rural,1995,263221.9504
2645,4,3,Rural,2020,308576.007
2036,5,3,Urban,1977,352634.1584
1906,2,3,Urban,1987,263213.1344
2403,3,1,Urban,1973,256394.4286
1364,4,2,Suburb,1973,166093.6991
2625,4,2,Rural,1988,356523.5864
2365,5,3,Urban,1952,326832.8859
2883,2,1,Suburb,1975,320460.0477
2815,3,3,Urban,1964,248259.3249
2244,4,1,Suburb,2017,252281.7421
1072,3,2,Suburb,2018,179111.3608
2769,2,2,Urban,1967,323944.2433
2795,3,1,Urban,2017,298446.7204
2648,5,2,Suburb,1952,287673.3204
2069,3,1,Suburb,1966,267392.5739
2527,4,3,Urban,2003,277761.0795
1273,5,1,Suburb,1953,92326.70317
2578,5,1,Rural,2005,227043.3336
1207,5,2,Suburb,1978,90995.29765
2952,5,1,Rural,1999,297244.642
2884,4,2,Suburb,2012,409026.4148
2638,2,1,Rural,1961,274432.4431
1123,2,2,Rural,1995,168466.595
2033,5,1,Suburb,1965,207861.657
2352,2,1,Rural,1979,188531.8035
2210,4,1,Suburb,1994,297025.8742
1542,2,1,Urban,1992,87352.17147
2691,2,3,Suburb,1970,258988.5794
1059,4,3,Suburb,1974,73543.28521
2784,2,2,Urban,2019,234035.9119
1898,5,3,Rural,1994,287744.7751
1885,5,3,Suburb,2006,196620.2684
2974,4,2,Suburb,1978,344914.6268
1781,5,3,Rural,1956,238780.4394
1441,5,2,Urban,1978,191231.8825
2240,5,3,Rural,2008,236627.2308
1910,5,2,Urban,1958,122981.05
2025,5,2,Rural,1999,161087.7013
2559,2,3,Rural,1970,249119.0087
2741,4,2,Urban,1970,316659.2563
1831,3,1,Urban,1995,122944.052
2007,4,3,Rural,1966,106193.7553
2734,4,1,Rural,1968,349344.9468
2379,4,3,Urban,1978,273568.0512
1625,2,3,Suburb,2002,184888.0736
2815,4,2,Rural,1997,319833.9666
2690,4,2,Rural,1956,289707.0121
2188,2,2,Suburb,1983,290234.4789
1997,5,3,Urban,1978,202229.1526
1733,3,2,Rural,1990,174667.4139
1090,5,1,Urban,1958,195892.797
1166,4,1,Suburb,1998,58483.33236
1958,5,3,Urban,1999,257202.1446
1206,2,3,Urban,1954,225477.5796
2305,3,2,Suburb,1986,242072.124
2088,5,1,Rural,1982,172713.1406
2911,4,2,Urban,1964,253709.5301
1515,3,2,Rural,1971,201792.8012
2180,4,2,Suburb,2014,208156.6119
2784,5,2,Suburb,2001,367009.2269
2792,5,1,Rural,1998,277686.6593
1746,4,2,Suburb,1983,188755.9159
1305,3,1,Rural,1986,91358.6757
2901,3,1,Urban,2017,343811.5243
1394,3,3,Suburb,1966,164990.0221
2097,5,2,Rural,2001,291645.1263
1186,5,3,Suburb,2016,74123.53973
2597,4,3,Suburb,2009,240105.2499
2360,4,3,Rural,2006,259933.2211
2699,2,1,Rural,1999,274253.3795
2591,2,2,Rural,2004,323900.4208
1622,2,3,Rural,1950,158002.6865
1729,4,1,Suburb,2002,205741.5503
1239,3,3,Rural,2018,135254.3308
1532,2,1,Rural,1995,183673.4159
1140,4,1,Rural,2006,104926.2746
2288,5,1,Urban,2003,252362.2195
1138,3,1,Suburb,1960,207335.2695
1458,2,2,Urban,1973,206388.8892
1069,5,1,Rural,1958,188364.6506
1384,3,3,Suburb,1959,106268.9475
1629,3,2,Rural,1972,227444.3863
1197,5,3,Urban,2011,236157.7924
1204,2,2,Suburb,2016,86154.33481
2749,2,3,Rural,1951,283370.7926
1567,5,3,Suburb,1975,160718.1993
2822,5,1,Urban,2002,319140.0962
1981,5,3,Suburb,2018,245491.9399
1804,4,2,Urban,2004,196471.7528
2710,3,3,Urban,1989,294821.719
1858,2,1,Urban,2003,196088.9615
1881,2,1,Suburb,1993,311259.9438
1973,5,2,Suburb,2020,205528.7988
1639,3,3,Suburb,1964,331404.6289
2454,5,1,Suburb,1967,297597.4443
2913,3,2,Rural,2020,318195.1752
1324,5,2,Rural,2016,248220.2157
1441,5,1,Rural,1967,208890.0851
1803,3,2,Suburb,1978,229163.5143
1287,2,3,Urban,1988,98938.3904
1225,2,3,Urban,2003,119075.8441
2087,4,3,Rural,2006,192912.0902
1966,3,2,Rural,1962,140454.6745
1937,2,2,Suburb,2018,214951.4276
1559,2,3,Suburb,1972,235056.0082
1713,3,3,Rural,1955,187368.0715
1497,2,1,Suburb,1974,151909.9308
1848,3,3,Rural,1963,182693.2466
1925,2,2,Rural,1964,125087.7801
2940,5,1,Suburb,2013,319948.0293
1059,3,2,Suburb,1970,114905.2868
2420,3,2,Rural,1964,335569.3881
1256,2,3,Rural,1967,66588.35202
1576,3,1,Urban,2002,81125.83032
1238,4,2,Rural,2008,111060.4056
2824,4,2,Suburb,1978,314575.1948
1037,3,3,Suburb,2003,224816.9853
1024,4,2,Suburb,2011,114136.2009
1409,2,2,Urban,2002,103014.2749
1460,2,3,Urban,2006,170841.6812
2594,3,3,Suburb,1985,316947.9486
1987,2,3,Rural,1955,163448.1307
2440,2,2,Rural,2006,220756.9943
1356,4,1,Rural,1999,206400.5283
1382,2,2,Rural,2017,121523.5018
2832,2,1,Suburb,1950,232314.7111
2181,4,2,Urban,1965,262607.2282
1568,5,2,Rural,1954,170610.3472
2456,3,1,Suburb,1965,247593.9938
2071,3,2,Suburb,1955,259189.4334
2351,5,2,Rural,1978,297759.0388
1432,4,2,Rural,2016,124310.2894
2454,4,2,Rural,1991,210013.2659
1055,2,2,Urban,1969,143279.6442
1576,2,1,Rural,2002,186323.4807
1267,3,2,Rural,1954,107346.5518
1068,3,1,Suburb,1990,81362.93165
2751,4,2,Urban,2003,362263.0142
1901,2,3,Suburb,1952,182882.6654
2624,4,2,Suburb,1974,263763.6647
2472,5,3,Suburb,1966,343234.2856
1792,3,1,Rural,1984,152917.4824
1256,3,2,Rural,1974,97764.12458
1671,4,3,Rural,2015,226556.4246
1489,2,3,Rural,1977,254861.5894
1745,2,3,Rural,2001,275968.0214
2666,5,2,Suburb,2017,296477.588
1048,5,2,Urban,2017,197296.2803
2682,5,3,Urban,1968,257513.6125
1315,4,1,Urban,1961,111813.514
1412,3,3,Rural,1976,172995.4385
1433,4,1,Suburb,1965,178449.9522
2025,4,2,Urban,1983,248724.9044
2864,2,2,Urban,1968,295872.0059
2975,5,2,Urban,1959,345050.1148
2168,3,1,Rural,1967,212082.3929
2979,5,2,Rural,2005,297028.9376
2389,5,3,Urban,1957,282471.3412
1419,5,3,Rural,2002,177213.2978
2596,3,3,Rural,1997,264683.9701
2808,2,2,Urban,2021,330773.4776
2584,3,3,Rural,1985,358176.511
1843,3,1,Suburb,2006,242798.0828
2467,2,1,Suburb,1996,278395.9469
1915,3,1,Urban,2017,164375.6679
1433,3,1,Rural,1975,149822.1276
1642,4,3,Urban,1963,242193.3945
2578,3,1,Rural,1957,262576.0529
1056,4,3,Suburb,1996,132634.1495
2585,4,2,Rural,1982,304288.5883
1963,4,3,Suburb,1958,285962.6757
1976,5,3,Rural,1973,203629.7486
2201,2,3,Suburb,1981,286662.621
2316,5,3,Urban,1987,294801.9704
1045,2,2,Rural,1997,91099.39005
2193,3,3,Urban,1955,128094.731
2294,4,1,Rural,1967,177715.6427
1416,5,3,Urban,2012,186743.6749
1847,3,2,Suburb,2011,230518.1921
1138,5,1,Urban,2021,237975.7023
1246,3,1,Suburb,1987,168536.7459
2171,5,2,Urban,1974,230075.5976
1229,3,3,Urban,1960,39715.84147
1791,3,3,Suburb,1978,235201.7198
1636,5,3,Suburb,1976,162429.2429
2727,3,2,Rural,1954,321056.1642
1373,4,2,Rural,2012,95500.39857
2103,4,1,Rural,1958,267497.9149
2629,4,3,Urban,1972,382114.7976
1737,4,3,Rural,1962,237418.4451
2088,2,2,Suburb,1989,211897.095
1087,5,2,Rural,1993,135683.9343
2111,4,1,Rural,1958,308276.1211
1712,4,3,Suburb,2011,225403.2513
2749,4,1,Suburb,2008,332181.7097
2227,2,1,Rural,1951,184554.8537
2936,5,2,Suburb,2014,248499.1871
2405,3,3,Suburb,2021,289659.9938
1600,2,1,Rural,1981,109348.0747
2499,4,3,Rural,1970,208221.4165
2596,4,2,Urban,2004,210638.2908
2806,2,1,Urban,1971,387436.6824
2629,5,3,Suburb,2015,260324.6356
2842,5,3,Urban,2007,288322.7237
1538,3,3,Suburb,1992,215646.9653
1213,2,2,Suburb,1959,116398.1862
1073,5,1,Rural,2014,67250.35684
1060,2,1,Urban,1994,236714.6833
1697,5,3,Suburb,1992,249659.9418
2566,5,1,Urban,1993,318492.931
2242,4,2,Urban,2004,215010.1416
1011,5,3,Suburb,1959,157783.1904
1813,5,3,Urban,1957,172005.1603
2438,2,2,Rural,1953,233278.0748
1031,5,3,Urban,1983,151853.7671
2183,5,1,Rural,2005,206696.6103
2000,2,1,Suburb,1975,278652.8685
1236,5,2,Urban,1978,187268.6702
2762,2,2,Suburb,2008,315420.8409
2204,2,1,Suburb,2021,167859.4946
2852,2,3,Suburb,2003,337276.6935
1557,2,2,Suburb,1968,146804.5466
2364,4,1,Rural,1957,279932.932
2481,4,1,Urban,1961,249560.1644
2103,4,2,Suburb,1962,189918.2907
1646,4,3,Rural,2015,243916.4439
2795,2,1,Urban,1968,251282.809
1986,2,3,Urban,1963,200602.3936
1819,2,1,Suburb,1973,93383.22488
2782,2,2,Urban,1983,365715.9373
1472,4,1,Suburb,1963,168779.3583
2694,5,3,Rural,1950,351258.321
2738,4,1,Urban,1966,295135.4002
1111,2,1,Suburb,2016,30622.5545
2315,2,2,Rural,1973,307120.6381
2973,5,3,Suburb,1966,338095.3438
2845,2,3,Urban,1987,264989.5787
2654,5,3,Rural,1960,402316.0021
1382,2,2,Suburb,1975,123823.4849
1016,5,3,Rural,1962,93916.21123
1492,3,1,Rural,1992,47952.4173
2354,3,3,Rural,2006,272852.4049
1925,3,1,Urban,1965,217984.8639
2762,3,1,Urban,2002,290082.1188
2896,2,1,Urban,1968,404806.6783
2509,2,2,Urban,1968,240954.0729
2429,2,2,Urban,1986,306721.9644
1116,3,2,Rural,2020,67061.21066
2578,5,2,Rural,1962,331879.9257
1879,5,1,Urban,1954,140592.5908
1114,3,1,Suburb,2003,129954.156
2818,2,3,Suburb,1984,312097.2914
2572,3,2,Urban,2013,220050.247
1813,4,3,Urban,1956,202411.6887
2648,5,2,Rural,1971,256765.1674
2570,3,2,Rural,1954,290892.1479
1643,3,3,Urban,1957,214222.5752
2359,3,2,Urban,1978,280073.2947
1335,3,3,Suburb,1990,119539.8351
1921,2,1,Suburb,1991,236571.958
2912,5,1,Rural,1973,286430.2059
2763,4,3,Suburb,1973,285373.6232
1146,2,3,Rural,1951,246344.4465
1121,3,1,Suburb,1989,118192.2157
1080,3,1,Urban,1969,48159.34943
1684,3,2,Suburb,2018,271015.6935
2689,3,2,Rural,2000,285312.2567
1661,5,1,Suburb,1969,122092.4966
1374,3,2,Rural,2016,29977.26876
2593,4,3,Rural,1968,238317.143
1062,2,3,Rural,2005,149139.0813
1503,5,1,Rural,1972,207761.0839
1667,3,3,Urban,1960,136450.4447
1448,4,2,Suburb,1985,229395.3389
2451,2,2,Suburb,2001,268058.7444
1867,2,1,Suburb,2010,183768.5981
2450,5,2,Urban,2008,232839.7238
2444,2,1,Suburb,1995,265719.7248
2345,3,2,Urban,1980,196082.9726
2936,3,2,Rural,2011,323195.839
1679,4,2,Rural,1950,168990.8501
2189,4,1,Urban,1983,349893.634
2620,2,1,Urban,2002,232469.6532
2980,5,2,Urban,1975,319054.9194
2672,3,2,Urban,2018,287691.4889
1460,2,2,Suburb,1994,236673.5211
1458,5,3,Suburb,2000,159451.5252
2212,2,3,Rural,1986,138974.1163
1463,5,2,Rural,1997,209268.9227
1911,4,3,Urban,1956,111332.4931
1378,3,2,Suburb,1959,231948.1089
2025,4,3,Urban,1961,266422.1863
2641,3,3,Urban,2016,228408.7427
1363,5,2,Rural,1959,173367.0449
1071,5,1,Suburb,2014,164906.8669
2450,2,3,Rural,1970,211045.7271
1637,5,1,Urban,1950,268423.1214
2193,5,3,Rural,1965,332000.3916
2228,2,1,Rural,1966,199570.1808
2848,2,1,Rural,1962,317254.0848
1336,3,2,Suburb,1970,183503.3413
2495,5,1,Rural,1974,177909.9065
1194,2,3,Urban,2006,91327.29456
2693,3,2,Suburb,1979,296362.8775
2011,3,2,Urban,1955,188189.0493
1652,4,2,Suburb,1966,228453.1125
2298,2,1,Suburb,1993,200941.0866
1006,4,1,Suburb,2018,94560.80073
1904,3,3,Rural,2005,229914.1318
1978,5,3,Suburb,1984,264867.8908
1565,2,3,Rural,1991,85068.04791
1615,2,3,Urban,2000,181101.1857
2877,3,3,Suburb,2013,368138.2466
2873,2,2,Suburb,1967,342827.0064
1572,3,1,Suburb,1972,189044.3363
1598,2,2,Suburb,1972,192332.6393
1769,2,1,Urban,1994,162108.9183
2201,5,2,Rural,1965,250453.1178
1241,3,1,Urban,1959,152225.7084
2226,4,3,Rural,2021,324651.3895
2566,5,2,Rural,1967,317423.7521
2824,3,3,Suburb,1997,329942.211
2485,2,2,Urban,1973,225902.2736
2103,3,2,Rural,1971,234533.66
2546,3,2,Rural,1989,244350.833
2440,5,3,Suburb,1959,260372.8353
1765,3,3,Urban,1974,231601.6063
1383,2,2,Suburb,2013,183788.3743
1390,4,2,Rural,1953,146818.8399
1895,4,2,Suburb,1967,204244.2638
2822,2,2,Urban,1967,279778.6731
1687,4,3,Suburb,1968,192947.4726
2149,5,1,Urban,1958,248421.4767
2517,3,1,Rural,1983,254566.1421
1046,3,2,Rural,1959,129077.1116
2741,4,2,Urban,1986,368957.0424
2499,4,1,Suburb,1961,244486.838
2972,4,1,Urban,1981,350990.2098
1618,5,2,Urban,1978,240229.5303
1463,3,2,Rural,2019,200610.5892
2810,3,1,Suburb,1950,257029.6598
2872,2,3,Urban,1968,346745.0874
1122,2,2,Urban,1959,151898.7381
2497,5,1,Suburb,1950,337227.8843
1133,3,3,Rural,2018,173686.9269
2642,3,1,Rural,1985,277392.755
2840,2,2,Suburb,2014,351655.3371
1840,2,1,Rural,2006,133935.0255
2585,3,2,Rural,1961,253493.9006
1848,5,3,Suburb,1963,234763.389
1606,4,3,Suburb,1983,105083.0155
2803,5,2,Rural,2002,326223.9958
1022,3,2,Rural,1954,104730.1813
1565,4,2,Urban,1958,161853.9259
2909,5,3,Rural,1979,270476.9703
1765,5,1,Urban,1990,213198.8064
1964,3,2,Suburb,1967,210746.776
1234,2,3,Urban,1993,117097.2
1995,5,3,Rural,1952,289180.625
2082,5,1,Urban,1963,285206.8542
2187,2,2,Rural,1960,226052.5798
2794,5,1,Rural,1986,343607.217
1825,5,2,Rural,1959,151789.398
1215,2,2,Suburb,1965,113021.4917
2206,3,2,Urban,1987,116694.8324
2592,3,1,Urban,1981,289223.0847
1656,3,3,Urban,1953,150361.5632
1934,4,3,Urban,1950,217113.927
2113,3,3,Rural,2001,293181.9724
2987,4,3,Urban,2000,290124.9626
1310,4,2,Urban,2021,217612.9426
1556,4,1,Suburb,1981,133631.7787
1971,2,2,Suburb,2004,223979.1005
1256,4,2,Urban,2001,149170.8256
1532,4,1,Suburb,2016,218368.9808
2556,2,2,Suburb,1997,269308.6672
1051,5,1,Suburb,2002,81424.23482
2361,5,2,Rural,1980,350311.6553
2194,4,3,Suburb,1986,343365.8257
2971,3,2,Suburb,2021,257439.8275
2090,5,2,Urban,1995,278711.4801
2648,3,2,Urban,1991,280545.2721
1299,2,2,Rural,2013,109529.2311
1671,5,2,Suburb,2009,133388.9139
1777,2,1,Urban,1997,237735.4765
1831,4,3,Rural,1982,252761.8303
1231,5,3,Urban,1997,193191.4445
1974,4,1,Urban,1951,257590.5349
2860,4,1,Suburb,1954,236828.8881
2091,2,2,Urban,1963,224993.0788
2529,5,2,Suburb,1984,256525.8932
1027,5,2,Suburb,1963,174891.4108
2972,5,1,Urban,1968,287796.8639
2651,4,2,Rural,1951,393534.6247
2074,5,1,Urban,2016,253891.108
2716,3,2,Rural,2020,361452.9071
2283,3,1,Urban,1961,182506.5902
1590,4,3,Suburb,2001,163625.7981
1784,2,1,Rural,1967,86069.99196
1619,3,2,Urban,1984,151726.9634
2986,2,1,Urban,2005,367997.8797
1585,5,2,Suburb,1981,205535.7719
2710,3,2,Urban,1982,372195.5048
2001,4,2,Suburb,1965,285184.7265
1183,4,2,Rural,1979,214817.837
2046,2,2,Urban,1995,191525.8102
2809,4,3,Urban,2021,235163.281
1128,2,3,Suburb,2014,89312.40219
1290,2,2,Suburb,1953,58611.08589
2855,3,1,Urban,1956,257797.8254
1500,3,1,Rural,2016,72519.98261
1185,4,3,Suburb,2003,125021.5424
1478,2,3,Rural,2020,206248.6477
2594,3,2,Rural,1973,402597.5606
1491,5,1,Rural,1983,182119.6152
1512,4,1,Suburb,2011,222307.8726
2666,4,2,Suburb,2021,388967.4867
2090,5,1,Rural,2006,285673.0833
2828,5,3,Suburb,1980,337036.7559
1466,5,2,Urban,1960,138936.2601
1284,3,1,Rural,1979,134596.4816
1600,5,1,Urban,1960,249855.8614
2440,4,3,Suburb,2001,287617.9813
2123,3,2,Urban,2011,208215.8213
1188,2,3,Rural,1977,68549.37354
1988,5,1,Urban,1964,225328.2252
1889,4,2,Suburb,1981,174662.661
2881,5,3,Urban,1966,380534.0836
1387,2,3,Rural,1996,93268.82208
1240,3,2,Urban,2007,225316.2527
2805,2,1,Suburb,2020,251750.2844
2754,3,2,Suburb,1974,323226.9768
1416,4,3,Urban,1962,140388.2915
2941,4,3,Rural,1961,302704.2936
1175,4,2,Urban,1994,25470.31853
1386,2,2,Rural,1984,189062.8776
2494,5,2,Urban,1956,243259.2379
1852,5,2,Suburb,2019,245578.985
2256,2,3,Rural,1994,229140.506
1662,5,2,Rural,2011,181774.4123
1451,2,2,Rural,1998,37203.60254
1276,5,3,Suburb,2019,277095.7595
2252,3,3,Suburb,1954,206995.4659
2194,4,3,Suburb,1996,322156.8612
2758,5,2,Urban,1970,402787.0593
1212,2,2,Urban,1976,112602.2949
2305,3,1,Urban,1954,210242.8801
1040,5,2,Rural,1972,138164.2816
2145,5,1,Rural,1995,242829.4921
2250,2,2,Rural,1990,164282.256
1293,3,3,Rural,2014,96381.44725
1599,4,1,Suburb,2004,237682.3693
2290,2,1,Rural,1997,220551.7016
1540,5,3,Urban,2019,225113.3165
2782,4,1,Urban,1988,316637.0058
2851,5,2,Suburb,1966,332144.6128
1450,2,1,Rural,1963,133079.3699
2472,3,3,Suburb,1964,330062.1498
2779,4,2,Suburb,1991,291646.9961
2084,2,1,Urban,2017,198229.7215
2525,2,2,Suburb,1991,250422.592
2170,4,1,Suburb,2019,195448.5082
2709,3,3,Urban,1968,339543.9356
2968,5,1,Urban,1999,248064.7399
1789,4,3,Rural,1987,204976.4673
1333,2,2,Urban,1972,176610.5211
2904,4,2,Suburb,1959,419448.8379
2976,4,2,Urban,1995,416698.3515
1890,3,1,Suburb,2010,226426.5818
2165,3,3,Urban,1963,236375.5425
1043,5,1,Rural,1958,85862.23072
1143,4,3,Rural,1971,80101.69186
2888,3,3,Suburb,2017,269985.2498
1332,3,2,Rural,1966,186972.5862
1997,2,3,Suburb,1999,191538.876
2520,3,1,Urban,1983,337373.0981
2419,4,2,Rural,1989,268430.8987
1054,4,3,Urban,2018,108954.4644
2330,2,1,Urban,1963,156475.4241
1869,2,1,Suburb,1958,145290.1513
2446,2,2,Suburb,1974,182313.1348
2440,4,3,Rural,2014,224742.168
2696,4,3,Urban,2019,320399.9203
1796,5,2,Urban,1953,210614.6675
1324,3,2,Urban,1967,125598.7983
2733,2,2,Rural,1965,349786.124
2694,3,2,Urban,2018,274767.0098
1079,3,1,Urban,1953,176321.7229
2054,5,2,Urban,2011,299927.5113
1984,4,3,Urban,1972,182717.2089
2135,3,3,Rural,2000,201137.5671
1557,2,3,Rural,2017,276585.3117
1864,2,1,Urban,1970,251619.0274
1716,4,3,Urban,1976,183053.9867
2587,4,1,Rural,1961,331775.0488
2673,4,3,Rural,1969,234487.5112
1471,2,2,Rural,1994,101821.5353
1073,4,1,Suburb,1994,74479.27722
2576,5,1,Rural,1986,308002.8209
2502,5,1,Rural,1989,339341.0905
1588,2,3,Rural,1968,162684.4112
2410,5,2,Urban,1967,345292.6019
2722,3,3,Rural,1955,285062.825
2905,4,1,Urban,1964,267689.6259
1563,5,2,Urban,1999,221698.3185
2953,4,1,Urban,2013,204647.8549
2456,5,1,Urban,1982,344756.3844
2435,4,3,Rural,1976,250918.5477
1466,2,3,Suburb,2008,193726.2705
1598,3,2,Urban,1966,228093.7451
2644,4,3,Rural,2016,210626.145
1991,3,3,Rural,1989,286814.3982
2932,4,3,Suburb,1965,314208.8244
1736,2,1,Suburb,1970,230497.1338
1993,3,1,Urban,1992,281921.5728
1247,5,3,Suburb,1988,135581.8926
2604,3,1,Suburb,2003,316180.8125
2143,4,3,Urban,2019,336194.9511
1066,3,2,Rural,1995,85224.98927
1572,2,3,Suburb,1995,232887.5007
2979,3,2,Suburb,1959,374382.5342
2350,3,3,Rural,2003,311242.2775
2943,3,2,Suburb,1983,269320.4989
1702,5,1,Urban,1981,217848.1955
1469,3,3,Rural,2006,399005.7362
1492,4,2,Suburb,1977,226789.9973
2724,4,2,Suburb,1954,248402.5888
1662,3,1,Urban,2016,209076.6946
1285,3,2,Urban,2020,52853.40752
2979,5,3,Rural,1977,370797.5287
2937,2,2,Urban,1974,387828.8139
2631,4,2,Suburb,1983,308901.4432
1311,5,2,Urban,1976,82272.90289
1308,4,1,Suburb,2010,132834.032
1774,4,1,Rural,2006,194170.9917
2120,3,1,Urban,1957,261053.7489
1964,4,2,Urban,1992,179839.2643
2136,2,1,Suburb,1963,146782.2559
2660,2,1,Suburb,1951,277700.0096
1455,2,3,Rural,1989,160126.248
2486,5,2,Suburb,1973,248271.5005
2971,2,1,Rural,2016,258255.2282
1131,2,3,Rural,1950,57097.45533
1929,4,3,Rural,1977,192909.0725
1964,5,2,Suburb,1975,275980.5051
1928,3,2,Suburb,1976,333395.6989
1120,5,3,Suburb,1959,213685.2224
2220,5,2,Urban,2008,288451.3705
2829,3,3,Urban,2008,273968.7023
2505,3,1,Urban,1989,285716.3369
1633,3,2,Rural,1981,233733.2315
2817,4,1,Urban,1960,319353.3006
1896,4,2,Urban,1950,269290.5651
1771,4,3,Urban,2015,240727.5556
2062,2,1,Urban,1964,357702.027
1565,3,3,Rural,2021,240304.1926
1511,4,3,Rural,1962,75381.8777
2497,4,3,Suburb,1975,214618.7064
2184,5,2,Suburb,1983,244893.1638
1288,4,2,Rural,1950,239699.2017
1199,3,3,Rural,1954,109217.6639
2811,3,3,Rural,1990,286948.9934
1527,2,2,Suburb,1990,127511.1575
1916,2,1,Urban,2002,198598.0464
2708,5,2,Urban,1968,368675.6963
2526,2,2,Rural,2006,153572.4454
2271,3,2,Suburb,1951,232610.3299
2406,2,1,Rural,2021,191887.2699
2241,2,2,Suburb,1959,288279.3515
2110,4,2,Urban,1976,256722.6926
2105,3,1,Urban,2010,198882.7546
2085,5,2,Rural,1986,320192.6423
1798,2,3,Urban,1992,199719.7398
2523,2,1,Rural,2010,304979.2246
2065,5,2,Suburb,1955,307688.5354
1011,5,3,Rural,2011,125196.7999
1832,3,3,Suburb,2013,187850.0447
2769,5,1,Rural,1985,285967.2085
1840,2,1,Rural,2009,194134.9382
1642,3,2,Suburb,2010,183127.8933
2138,3,1,Urban,1960,329213.5647
2241,5,2,Suburb,1964,305440.0693
2672,3,3,Rural,1971,244280.3714
1105,2,3,Urban,1952,227983.4019
1690,2,2,Suburb,2002,221895.994
1527,2,1,Suburb,1987,124600.2337
2495,3,2,Urban,1996,276508.1627
2777,5,2,Urban,2000,314872.3431
1845,2,1,Suburb,2000,214700.5252
1892,4,2,Suburb,1958,181271.6106
1386,5,1,Rural,2002,196496.1215
2249,3,1,Suburb,1964,323303.2159
1480,2,3,Urban,1971,217660.4639
2777,3,3,Suburb,1985,204909.7704
1407,2,1,Urban,2004,123548.303
2480,3,1,Rural,1997,273551.6608
2676,4,1,Urban,1956,295534.3404
1897,3,1,Urban,2018,282660.4014
1710,3,2,Urban,1951,266758.3683
2647,3,1,Suburb,1971,230219.4807
1638,2,3,Suburb,2019,151928.0293
2044,5,1,Suburb,1998,274363.8199
2682,3,3,Urban,2007,380880.8192
2624,5,1,Suburb,2016,330265.8867
1814,2,2,Suburb,2006,219597.4436
1917,3,2,Urban,1953,207440.9623
1202,2,1,Urban,1995,208251.0729
1416,5,3,Suburb,2011,102323.8576
1415,2,2,Suburb,1962,77828.07038
2471,2,3,Suburb,1968,356645.1097
2535,5,3,Rural,1983,282286.2986
1084,2,2,Suburb,1994,98274.15733
1166,5,1,Urban,1998,212620.6584
1383,5,3,Suburb,1993,190771.9812
1467,3,3,Rural,1957,166908.6184
2095,3,1,Rural,1959,208021.224
1809,2,1,Rural,1970,219907.1571
1996,2,2,Suburb,1968,250998.3547
2544,2,2,Urban,2012,268774.1971
2816,4,1,Urban,1958,325735.2197
1472,4,1,Suburb,2008,160690.8472
1992,3,3,Suburb,1993,148752.8384
2281,5,1,Suburb,1987,180315.0145
1274,4,3,Suburb,2010,185202.6261
2773,4,2,Urban,1950,292879.2948
2043,5,2,Rural,1978,270092.7488
2513,2,3,Rural,1980,207622.442
2768,2,2,Urban,1969,356285.0331
1489,4,3,Suburb,2019,168195.1448
2756,4,3,Suburb,2009,314981.7439
1325,5,3,Urban,1966,229997.1631
1528,5,1,Urban,2003,163086.2177
1891,4,2,Rural,1973,248624.5535
1088,5,2,Urban,2019,166090.118
1485,2,3,Suburb,2007,173426.1196
1707,3,1,Urban,2004,237234.1552
1349,4,2,Urban,1968,147079.3987
2107,3,1,Urban,1990,277923.766
1386,5,2,Suburb,1995,282056.3621
1086,3,3,Suburb,2000,182503.7562
1306,4,2,Rural,1952,163952.9795
2873,5,1,Urban,2012,273138.1999
2177,3,3,Suburb,1987,319296.8602
1439,2,1,Rural,1966,175635.4049
1739,4,2,Suburb,2017,191465.8587
2983,4,2,Rural,2012,375373.9946
1263,4,3,Urban,1958,184715.0344
1976,4,3,Rural,1979,236821.4504
1734,5,1,Urban,2017,194342.0535
1420,2,3,Urban,1973,187007.6412
1492,2,1,Urban,2005,187247.3584
1632,3,3,Urban,2004,102873.4889
1992,4,2,Rural,1969,219599.5781
1410,4,1,Rural,1999,224199.3914
1172,3,2,Suburb,1981,119740.6249
1003,5,2,Rural,1956,196614.9489
1853,2,1,Urban,1985,204970.1907
2663,4,3,Suburb,1954,346758.3496
1985,3,1,Rural,2015,232174.1284
2495,2,2,Urban,1958,290951.2039
2133,3,2,Suburb,1975,198528.7514
2890,3,2,Rural,1979,263398.8049
2060,5,2,Suburb,1954,182845.2397
1582,2,1,Rural,1992,131192.9103
2824,4,1,Rural,1969,293300.4197
2054,2,1,Suburb,2019,202663.8811
2974,5,1,Suburb,1957,321722.126
1380,4,2,Suburb,2009,243959.846
2291,2,3,Urban,1969,281192.1715
2034,5,1,Urban,1989,187755.0859
1343,4,2,Suburb,2021,132588.9521
2863,4,1,Rural,1965,271594.9009
2567,3,2,Suburb,1970,278044.134
2592,3,3,Urban,2007,247666.2079
1165,5,3,Suburb,1970,54629.1853
1699,4,1,Suburb,1993,243423.817
1341,2,3,Urban,1954,140377.5517
2505,4,2,Rural,1960,195301.7575
2042,5,2,Rural,2021,204893.912
2651,2,1,Urban,2019,185396.9608
1979,4,3,Urban,1958,173071.5907
2207,2,3,Suburb,1978,170009.5504
2805,3,2,Rural,1988,292405.0469
1544,2,2,Rural,1955,284363.0771
2033,3,2,Urban,1955,121407.1153
2615,2,2,Rural,1976,193759.2038
1191,3,3,Urban,1964,91208.73431
1319,5,1,Rural,2021,211099.694
2725,2,3,Rural,2016,352102.7228
1579,4,3,Urban,1958,215456.1262
1474,5,2,Suburb,1968,85276.26572
2883,5,2,Suburb,1991,317217.3842
1636,2,2,Rural,1983,123116.8931
1426,5,1,Suburb,1978,101289.2847
2871,3,1,Rural,2008,304782.8239
2082,3,2,Suburb,1972,211841.4936
2459,2,2,Suburb,1987,246926.0453
1096,5,3,Rural,1964,163815.5054
1495,4,3,Suburb,1999,209770.6232
2810,2,3,Urban,2003,325777.2593
1660,2,2,Suburb,1962,160818.1523
2301,5,3,Rural,1987,209551.6706
2288,3,1,Suburb,2018,181394.8124
1008,5,3,Urban,1994,142509.1888
1456,4,1,Urban,1977,159530.4939
2818,4,3,Suburb,2012,297573.6818
1272,4,1,Rural,1960,74859.60448
1939,4,2,Urban,1974,242331.7019
2836,2,1,Urban,1986,272672.646
2031,4,3,Rural,1967,268043.6106
1207,4,2,Urban,2000,147804.3428
2937,4,2,Urban,2004,341434.7092
2660,5,2,Urban,1961,195574.3407
2146,3,1,Rural,1951,293631.505
2056,3,2,Urban,1950,243877.9594
2536,3,3,Rural,1966,218551.4219
1203,4,2,Urban,1973,159376.03
1517,5,3,Urban,1986,128199.9149
2832,2,2,Urban,1985,320020.7295
2974,5,1,Rural,1978,311022.2506
1516,2,2,Urban,1993,113227.0565
1442,5,3,Suburb,2000,191245.1384
2615,3,3,Rural,1995,213876.6645
2809,3,2,Rural,2009,346878.7696
1688,4,1,Suburb,2021,242809.2633
1849,3,2,Suburb,2021,212727.1461
1832,3,1,Urban,1997,196469.3372
1338,3,3,Rural,1971,128242.9925
2461,5,3,Rural,1974,259982.892
2468,3,2,Suburb,1966,242536.014
2159,2,1,Suburb,1973,224612.1293
1386,4,3,Suburb,1952,182809.2359
2048,5,1,Suburb,1964,174161.9255
1505,2,2,Urban,1994,167217.0673
2348,5,1,Suburb,1951,250884.3191
2718,3,1,Rural,1959,253749.9653
1679,5,3,Suburb,1962,244467.8436
2361,5,1,Urban,2012,310667.6264
1689,4,1,Rural,1962,205898.5699
1884,5,3,Suburb,1976,245792.4268
2118,5,3,Urban,2017,299622.1783
2568,4,2,Rural,1950,218728.0819
1622,5,3,Urban,1992,133181.2504
2169,5,1,Suburb,2013,227205.9618
1892,2,2,Rural,1996,223951.0028
1952,2,3,Rural,1967,192278.9022
2254,5,3,Rural,1965,294852.0225
1783,5,3,Urban,2008,245112.3
2871,3,2,Rural,1992,354120.1213
1494,2,2,Suburb,1983,131666.4049
2061,3,3,Suburb,1993,221875.377
2448,5,2,Urban,1950,227063.9186
2670,3,1,Urban,2010,269677.5941
2869,3,1,Rural,2000,246877.7361
1746,4,2,Suburb,2008,177766.051
1436,4,3,Rural,1987,193474.9733
2854,5,2,Urban,1957,364441.7508
2391,2,2,Suburb,1997,250512.6091
1344,5,3,Rural,1968,69442.66782
2183,2,3,Suburb,2004,243629.9927
1549,4,1,Suburb,1968,192590.8587
2685,2,1,Urban,1964,285345.656
2935,3,2,Rural,1980,338818.2459
1819,3,1,Urban,2021,199065.8376
1540,4,3,Suburb,2009,168361.1751
1143,5,3,Urban,1991,181477.2267
1587,2,1,Urban,2000,187837.7166
1656,5,2,Rural,1980,210075.353
2764,2,1,Rural,1995,340971.351
2599,4,3,Rural,1974,319661.6143
2882,3,1,Suburb,1965,369546.5166
1344,3,1,Suburb,2009,159276.4267
2292,2,3,Rural,2020,348749.3589
2863,5,2,Suburb,1964,354476.4732
1695,4,3,Suburb,1981,175780.0089
2796,4,1,Rural,1967,216633.9147
1267,5,3,Suburb,1997,166974.4926
1168,3,2,Urban,2010,210756.7832
2794,5,2,Rural,2000,330438.2809
2762,3,2,Urban,1996,339529.6438
1032,2,2,Urban,2006,37402.52824
1376,4,1,Urban,1979,198899.6878
2237,2,1,Urban,1997,322775.8587
2585,5,1,Urban,1986,294111.6661
2463,5,1,Rural,1955,302304.761
2515,2,2,Suburb,1975,351838.1594
1392,5,2,Suburb,1978,207413.8569
1488,5,1,Rural,1969,154935.2226
1721,5,1,Suburb,1986,147267.8845
1945,4,3,Suburb,1961,161962.309
2052,4,2,Suburb,1967,279268.7864
1038,3,1,Suburb,2019,238097.8611
2882,4,1,Urban,2015,376257.0395
2635,2,1,Suburb,1979,262105.833
2196,2,1,Suburb,1961,336908.3675
2040,4,1,Suburb,2018,176375.486
2079,2,2,Urban,2004,252059.581
1225,5,3,Suburb,1988,125190.9145
2581,4,3,Rural,2015,172119.6988
1066,3,3,Suburb,1957,192737.164
2220,3,2,Rural,1998,283573.1946
2677,4,1,Urban,1998,233136.5454
1834,2,3,Urban,1955,235987.1362
2046,4,1,Suburb,2008,218997.5631
1998,4,3,Suburb,1959,224385.4371
2629,3,2,Suburb,2010,272752.0207
2777,5,3,Suburb,1971,399384.9737
1236,5,3,Urban,1982,190562.1309
1956,4,1,Suburb,2012,233156.3417
1918,3,1,Suburb,1958,185676.0124
2946,3,3,Suburb,1985,333941.4266
2589,4,2,Suburb,1972,300570.0497
2161,4,2,Suburb,1996,266531.4207
1472,4,1,Urban,1980,299986.2087
2868,5,3,Urban,2016,339124.7915
2807,4,3,Suburb,1960,283217.5836
1552,3,3,Suburb,1994,189279.4436
2633,4,2,Rural,2010,275821.2895
1694,3,2,Rural,2011,195187.8765
2663,3,3,Suburb,1994,222078.2318
2252,2,3,Suburb,2011,217786.5279
1316,3,2,Rural,1988,88602.12585
1597,2,1,Rural,1951,136589.3164
1767,4,3,Suburb,1953,188496.8816
2744,2,2,Urban,1970,200057.0147
2750,5,1,Urban,1987,341200.9755
1885,5,2,Urban,1954,147814.4519
2635,5,3,Rural,1951,265516.5054
1560,4,2,Rural,2008,147707.7877
2224,3,3,Suburb,1984,185184.1142
2971,5,2,Suburb,1984,386403.9317
1257,2,2,Suburb,1963,178945.6208
2503,4,3,Suburb,2003,305296.2504
2911,4,3,Urban,1990,335676.3469
2201,2,3,Rural,1974,252581.585
1756,2,2,Rural,1970,192818.0937
1122,4,3,Rural,1999,208125.9324
1341,4,2,Rural,2013,174341.2607
2194,3,1,Urban,1961,275768.6624
2868,4,2,Suburb,1980,232230.542
2671,2,3,Rural,1980,221124.6074
2082,4,1,Rural,1952,259951.653
2728,4,1,Rural,1983,317484.3538
2488,2,1,Suburb,1996,291139.4042
2803,3,3,Rural,1970,280015.2009
1259,4,1,Suburb,1970,211788.8479
2396,5,3,Urban,1950,330231.8931
2996,5,1,Rural,1978,316267.3299
1094,2,1,Suburb,1979,69658.22938
2148,2,1,Suburb,2018,224816.7138
1040,2,1,Rural,2001,175177.6282
2914,5,1,Rural,1951,314416.8855
1253,2,2,Suburb,2017,188670.2888
1006,5,1,Rural,2007,145579.4611
2494,3,2,Urban,1951,335514.9859
1727,2,3,Suburb,1982,105687.4631
2534,4,3,Suburb,2016,288238.5793
2604,3,1,Rural,1988,355147.4363
1068,5,3,Suburb,1969,69211.33448
2104,2,1,Rural,1989,307599.5109
1541,4,2,Rural,1990,183918.898
2608,5,3,Rural,1969,256442.8009
2285,3,1,Suburb,1963,209164.5603
1088,4,1,Rural,2010,110638.6107
2938,3,3,Rural,1992,316776.7201
2231,2,3,Rural,2016,287295.3494
1212,4,3,Rural,2013,177603.262
1833,2,1,Rural,1959,141507.7129
1265,5,1,Suburb,1952,139577.9547
1911,5,1,Rural,1963,208049.5274
1292,3,2,Urban,1982,186722.5818
2230,2,1,Urban,1982,247617.619
1332,2,1,Urban,2001,201687.5122
2100,4,1,Suburb,1965,286616.2426
2311,5,3,Suburb,2020,301672.9531
2004,2,1,Suburb,1993,90846.65014
1046,2,2,Suburb,2009,76071.08248
1621,2,2,Rural,2009,132890.5139
2223,5,3,Urban,1975,288291.4973
1426,5,2,Urban,1988,211937.6851
1209,5,2,Rural,2001,216457.6138
1887,3,1,Suburb,2008,261688.4275
2443,5,1,Rural,1988,282613.2753
1153,5,1,Urban,1977,121799.2241
2545,5,1,Suburb,1990,333871.6415
1414,4,1,Rural,2021,103307.6648
2376,4,2,Urban,1989,218152.6462
2180,2,1,Urban,1953,145679.2835
2284,4,2,Suburb,1964,278089.7334
2100,3,3,Urban,1970,155803.2119
1768,3,2,Urban,2000,142994.6764
1982,2,1,Rural,2009,223169.4214
2511,2,1,Urban,2018,257304.038
2154,3,1,Rural,2016,206158.6575
1578,3,3,Urban,2020,49042.95
2478,3,3,Suburb,2015,336525.4637
1739,2,2,Rural,1960,244180.3205
1162,3,2,Urban,1983,142461.1728
2038,2,1,Suburb,1994,254139.2598
2255,3,1,Urban,1970,334192.7051
1194,3,1,Rural,1952,117830.9874
2884,4,2,Suburb,2003,224241.1293
1541,3,1,Suburb,1991,216165.6467
1358,2,2,Urban,1999,79598.4533
1849,3,2,Rural,1961,210687.5503
2354,5,1,Rural,2007,261400.2351
1426,4,1,Rural,1982,271622.9241
1496,3,2,Rural,1953,223898.108
1827,3,2,Suburb,2019,273441.4089
1485,5,2,Rural,1981,254285.519
2831,5,2,Urban,1950,315002.572
2472,5,3,Rural,1992,249710.3607
2436,5,1,Suburb,2007,342532.2945
1329,5,2,Urban,1954,240848.6498
2755,5,3,Suburb,1984,331095.9247
1888,3,3,Rural,2005,210876.0514
1990,2,2,Suburb,1969,278384.9536
2170,3,3,Rural,1979,213699.514
1258,3,3,Urban,1950,183536.3484
1291,3,3,Urban,2000,142154.7522
2834,4,1,Rural,2011,324676.9691
1142,2,2,Rural,2003,161566.4083
2960,2,1,Rural,1999,176627.9137
1746,4,3,Suburb,2007,256393.1193
1626,2,3,Suburb,1964,130873.5561
2388,4,3,Urban,2015,321643.6036
1089,3,1,Urban,1958,150074.6822
1719,2,2,Rural,1989,186413.2229
2187,3,3,Urban,1981,253487.435
1480,5,1,Urban,1954,166343.6351
1083,3,1,Rural,1984,197235.4566
2100,2,1,Suburb,1996,198612.2934
1672,3,1,Suburb,1957,150511.5875
1516,3,2,Rural,2016,217119.8115
1484,4,3,Rural,2016,70945.92388
2613,2,3,Urban,2016,279509.6361
2626,3,2,Urban,1968,294628.69
2622,4,3,Urban,1997,263686.1011
1781,2,1,Suburb,1992,121876.1589
1103,5,3,Suburb,2007,101207.158
2475,3,1,Urban,2021,296811.6399
2510,3,2,Rural,1953,197385.2422
1338,3,3,Rural,2016,88033.31158
1686,3,3,Rural,1971,144239.7353
2589,3,2,Suburb,1956,296723.6306
1899,5,1,Urban,1961,161995.5711
2501,5,3,Rural,2013,295668.615
2746,2,1,Suburb,1952,334190.8145
1606,2,3,Rural,1962,197891.2126
1222,4,2,Suburb,1958,113193.7017
2032,4,3,Urban,1979,323441.3926
2076,4,1,Rural,2011,344794.3117
2100,5,3,Suburb,1992,213715.8997
2741,2,2,Urban,2019,182741.242
1502,2,1,Suburb,1961,180818.6708
2339,5,2,Rural,2006,312622.4073
2837,2,1,Rural,1996,171366.3804
1821,3,1,Rural,1965,222782.5915
2865,2,3,Suburb,2007,245298.1988
1623,2,2,Rural,1963,227215.2191
2886,3,2,Rural,1955,239031.7861
1164,4,3,Rural,2021,167046.8425
2302,4,1,Rural,2014,268431.1994
2050,4,3,Rural,1975,226253.7568
2093,5,2,Suburb,1957,84353.76602
2241,3,1,Rural,2019,209889.2564
2985,3,2,Urban,1955,279840.9267
2388,5,1,Rural,1976,191697.2367
2724,3,1,Suburb,2001,264761.9343
2868,2,3,Rural,1978,312967.6608
2970,4,2,Rural,1998,362246.9426
2329,3,3,Suburb,1970,331311.8289
2147,3,3,Suburb,2017,289985.8914
1018,4,3,Rural,2015,188964.3944
2280,5,2,Rural,2012,265362.7318
2319,4,2,Suburb,1950,308325.9104
2951,5,1,Suburb,1958,210807.5099
2045,5,1,Rural,1980,306815.0834
2903,2,1,Suburb,2017,380939.8649
1988,4,1,Rural,2017,238736.0734
1449,3,3,Rural,1956,134936.9084
1551,5,1,Urban,1980,238727.5926
2573,2,2,Urban,1958,373796.692
2071,4,1,Rural,1999,371879.2726
1694,5,2,Suburb,1954,206138.2411
1586,2,3,Suburb,1988,171498.2533
1720,3,3,Urban,1982,150876.8412
2206,5,2,Urban,1980,284860.7583
2458,5,3,Rural,1952,280549.1026
1106,3,2,Rural,1952,164488.2881
2211,3,2,Suburb,1950,221046.6491
1775,3,2,Urban,1962,220798.7451
2109,5,3,Urban,1954,286187.6331
2859,2,1,Suburb,1956,303227.1767
2866,2,3,Suburb,1996,310728.8439
2479,3,3,Urban,1956,342929.2538
2160,2,3,Rural,2015,225938.3686
2881,3,3,Rural,2008,362161.9732
1897,3,3,Rural,1950,242940.3961
1335,4,1,Suburb,2015,237874.9167
1606,2,1,Suburb,1979,221051.1647
1837,5,2,Urban,1989,262218.2896
2780,4,1,Suburb,1974,369727.0527
2492,3,3,Urban,1986,224738.237
1601,4,2,Suburb,1954,223403.4436
2594,3,3,Urban,1954,365803.3257
1402,3,2,Rural,1988,95329.69598
1539,3,3,Rural,2008,204426.815
2095,2,2,Rural,1989,312638.8881
2805,3,2,Urban,1966,262704.5378
1023,3,1,Urban,2003,175849.5659
1623,2,2,Rural,2012,186493.7393
2835,2,1,Suburb,1994,262350.8741
2508,3,1,Urban,2018,317612.6
2079,2,1,Suburb,1976,245081.5743
1985,5,2,Rural,1988,283755.9341
1222,5,1,Rural,1995,142548.1455
2655,3,1,Suburb,2015,272628.7043
1178,4,2,Urban,2010,6124.032174
1799,2,2,Suburb,1992,205121.1776
1433,4,3,Rural,1954,226761.398
2960,5,3,Suburb,1960,278576.2629
2473,3,2,Urban,2015,231583.6661
1792,5,1,Rural,1950,233378.6135
1883,2,2,Suburb,1982,240120.5399
1491,2,2,Suburb,1967,207598.7638
2212,3,3,Suburb,1983,245028.4486
2601,2,3,Urban,1972,251329.5534
1809,2,2,Suburb,2007,153020.6435
1960,2,1,Suburb,1960,167883.5263
1419,4,2,Suburb,1990,123649.9968
2272,3,2,Urban,1983,203638.9203
2611,3,3,Suburb,2017,282763.2505
1648,3,1,Urban,2004,149722.5168
2187,2,3,Urban,2009,271635.9197
2768,2,1,Rural,1964,227311.488
2278,2,2,Rural,1968,271507.6565
1475,3,2,Urban,1977,155491.9444
2829,4,1,Urban,1977,329099.1397
2440,5,1,Rural,2020,282571.362
1169,3,2,Urban,1964,166702.8627
2340,3,1,Rural,1959,228983.291
1173,4,2,Suburb,1977,135021.5355
1469,5,1,Rural,1961,220805.2081
1344,5,3,Suburb,2013,150845.7869
1444,2,1,Urban,1994,89544.78913
2041,5,3,Suburb,1965,248759.0273
2093,2,3,Urban,1979,217735.9928
2361,3,3,Suburb,1984,236176.7891
1627,4,3,Rural,2016,214125.0597
1591,3,3,Suburb,1967,206635.2796
1526,5,3,Urban,1960,248245.3407
2711,3,3,Rural,1985,337317.2312
1455,4,1,Suburb,1991,206717.2448
2292,4,1,Rural,2016,235554.0121
2654,2,3,Suburb,1957,233518.1471
1810,3,3,Urban,2015,177465.5483
1187,4,3,Suburb,2014,78894.2518
2020,4,1,Urban,1964,225521.3142
2592,4,1,Rural,1952,193728.0512
1710,4,2,Rural,2005,260365.0087
1528,5,2,Urban,2013,209227.8278
1433,3,2,Urban,2017,189672.9436
1287,3,1,Rural,1968,255761.4365
2941,3,1,Urban,1964,295600.8975
2590,5,1,Suburb,1979,219478.086
1498,5,1,Rural,1984,217348.2966
2464,4,3,Urban,1996,265114.5007
2804,5,2,Urban,1999,248347.5965
1302,2,2,Suburb,2006,222154.4323
1086,5,2,Suburb,1973,192904.1566
1829,4,3,Suburb,1992,280766.2143
1437,3,3,Suburb,2013,143143.5933
1540,5,2,Suburb,1974,161969.2201
2045,3,3,Urban,2008,284275.1583
1832,3,1,Rural,1967,173229.1244
1796,2,3,Rural,2017,184089.4078
1559,2,2,Urban,1979,200185.8889
2540,5,2,Suburb,2009,368308.6545
1761,3,3,Suburb,1977,81432.41869
2698,4,1,Urban,1970,277008.5486
2526,3,1,Rural,2001,221487.919
2737,3,2,Rural,2010,341540.6978
1466,2,2,Urban,1975,99843.04138
2124,2,3,Suburb,2000,254759.5747
2606,2,1,Rural,2009,170442.3339
2965,2,3,Suburb,1990,355295.1444
1674,5,2,Urban,1967,244830.8052
1684,5,3,Rural,1998,206117.5761
2164,3,2,Urban,1979,152721.0066
1137,5,2,Suburb,1958,153007.211
1577,4,3,Suburb,1996,195018.282
1709,3,3,Suburb,2012,199467.7519
2863,3,2,Urban,2013,340906.4349
1227,4,1,Urban,2007,65614.50153
1280,3,1,Rural,1986,193342.6864
1683,4,2,Suburb,2004,251719.0263
1827,2,3,Urban,1983,93254.08187
1430,2,2,Suburb,2014,74462.03226
2063,2,1,Suburb,1982,218640.5783
2542,4,2,Suburb,1986,213348.5752
2709,5,2,Suburb,1977,326283.2713
2686,5,2,Suburb,1963,329238.3718
2234,3,1,Rural,1982,274904.6379
1301,2,1,Suburb,1969,50521.26268
2109,2,3,Urban,1961,199919.3011
2420,3,3,Urban,1989,264819.5856
2276,2,1,Suburb,1954,173191.3667
1532,2,1,Suburb,1988,130234.4303
1768,4,2,Rural,2013,212936.0771
2914,3,3,Urban,1958,309500.5583
2938,4,3,Rural,1979,354714.6269
2404,2,2,Urban,1955,164975.9795
1443,2,3,Suburb,2009,170501.9802
2056,3,1,Suburb,1952,213507.3712
1259,2,1,Suburb,1962,133658.5766
2257,5,1,Suburb,2011,239520.9491
2538,4,1,Suburb,1958,243609.3523
2882,4,2,Rural,1955,298636.3628
2331,5,3,Urban,1981,249375.014
1738,3,2,Rural,1980,147379.5532
1795,3,2,Urban,2000,205976.7253
1069,2,1,Rural,1984,136886.3174
2477,3,2,Suburb,1970,183771.4998
2462,5,2,Urban,1998,285854.7275
2848,3,2,Urban,2005,265267.6443
2387,2,1,Rural,2015,215512.1993
1982,5,2,Rural,1979,282940.2052
2789,2,1,Suburb,1965,172653.0254
1480,4,1,Urban,2004,160200.6677
2167,4,3,Suburb,2010,305323.4464
1023,3,2,Rural,1992,89988.26696
1964,5,1,Urban,1968,267963.538
2448,5,3,Suburb,2016,289044.8981
1745,5,3,Rural,1961,113547.9
1844,2,3,Rural,1995,230419.8892
2198,5,1,Rural,1968,224782.9248
2867,3,1,Suburb,1976,297382.2076
1324,4,2,Urban,1972,149469.5303
2892,3,1,Suburb,2015,314575.6557
2694,4,2,Rural,1981,384725.6612
2883,4,1,Rural,2014,309000.9743
2371,3,3,Rural,1997,238145.0226
1797,4,1,Suburb,1978,190920.0276
1017,4,2,Rural,2018,68190.08774
1043,2,2,Urban,2020,61161.6873
1154,3,3,Suburb,1950,165881.3831
1866,3,3,Urban,1951,142258.6887
1921,3,3,Rural,1999,190862.0667
2400,4,2,Suburb,2020,215683.8715
1742,5,1,Rural,1966,186665.1627
2906,5,1,Suburb,1961,245460.5067
2851,4,2,Rural,1991,320820.0594
2425,5,2,Suburb,2003,299456.6408
1224,5,2,Suburb,2005,194484.7395
1216,4,2,Suburb,1968,150586.4197
2591,3,1,Rural,2006,282945.3869
1030,2,3,Rural,1994,96661.78178
2892,3,1,Rural,1959,304438.3503
2082,3,2,Suburb,2001,234346.2396
2915,3,3,Rural,1980,370555.7013
1897,2,1,Urban,2020,205426.6033
2376,3,2,Suburb,2019,133555.8876
1934,5,2,Urban,1998,211328.6612
1444,2,2,Urban,1988,194773.7665
2258,5,1,Urban,2005,203558.2361
2130,2,1,Suburb,1957,200073.9192
2214,5,1,Suburb,2001,203220.5195
1529,3,2,Rural,2009,150547.6768
2936,3,1,Urban,1991,332871.3561
1737,3,3,Suburb,1964,195265.1575
2702,5,3,Rural,1952,328223.3437
2606,5,2,Rural,1976,324778.6744
1873,4,3,Rural,1982,295849.2002
1565,5,2,Suburb,1990,222050.3194
2268,2,1,Urban,1972,282094.469
2885,3,2,Suburb,2000,255540.4302
1075,2,2,Suburb,1985,103088.9367
1546,4,1,Rural,1984,171603.7267
1266,4,2,Urban,1988,173307.0865
1316,5,2,Suburb,1995,234002.7847
2835,3,3,Urban,1973,348139.2184
2144,2,2,Suburb,1965,202283.8544
2859,4,3,Urban,2015,346193.6199
1024,4,2,Rural,1982,157518.821
2455,2,1,Rural,1969,273731.3528
1159,4,1,Urban,2006,103424.9407
1595,2,3,Rural,1991,120835.0697
2137,3,2,Suburb,2019,230824.0628
2758,5,2,Suburb,2016,311183.7795
1899,2,2,Urban,1971,212973.2714
1501,3,3,Urban,2005,240237.2941
2189,2,3,Rural,1975,214302.6501
2012,4,3,Urban,2018,286595.9074
1702,3,3,Rural,1975,204117.4208
2198,2,3,Suburb,1964,194226.0602
1000,3,3,Suburb,1956,77557.124
2922,2,1,Urban,1979,240490.6422
1740,2,1,Suburb,1969,168541.3574
2109,3,2,Rural,1956,170313.8202
2597,3,2,Urban,1986,311720.0641
1319,3,3,Suburb,2015,118403.8221
2424,4,1,Suburb,2007,244800.7858
1381,5,3,Suburb,1954,158802.9474
2741,2,1,Suburb,1958,312384.3537
2640,2,1,Urban,1990,267015.9625
2341,3,1,Rural,2000,185502.8486
2826,2,1,Urban,1973,281179.0071
2273,5,3,Urban,2008,245584.3477
2548,5,3,Suburb,1953,205049.0836
2698,2,3,Urban,1987,313004.4948
2578,2,1,Rural,1955,259683.464
1897,3,2,Urban,1971,290697.6869
2975,5,3,Urban,2014,296292.2319
2646,2,3,Rural,2006,158348.4986
1716,5,2,Rural,2008,201974.1747
2919,2,3,Suburb,2021,267877.9251
2279,4,3,Rural,1973,223773.3671
1306,5,1,Rural,1983,164706.9336
2973,4,2,Suburb,1976,214732.0482
2167,3,2,Suburb,1953,284948.2606
2681,5,2,Suburb,2002,246891.9412
1390,2,3,Rural,1975,161332.0837
2836,2,2,Urban,1985,277248.6074
2699,4,1,Urban,1954,329535.4077
2192,5,2,Urban,2005,267341.5374
1989,5,2,Rural,1998,147858.4892
1297,5,1,Suburb,1987,116901.494
1232,3,3,Urban,1973,186626.3137
2926,5,1,Urban,1979,341036.7748
1270,3,1,Urban,2004,161189.8738
2083,2,2,Suburb,2017,283618.5717
2319,4,2,Rural,1983,226065.309
2490,4,2,Suburb,1992,293916.4828
2258,5,2,Rural,2012,256930.544
1676,4,1,Suburb,1995,168461.4543
1705,5,3,Suburb,1950,215658.3623
1233,2,3,Suburb,1995,137172.0035
2391,2,2,Urban,2020,165403.9078
2718,2,2,Rural,1992,368728.5879
1844,4,2,Rural,2020,190057.7328
2255,5,3,Urban,2007,304809.7096
2896,3,1,Suburb,1983,220915.0083
1490,2,1,Rural,2004,142731.9067
2642,2,3,Rural,1998,274349.5838
1502,3,1,Urban,1996,171280.839
1889,3,3,Suburb,2006,243873.2439
2758,4,1,Urban,2017,272985.5548
1591,2,1,Urban,2007,190226.9914
1745,4,2,Suburb,1966,241279.8828
2404,2,3,Urban,1968,271011.1757
2719,4,3,Urban,1989,318503.1785
1427,4,2,Urban,1977,182222.3747
1696,3,2,Rural,1985,197026.4163
1645,5,3,Rural,1996,200168.5902
1731,5,3,Rural,1972,99022.32892
1799,5,2,Suburb,1969,267231.7009
1363,2,3,Suburb,1951,113615.6892
1201,3,2,Suburb,1964,188650.2393
1881,3,3,Suburb,1961,204477.3083
1145,3,2,Suburb,1996,171704.9048
1835,2,3,Suburb,1985,255547.5632
1638,4,3,Suburb,1977,147459.402
2480,4,1,Urban,1959,264988.3615
1134,5,3,Rural,2005,143701.7508
1625,5,2,Rural,1958,151574.8149
2287,2,1,Rural,1965,234403.6318
1063,2,2,Suburb,1965,115917.7251
1490,5,2,Rural,1978,184525.9642
2670,4,2,Rural,2018,347980.4221
1040,4,2,Suburb,1972,180539.8072
2319,3,3,Rural,2002,319757.2765
2026,5,2,Urban,2017,175871.4348
1912,5,1,Urban,1977,166984.664
2729,4,1,Urban,2018,263573.7074
1974,3,2,Suburb,2012,262217.1984
2133,5,3,Suburb,1997,219448.9045
2244,4,1,Urban,1966,242964.1961
2393,4,3,Rural,1952,284935.6572
1367,4,1,Suburb,2015,61124.25232
2459,3,2,Urban,2003,254801.1128
1917,3,1,Rural,1970,198377.2645
2027,4,2,Urban,2003,222730.8237
1243,3,3,Urban,2017,198532.0445
1901,3,1,Rural,1979,116203.1055
1165,3,1,Suburb,1987,83611.39651
2049,3,2,Rural,1953,230407.6184
2418,2,3,Rural,1952,289507.2247
2497,5,2,Rural,1990,345389.9863
2040,5,2,Rural,2017,288165.335
1727,3,3,Suburb,1966,177119.4709
2115,4,2,Urban,1952,166215.6426
1482,5,2,Suburb,1966,181581.2064
1542,3,3,Suburb,1996,175454.7277
2228,5,1,Urban,1953,293908.3673
2525,4,3,Rural,2019,331183.8245
1930,3,3,Suburb,1978,198368.0111
1399,4,3,Suburb,1985,123111.2184
2230,5,2,Urban,2010,304828.6894
1618,2,3,Rural,1998,145252.1253
2169,4,2,Urban,1981,199589.2499
1878,3,3,Rural,1996,153132.1526
1100,3,3,Suburb,1954,75045.26348
1879,4,2,Rural,2014,338574.989
1829,2,2,Rural,1971,202651.1648
2903,5,1,Suburb,2009,297645.1144
2264,5,1,Suburb,1973,174101.1518
2946,5,2,Suburb,2007,299998.6397
1758,5,1,Suburb,1994,299680.2089
1162,5,2,Suburb,2010,114590.5321
2907,3,1,Suburb,2002,313747.8875
2196,3,1,Suburb,2016,217252.3623
1501,4,2,Rural,1971,239893.0983
1546,4,3,Suburb,1960,172360.2697
2307,5,2,Urban,1984,321410.7246
2382,5,1,Urban,2009,219506.0842
1380,5,1,Suburb,2013,177970.2933
1869,2,2,Suburb,2010,101466.0743
1904,4,1,Rural,1958,217892.1344
2995,3,2,Urban,1981,339930.7322
2934,5,1,Rural,1988,311024.8752
2556,4,1,Suburb,1960,335123.4164
2843,2,3,Urban,1962,285257.8334
2186,2,2,Rural,2012,260818.387
2001,5,3,Rural,1985,266038.7366
1608,3,3,Rural,2009,131361.1817
1306,4,1,Urban,1958,225882.4178
2362,3,2,Rural,1993,280306.5234
1054,5,1,Rural,1955,132029.337
1982,5,2,Urban,1973,262344.0802
1332,2,3,Suburb,1984,94494.0108
1126,2,1,Rural,1986,91134.12307
2963,4,1,Suburb,1995,344622.1291
1704,5,3,Urban,1991,148920.3139
1242,5,3,Urban,1979,159625.1422
2884,4,2,Rural,1972,439470.864
1599,3,1,Rural,1961,226818.6836
2871,2,3,Urban,2018,308404.904
2432,5,2,Rural,2020,210900.9733
1502,5,2,Rural,1973,216790.9786
2750,3,3,Suburb,1956,305062.3191
1603,3,1,Suburb,2018,215621.2401
1302,3,3,Urban,1999,162132.9913
2487,2,3,Rural,2013,284217.8009
1234,4,2,Rural,1954,146855.4013
2719,5,2,Suburb,1988,384583.7416
2061,2,2,Rural,2007,231123.0702
1138,3,3,Suburb,2001,151410.5462
1194,5,2,Urban,1950,138064.3692
2550,5,3,Urban,2018,220608.6628
2792,2,3,Urban,1956,380120.6486
1646,3,2,Urban,1983,168157.0727
1000,3,3,Urban,1950,155023.9102
1560,4,2,Rural,1990,242098.3095
2119,3,3,Rural,1979,228791.6708
1712,2,3,Rural,1959,265826.1233
1412,4,2,Suburb,1994,135736.6324
1537,4,3,Rural,1952,85106.61962
2878,4,3,Suburb,2006,278684.181
1428,4,2,Rural,1964,185854.41
1234,4,1,Urban,1991,152885.2391
1348,2,2,Suburb,2017,176281.6758
2779,5,1,Suburb,1952,282033.1204
2893,3,3,Rural,2016,193941.4006
2504,5,1,Rural,2018,289732.2733
2862,5,2,Suburb,1952,335524.3609
1395,3,3,Rural,1977,180378.0106
2374,3,1,Suburb,1978,239817.9947
1415,5,2,Suburb,1980,180229.2694
2909,3,1,Urban,1980,313571.7799
1915,4,2,Rural,1995,220453.2263
2910,3,3,Urban,2021,352009.9928
2074,3,2,Rural,1952,151670.6779
1080,4,1,Suburb,2012,117770.5732
1035,4,3,Suburb,2001,157430.8091
2090,4,3,Urban,1996,201649.0989
1640,3,2,Rural,1972,177385.5826
1881,4,3,Rural,1988,149363.6703
2690,4,1,Urban,1961,209521.0085
1756,2,3,Suburb,1990,99676.32266
1622,2,2,Urban,1993,186106.1401
2703,3,2,Urban,1967,261923.8246
2504,4,3,Suburb,2012,287885.0658
1467,3,1,Urban,2014,235213.9193
2165,2,3,Rural,2011,220044.085
1355,2,3,Rural,1985,174812.901
1708,4,2,Urban,1978,132064.3668
2494,3,3,Suburb,2001,216914.2566
2644,2,1,Rural,1979,158712.7857
2019,5,1,Rural,2008,156818.3766
2911,4,1,Urban,1991,273641.7449
2614,3,1,Suburb,1973,259192.6758
1901,5,1,Rural,1972,184790.9769
1672,4,3,Suburb,1988,180077.4485
1438,4,1,Rural,1950,183950.3735
1530,2,1,Suburb,1998,126415.9344
1126,3,3,Rural,2001,126502.9282
1204,2,3,Urban,1981,150190.2541
1028,5,1,Suburb,2018,97678.58463
1444,5,1,Suburb,1964,151725.3033
1965,5,2,Rural,1959,247266.8934
2742,5,1,Suburb,1982,385924.2783
1463,5,1,Suburb,1989,204428.6638
2303,3,2,Rural,1972,190238.4806
1150,3,3,Urban,2011,101998.4095
1239,4,3,Urban,1961,98084.56483
1265,4,3,Urban,1979,178439.0865
2717,3,1,Rural,1960,329769.5842
2128,4,2,Urban,1991,152499.7545
2960,2,2,Suburb,1998,308418.867
2456,3,1,Suburb,1969,235349.8677
1912,2,1,Urban,2017,177388.8353
1496,5,1,Suburb,2012,163693.1782
2463,5,1,Suburb,1964,258718.7065
2771,4,3,Urban,1966,269490.6239
1684,3,2,Rural,1969,207368.398
1157,5,2,Urban,1956,109352.0922
1171,4,2,Rural,1988,125619.7455
1493,2,3,Suburb,1986,145033.03
1969,3,3,Urban,2016,286101.4622
2334,4,2,Suburb,1996,240040.7245
2426,5,3,Suburb,2002,375441.4538
2692,2,3,Rural,1952,316980.2676
2793,2,2,Suburb,1958,216293.3844
1675,4,1,Rural,1975,136489.7432
1658,3,2,Urban,1996,150125.6605
1902,4,1,Suburb,1963,285462.951
1665,5,3,Rural,1999,256567.4195
2486,3,1,Urban,2020,359999.0484
1366,5,1,Suburb,2017,165494.9765
1549,2,1,Urban,1986,150777.3368
1642,2,1,Suburb,1978,128781.1916
2893,5,3,Suburb,1982,370805.977
1254,5,2,Urban,1970,102913.0476
1207,2,2,Suburb,1999,151800.1481
1449,4,1,Urban,2018,150483.6995
1094,4,2,Suburb,1995,177631.396
2883,4,2,Suburb,1989,304711.5472
1838,5,2,Suburb,1988,250029.3332
1477,5,2,Rural,2010,175242.0114
1682,2,3,Suburb,2017,178214.6194
1761,3,2,Suburb,1973,226237.2378
1189,4,1,Rural,1999,207610.9318
1710,4,2,Rural,1996,228789.4745
2507,4,3,Suburb,1996,333125.8656
2756,2,2,Suburb,1969,221758.7511
2559,3,1,Suburb,1999,309136.5027
1755,3,3,Urban,1966,231356.2562
2446,3,2,Urban,1962,276015.5999
1835,4,1,Urban,1950,175651.0052
2663,5,1,Suburb,1957,317397.6879
2628,4,1,Suburb,1967,352636.9952
2835,3,2,Urban,1950,299332.0789
1132,2,3,Rural,1969,117475.489
1054,3,2,Rural,1988,96197.28301
1509,4,3,Suburb,1954,303433.8124
1669,5,3,Suburb,1975,206921.9547
2564,3,1,Suburb,2010,226691.6958
1409,5,1,Urban,2003,149052.7428
2234,3,1,Urban,2010,207165.3114
2689,5,2,Urban,1955,279747.4394
2316,5,3,Suburb,2006,300227.6104
1986,3,1,Rural,2021,320415.6069
1733,2,2,Urban,1997,188321.8115
2138,4,3,Rural,1956,181225.3083
2972,4,3,Rural,1975,244163.3533
2693,3,2,Rural,1990,316430.995
1258,5,3,Rural,1993,178281.1468
2786,4,2,Rural,1967,287520.6816
2145,5,1,Urban,1973,207252.0338
1298,2,3,Rural,1950,63344.80594
2798,3,2,Suburb,1954,300211.0733
2404,2,1,Urban,1982,260782.7341
1560,5,1,Rural,2005,107668.6401
2912,5,1,Rural,1998,264622.6791
2864,3,3,Urban,1982,344062.6166
2524,5,1,Rural,1972,218460.9455
1296,3,1,Suburb,1955,107627.2909
1361,3,1,Rural,2016,186117.2479
1588,2,2,Urban,2007,259524.7049
2486,4,3,Urban,1968,304576.0086
2461,4,1,Urban,1979,303131.0025
1126,5,3,Suburb,1989,152519.1396
1196,4,1,Rural,1995,92027.16523
1220,5,2,Urban,1991,163916.2758
1994,4,1,Suburb,1966,232619.6035
1090,2,3,Suburb,1987,201831.0744
1410,4,1,Urban,1974,142528.1145
1007,5,3,Urban,1995,155686.8819
1543,5,3,Suburb,1993,226783.5679
1467,4,2,Urban,2014,160999.5693
1319,3,1,Urban,1965,104338.2138
2417,2,3,Suburb,1952,272833.6889
1268,3,2,Rural,2017,150198.2508
2214,4,3,Urban,1981,225110.0521
2884,3,2,Suburb,1952,282731.557
2698,4,1,Urban,1994,390468.0058
1060,5,1,Urban,1999,94470.87955
2461,3,1,Rural,1967,263330.8902
2287,2,1,Urban,1987,307190.2887
1796,3,1,Urban,2012,141177.987
2118,5,1,Urban,2018,171326.2134
1552,5,3,Suburb,2018,165783.2586
1925,5,3,Urban,2005,171281.6394
2493,3,2,Urban,1958,270388.22
1660,5,1,Suburb,1971,276560.0061
1715,5,1,Urban,2011,114754.6735
1778,3,3,Urban,1969,217089.9164
2537,3,2,Urban,2013,265872.8075
2713,4,2,Rural,1954,270724.091
2960,3,2,Suburb,1952,309065.4335
1193,5,1,Suburb,1969,155477.3438
1481,2,1,Suburb,1954,149119.8198
2922,5,2,Rural,2000,362401.1747
2359,5,1,Suburb,2014,228131.6975
2458,5,1,Suburb,2008,304706.9874
2219,3,1,Suburb,1992,211362.1021
1854,2,1,Urban,2020,185066.4394
2272,5,2,Rural,2021,349471.6572
1497,3,2,Urban,1970,159789.7312
1211,4,3,Suburb,1984,127235.1074
1664,2,1,Urban,1991,183680.6277
1669,2,1,Suburb,1999,243966.1257
2489,3,1,Urban,2003,371319.7671
2897,4,3,Urban,1969,342032.1523
2674,5,3,Rural,1988,354573.4971
1220,4,3,Suburb,1995,227263.9359
1272,2,3,Rural,1968,117863.0107
2177,3,1,Suburb,1952,280299.0512
2272,4,1,Suburb,1997,306743.1755
1278,5,1,Suburb,2005,170371.5174
2463,4,3,Urban,1952,293459.6919
2971,4,2,Rural,2007,363692.7709
1815,3,2,Suburb,1986,215998.4101
1275,3,1,Suburb,2016,94496.36212
2004,2,2,Urban,2002,187572.6615
1513,3,3,Suburb,1987,168964.5745
2111,4,3,Suburb,1966,307150.8127
2822,5,1,Urban,2010,317894.9047
1922,2,2,Urban,1967,129374.8608
1641,3,1,Urban,1974,185696.3193
1504,4,3,Rural,1982,96438.41159
1589,4,2,Rural,1980,155893.8064
1771,2,3,Rural,1957,118654.7282
2264,2,2,Suburb,2003,244811.7022
2676,3,1,Rural,1997,335279.114
1739,3,3,Suburb,1969,157505.1735
1674,5,1,Rural,1993,162134.4977
2259,2,3,Suburb,1992,296720.6988
2013,2,2,Suburb,2008,209293.3692
1127,4,2,Urban,1975,111814.0208
1502,5,3,Rural,1978,215275.1275
2223,3,3,Urban,1973,261793.4561
2985,5,3,Suburb,2009,295674.1605
1901,5,2,Suburb,1960,247850.3885
1542,4,1,Rural,2020,77139.23958
2525,2,1,Suburb,1955,263284.1929
2673,2,3,Rural,1998,264376.1714
1491,2,1,Rural,1973,122523.6626
2044,3,1,Rural,2004,155885.6506
2257,2,1,Urban,1959,256181.9481
1713,5,1,Rural,1978,259916.4401
1790,5,2,Rural,2018,189952.8298
2666,2,2,Rural,2000,230662.3915
1415,5,2,Rural,1960,147369.5532
1147,3,3,Rural,2017,198566.7544
1969,2,3,Urban,1965,178077.3395
1028,3,2,Rural,1988,165175.4305
2384,2,1,Suburb,2009,176295.9488
1307,3,2,Suburb,1982,128962.8145
2906,3,1,Rural,2001,330107.618
2965,3,1,Rural,1963,300629.7294
1161,5,2,Rural,1964,206183.6812
1868,3,3,Rural,2006,240836.9464
1851,4,1,Rural,1992,224641.7575
1060,3,1,Suburb,1971,114484.3842
1124,3,2,Rural,2000,163445.506
2479,3,1,Rural,1951,267274.0933
2094,3,1,Rural,1958,241065.011
1837,2,2,Suburb,1977,177028.6093
2930,5,1,Suburb,1995,392447.8522
2899,5,3,Rural,1992,383841.4776
1465,5,3,Suburb,1989,121425.0817
1242,2,3,Rural,1983,76894.69222
2513,3,2,Suburb,2014,242420.4538
2784,3,2,Rural,1992,333022.4703
2244,5,3,Urban,1976,156384.6768
1472,4,2,Suburb,2002,173724.2174
1958,3,2,Urban,1966,190143.642
1532,3,2,Suburb,2016,93030.89202
1493,3,3,Urban,2013,159333.6886
1898,2,2,Suburb,2009,211937.8072
1081,3,2,Suburb,1965,100669.6135
1855,5,3,Rural,1993,281045.9249
1878,3,3,Suburb,2013,208582.3625
2545,5,2,Suburb,1979,287144.9554
1922,4,2,Urban,2005,261835.5205
1011,2,1,Urban,1981,71492.27562
2286,4,3,Urban,2018,230448.4783
2680,3,1,Urban,1961,283320.1728
1448,4,1,Rural,1973,134973.5744
2215,3,1,Urban,1982,167065.7979
1761,5,1,Rural,2015,202669.7334
2137,3,3,Rural,1985,244517.6951
1025,2,3,Urban,2002,111335.6521
2806,4,3,Urban,1955,362599.2892
2522,3,1,Urban,1990,278636.1577
1507,5,3,Suburb,1983,222480.3586
2568,4,3,Urban,1975,301032.2521
1061,2,3,Urban,2015,169806.2274
1228,3,2,Rural,1963,235583.1822
2838,2,1,Urban,1986,307101.3164
1606,5,3,Suburb,1964,238666.0599
2058,4,3,Urban,2007,254839.8826
2728,4,1,Urban,1968,348203.6439
2479,4,1,Rural,1968,302734.7763
2611,5,3,Suburb,1953,262852.5087
1890,3,2,Suburb,1992,218287.4873
2525,3,3,Urban,1956,258322.5442
1760,3,2,Suburb,1962,210679.2287
1594,2,1,Urban,1988,221361.1558
2048,5,1,Rural,1979,229156.6614
2592,4,2,Suburb,1982,298917.9978
2055,5,1,Urban,2011,336374.3921
2854,5,2,Rural,2004,323182.6132
2035,5,3,Rural,2015,216872.1316
2342,4,3,Urban,1968,198197.9462
2868,4,1,Rural,1991,362706.5943
2627,2,1,Rural,2011,287904.8681
1000,5,1,Urban,1976,193218.5709
2458,3,2,Suburb,1956,283453.8603
2861,2,1,Suburb,1989,368132.6965
2159,4,3,Rural,2014,269211.2467
2219,4,3,Urban,2017,224567.0572
1132,2,3,Suburb,1965,144617.9893
1085,3,2,Suburb,1976,152500.4554
2499,5,3,Rural,2020,337585.0031
2830,5,3,Rural,1998,320248.052
2814,3,1,Suburb,1967,220946.8341
2347,5,3,Urban,2014,251483.0171
2203,4,1,Urban,2006,266465.6029
1515,2,3,Rural,2014,186299.9929
2661,3,3,Suburb,1993,295017.1148
1174,2,1,Suburb,1960,144116.64
1762,5,1,Rural,2019,206111.9866
2044,5,3,Rural,1972,223667.7226
1996,4,2,Suburb,2008,274818.5964
2975,4,2,Urban,2005,343035.2813
2128,5,1,Rural,1956,216755.9292
1577,5,1,Urban,1992,222581.426
2466,4,3,Urban,2011,306749.4342
2798,4,2,Suburb,1985,320512.755
1048,3,2,Urban,2008,45817.59759
1527,4,3,Urban,1997,162513.7958
1144,3,2,Suburb,2002,109574.0602
2363,3,3,Rural,1998,185801.5109
1761,2,3,Urban,1993,110305.0378
2878,4,1,Rural,1950,292079.0611
2377,3,3,Suburb,2001,281626.5035
2098,2,2,Suburb,1971,222754.2057
2825,2,2,Suburb,2012,342653.5288
1928,4,3,Suburb,1994,292813.173
1793,4,1,Suburb,1982,142015.8413
2601,2,2,Rural,1990,333890.3691
2660,3,1,Rural,2015,267280.2014
1318,4,3,Suburb,1964,136602.6845
2110,2,3,Urban,1957,266651.2101
2576,2,2,Suburb,1990,337815.9871
1697,3,2,Suburb,1962,124917.0228
2889,5,1,Urban,1977,342260.5004
2915,3,3,Urban,1952,344572.2096
1846,2,1,Suburb,1993,214461.989
2801,3,2,Suburb,1976,300544.8504
1782,4,2,Urban,1964,226750.2885
1041,2,1,Urban,2001,79161.75394
2116,3,3,Suburb,2005,224846.5281
2720,3,2,Suburb,1956,291740.5227
2750,3,3,Urban,1979,328982.2308
2530,3,2,Suburb,1983,271991.8332
1528,2,3,Rural,2016,150429.9887
2979,3,2,Suburb,1992,329875.2695
2288,4,3,Urban,1995,363715.7236
2649,5,3,Rural,1953,288751.05
1291,5,2,Suburb,1995,78787.24444
1968,5,3,Urban,1978,209859.8631
2487,4,3,Rural,1967,243787.9077
2827,5,2,Urban,1994,332199.1192
2583,2,1,Suburb,2008,224706.1831
2842,2,2,Rural,1988,325574.6522
1096,4,1,Suburb,1966,86958.91596
2910,4,2,Rural,1988,315015.4537
2118,2,1,Suburb,2002,249741.4287
2349,4,1,Rural,1952,291704.4861
1073,4,2,Urban,1975,89194.74013
2359,2,3,Suburb,1985,225695.2699
2091,2,2,Suburb,1961,190090.3441
1757,3,1,Urban,1977,230410.7393
2941,3,1,Suburb,1952,257287.8415
2100,5,1,Rural,1975,206978.2676
1207,4,2,Urban,1976,135725.1807
2907,2,1,Rural,2012,212466.283
2789,5,3,Urban,1965,343283.6168
2244,3,3,Rural,2006,282930.7074
2285,4,3,Suburb,1995,257211.0737
1409,5,2,Rural,1968,109802.6042
1330,4,3,Suburb,1953,176739.5798
1343,5,2,Urban,1988,283439.9024
1988,4,1,Rural,1998,241144.8453
1770,4,2,Rural,2008,131264.1068
2843,2,3,Suburb,1982,306175.0225
1073,4,2,Urban,2014,155070.9547
2660,3,2,Suburb,2010,312818.2016
2723,2,2,Urban,2015,198325.4688
1253,4,2,Suburb,1996,176282.6721
1958,3,1,Suburb,2006,234415.1152
2856,3,2,Suburb,1981,376712.769
1819,5,2,Rural,2007,168027.973
2770,2,2,Rural,1995,279659.695
1985,2,1,Suburb,2005,238809.6922
2785,5,1,Urban,1998,241473.396
1331,5,1,Rural,2000,158551.5275
2421,5,2,Suburb,1984,242350.684
2368,2,2,Urban,1991,222770.7561
2607,3,1,Urban,1988,180789.0867
1746,3,2,Urban,1958,174574.9427
1835,4,2,Suburb,1996,276796.9706
2691,2,1,Rural,1980,354722.0618
1454,2,1,Urban,1965,194743.6424
2929,5,3,Suburb,2007,380295.2801
2138,2,1,Suburb,1967,258340.2126
1312,2,1,Suburb,1959,106077.2198
2017,3,1,Suburb,1958,231782.6732
1227,2,1,Suburb,1998,131205.3314
1833,3,2,Rural,1970,104999.8141
1857,3,1,Rural,1968,170001.4808
2268,2,2,Suburb,1956,293928.447
1817,3,2,Rural,1953,215261.6545
2549,5,1,Suburb,1995,299857.7016
2017,3,1,Urban,1966,188948.8744
1527,2,3,Rural,1978,224807.6727
1949,5,2,Rural,1977,262572.5119
1426,5,1,Suburb,1977,91650.14622
1041,2,2,Suburb,1953,127270.6427
1464,4,3,Rural,1953,180893.319
2645,3,1,Urban,1960,254114.4302
1277,3,3,Rural,2014,204317.8432
1835,4,2,Rural,1998,160925.3074
1018,5,3,Rural,1985,165478.148
1065,4,3,Urban,2007,59289.73798
1166,2,2,Urban,1963,73984.90556
2608,4,2,Suburb,2012,262085.6623
2019,5,2,Rural,1952,293831.3337
1402,2,2,Suburb,1980,95489.24663
2935,2,2,Urban,1999,311747.5844
2845,2,2,Rural,2004,285447.9815
1408,3,3,Rural,2012,181802.3189
1111,3,2,Rural,2008,71124.1678
2297,2,2,Rural,1976,250398.8628
2430,4,2,Suburb,1974,336770.6017
2396,3,2,Rural,1955,344080.7916
1596,5,1,Urban,1959,110087.2681
1650,3,3,Suburb,1975,228062.5457
2062,4,3,Rural,1955,262698.5385
1104,3,1,Suburb,1970,145852.3355
1323,4,3,Suburb,1971,169048.5959
2816,4,3,Rural,1996,417157.2553
2982,3,2,Urban,1989,287924.3902
1991,4,3,Rural,1996,121460.5957
2437,4,1,Rural,1987,296771.9418
1428,5,3,Urban,1977,131307.9041
1634,2,1,Rural,2001,80039.28553
1729,2,1,Urban,1961,192313.7837
1888,3,3,Suburb,1973,195039.6223
2084,4,2,Urban,1973,192699.4471
2635,3,1,Suburb,2018,236864.9834
2330,3,3,Urban,1958,281523.1527
2377,2,3,Suburb,1984,312362.338
1392,4,2,Urban,1968,62371.5866
1203,3,2,Suburb,2006,184878.285
1257,3,3,Rural,1950,216471.6973
1485,2,2,Urban,1998,159175.9976
2540,2,1,Urban,2007,194880.8486
1445,2,3,Suburb,1989,118294.2231
2732,3,2,Urban,2011,220885.7092
2203,4,3,Urban,1970,195598.0829
2023,2,2,Urban,1956,224722.836
1341,2,1,Urban,1950,134402.2657
1132,4,3,Urban,1970,173390.4202
1442,3,2,Suburb,1956,163250.3277
2859,3,1,Urban,1965,278557.1298
1252,4,1,Rural,2003,139948.7574
1264,2,2,Rural,2012,83112.62945
1092,5,3,Rural,2001,131128.4808
2685,4,2,Suburb,1963,311212.4861
2434,5,2,Urban,1951,264308.9754
1137,3,1,Urban,1969,178426.6453
2231,3,2,Urban,2017,247638.905
2001,5,2,Urban,1991,304239.7785
2660,2,3,Suburb,1977,241664.8315
2769,5,2,Rural,1970,290189.2717
2596,2,3,Suburb,1961,191394.3366
1306,4,2,Urban,2004,204428.9088
1265,3,1,Urban,1952,103306.1438
1645,3,2,Urban,1968,262963.9254
1317,5,3,Rural,1950,72682.30876
2136,4,3,Urban,1950,210227.7008
1900,5,2,Urban,1953,295899.0852
2401,5,2,Suburb,1953,315389.1593
1453,5,2,Urban,1953,49068.96086
1190,2,3,Rural,1965,157586.9138
2914,3,3,Suburb,1990,270531.8323
2463,3,1,Urban,1983,306125.3816
2210,5,2,Rural,1950,229470.348
1830,2,3,Suburb,2013,238350.0437
2390,3,3,Urban,1969,197641.7325
2112,2,3,Urban,1972,221820.5512
1186,4,3,Suburb,2021,163717.8804
1818,2,1,Rural,1963,148506.3195
2969,2,3,Suburb,1988,300042.1002
2020,4,3,Suburb,1996,308666.5345
1131,3,2,Rural,1989,154977.5923
1871,3,1,Rural,1995,113221.6885
1634,2,1,Urban,1985,166724.6578
2583,2,1,Suburb,1990,314824.1052
2823,4,2,Urban,2008,285641.2121
2399,4,1,Rural,1965,290876.8517
1690,3,3,Suburb,1984,243142.9472
1691,3,1,Suburb,1978,116942.41
2122,4,3,Suburb,2009,263246.1235
2865,2,1,Rural,1980,313256.1351
2057,4,1,Rural,1966,283573.1392
2955,3,3,Suburb,1975,303487.5514
1581,2,2,Suburb,1966,193543.3756
1170,5,2,Rural,2009,221524.6768
2389,5,2,Rural,2016,321590.7391
1783,4,3,Rural,1967,183921.106
2082,3,3,Suburb,2002,232809.8306
1180,2,1,Urban,2009,222548.077
1018,5,1,Urban,1995,17429.04853
2249,2,3,Suburb,2003,164411.0877
2496,2,1,Urban,2012,320881.9953
2118,2,1,Suburb,1975,238530.3017
1880,2,2,Urban,1984,260768.9013
2320,4,3,Suburb,2005,267864.6067
2616,2,2,Rural,1984,309713.7957
1174,5,1,Urban,1954,203542.7587
2245,5,1,Urban,2000,275296.7465
2638,4,2,Rural,1981,286619.8541
1053,5,3,Urban,1987,209559.997
1694,2,1,Suburb,1974,201890.8764
1862,5,3,Suburb,1974,230633.3553
2426,3,2,Rural,2021,360293.6943
2341,2,1,Urban,1989,193859.4613
2890,4,2,Suburb,2019,240102.6953
1348,3,3,Rural,2020,258121.5604
1442,5,1,Urban,1979,85587.7979
1832,3,3,Suburb,2000,301556.3108
1579,5,3,Urban,1973,199269.2734
2563,5,1,Urban,1957,220293.5341
2809,5,2,Suburb,1957,333017.2759
1281,4,1,Urban,2009,102904.5787
1359,3,3,Suburb,1980,129237.6035
1914,4,3,Suburb,1994,243726.9477
1822,5,3,Suburb,2012,173305.327
2654,2,1,Rural,2017,234480.1287
1891,2,3,Rural,1951,250048.8575
1952,4,1,Urban,1971,188059.2026
2669,2,1,Suburb,1984,230317.572
1640,3,3,Suburb,1988,88452.10572
2031,2,3,Suburb,2006,175849.4593
1562,2,3,Rural,2018,131376.1577
1490,5,2,Suburb,2014,129981.1515
1340,3,2,Urban,1980,232614.9348
1471,3,2,Urban,1996,239247.2274
2816,2,3,Suburb,1966,308310.4543
2710,5,3,Urban,2016,278688.3544
2718,2,2,Urban,2018,254615.6324
2727,2,1,Urban,2008,291995.4834
1248,4,2,Suburb,1978,152978.6771
1234,5,2,Suburb,1992,99661.94373
2106,4,1,Suburb,1958,284386.2925
2116,2,2,Suburb,1959,196647.4878
2908,2,2,Urban,2007,316121.6999
2417,5,2,Suburb,1969,226848.4143
1823,3,1,Rural,2003,133220.8399
2291,2,1,Rural,1968,144592.9623
2440,2,2,Rural,1985,269720.7889
1631,4,3,Suburb,2002,186247.4937
2606,4,2,Rural,2007,235810.5037
1528,5,1,Suburb,1986,177639.7772
2276,4,1,Urban,1979,242139.0357
2980,3,1,Suburb,1978,353422.5116
1121,2,3,Suburb,2009,61933.63143
1891,4,3,Urban,1985,246076.0855
1009,3,3,Urban,2003,84151.19053
2822,2,2,Suburb,1982,296193.9164
2339,2,1,Suburb,2017,115376.9494
1837,3,2,Rural,1999,155794.0984
2296,2,2,Rural,1974,227271.1003
2329,3,3,Urban,1988,252319.6736
2828,3,2,Suburb,1958,296442.0456
2233,4,3,Rural,1951,183456.2758
2981,5,3,Urban,1989,378732.0148
2753,3,1,Suburb,1974,229167.9109
1752,4,1,Rural,1987,224889.6903
1885,2,2,Suburb,1974,159581.3878
1463,4,2,Urban,1998,215679.3442
1711,3,1,Urban,2012,202308.7971
1727,4,2,Urban,2006,248363.567
1716,5,1,Rural,2015,219058.1841
2948,2,1,Rural,1952,299957.3443
2439,4,3,Suburb,1976,278477.6396
2239,2,1,Urban,1979,208593.2158
1079,3,1,Urban,1967,160661.6576
2802,5,3,Urban,2007,353828.2373
1479,5,3,Suburb,1976,124274.9279
1901,4,3,Rural,2010,163711.5679
1890,2,3,Suburb,2012,267859.1625
2570,2,1,Urban,2007,344530.5624
2824,4,1,Urban,1966,245942.5614
1017,4,1,Rural,1953,79656.68132
2188,4,1,Rural,1970,187437.6491
2548,4,1,Suburb,2007,227581.9281
1201,5,1,Suburb,1960,197308.1562
1740,4,3,Rural,1967,266645.1291
2369,2,1,Urban,1966,267564.2044
2389,3,3,Urban,1963,342989.9499
2471,2,3,Rural,2011,307784.4146
2536,4,1,Rural,1963,255777.837
1318,5,3,Urban,1983,317693.799
1216,4,1,Urban,2009,144190.3208
2057,3,2,Urban,2015,227786.6175
2894,4,3,Rural,1965,401424.4732
1265,3,2,Suburb,1985,136205.9595
2663,4,3,Urban,1977,285383.7037
1723,5,1,Rural,1961,225435.0454
1774,2,1,Rural,1978,218552.0119
2847,3,1,Urban,2001,306747.2692
2103,2,1,Rural,1953,206383.5604
2700,4,3,Rural,2001,253350.6318
1412,2,1,Suburb,1973,143412.3383
2275,5,2,Suburb,1955,294153.4078
2035,5,3,Suburb,1984,237050.756
1400,2,2,Rural,1962,274079.0242
2839,2,1,Urban,1990,271308.1081
1723,5,1,Urban,1979,125328.3995
1281,3,1,Suburb,1971,127187.603
2135,3,3,Urban,1977,224930.1832
1722,5,2,Rural,1955,258130.6026
2401,5,1,Suburb,1989,266759.075
1750,3,1,Suburb,2013,212794.1648
1267,2,1,Rural,1991,189181.2359
2940,2,3,Rural,1963,410190.9065
1297,4,3,Suburb,2008,86787.39334
2340,3,1,Suburb,2003,294349.4132
1569,5,2,Urban,1979,183027.2806
1508,4,1,Suburb,1950,171325.8867
2973,2,3,Rural,2021,297612.3135
1545,3,1,Suburb,1972,101295.3203
1774,4,2,Suburb,1986,163207.425
1364,2,3,Urban,1994,125179.4148
1546,5,2,Urban,1973,244383.1804
1270,2,2,Urban,1950,244628.0664
2984,2,1,Suburb,1953,313834.0245
2497,3,3,Rural,1966,323155.1699
1738,5,3,Rural,1992,126754.7214
1536,3,3,Urban,1969,196838.7538
2257,5,2,Urban,2021,218913.5695
1058,4,3,Rural,1982,133452.4986
2274,2,2,Urban,2006,297953.798
2870,3,3,Suburb,2006,334236.6573
1085,5,1,Urban,1974,118835.8115
1762,3,2,Rural,2001,227431.5771
1389,2,1,Urban,2007,244621.3941
2203,2,1,Urban,2006,258328.6633
1718,4,1,Urban,2015,167795.2266
1855,5,1,Suburb,2019,147792.7794
1148,5,2,Rural,1984,189579.2498
1582,4,3,Urban,2015,153162.7734
1120,4,2,Suburb,2021,140800.6618
1764,5,1,Rural,1957,261680.285
1604,5,1,Rural,1995,167533.7499
1255,3,3,Suburb,2011,207268.5818
1765,5,1,Suburb,2013,179284.5565
1863,3,2,Rural,1979,162020.9812
1799,3,2,Urban,1978,182070.6023
2332,3,2,Suburb,1995,275456.4607
1058,3,2,Suburb,2000,80597.95563
2021,2,1,Suburb,1986,214093.5353
2092,4,3,Suburb,1968,342231.3607
2469,4,2,Suburb,1953,329222.1998
1387,5,1,Suburb,2003,132466.7366
2109,4,2,Rural,2001,330196.4953
1785,4,3,Urban,1987,249187.7763
2250,2,1,Urban,1950,288267.4496
1592,3,2,Urban,1983,205481.6844
2649,3,3,Rural,1980,282312.8286
2207,3,1,Rural,1984,317882.7531
2815,4,1,Rural,1960,339017.4266
2345,4,2,Suburb,1967,309776.9025
1908,5,1,Suburb,2019,199344.2668
2341,2,1,Suburb,1993,245705.0162
1565,2,2,Rural,1992,140766.1922
1398,5,2,Urban,1984,189333.9381
2732,5,1,Suburb,1963,318956.22
1898,5,2,Rural,1998,240084.0634
2316,3,2,Suburb,2016,253488.3113
1292,3,1,Urban,1959,149298.6943
1484,3,2,Urban,2009,222156.0816
2922,3,3,Rural,1981,353719.1685
2470,5,1,Suburb,2006,353078.4092
1802,5,1,Suburb,1978,219248.9987
2715,5,3,Urban,2016,238110.9805
2915,3,2,Rural,1973,376692.4088
2435,3,2,Rural,1976,230039.8616
2531,4,2,Suburb,1964,291506.8698
2757,5,1,Suburb,1977,360298.3948
2809,2,2,Rural,2019,389053.3245
1889,2,2,Urban,1950,185371.0799
1243,4,1,Suburb,1950,154425.0404
2443,3,1,Rural,1969,161784.4851
2952,5,2,Rural,2020,342583.6161
1959,3,3,Rural,1977,190658.7372
2177,3,1,Rural,1951,258881.868
1815,2,3,Rural,1998,146364.7291
2447,2,3,Urban,2018,285927.7256
1272,5,1,Suburb,2011,185377.4776
2959,5,3,Urban,1956,408319.435
2670,3,2,Rural,1957,190513.8334
2848,3,3,Suburb,1992,371918.9801
1519,4,2,Suburb,1998,102236.8946
2151,3,1,Rural,1989,173704.4983
2396,4,2,Urban,1974,199676.4747
1567,3,1,Urban,2013,256007.6563
1637,3,3,Suburb,1972,162254.0452
1158,3,1,Suburb,2008,151418.281
2594,5,2,Rural,1974,249654.6422
2593,5,1,Urban,1950,327729.2884
1651,5,3,Urban,1982,254363.0613
1175,4,3,Rural,1963,207735.455
2950,4,2,Urban,1950,346570.2206
1619,5,2,Urban,2002,211393.0617
1210,4,1,Rural,2004,117881.1243
1446,5,2,Urban,1973,242385.8571
1585,2,1,Suburb,1961,188015.4681
1166,5,2,Urban,1962,226186.232
1459,2,3,Suburb,1972,105528.7244
1915,3,3,Urban,2017,152422.1457
2380,4,2,Rural,1983,285623.0821
2327,4,1,Rural,1976,288167.7033
2256,5,3,Suburb,2008,227653.5268
2350,3,1,Urban,2014,309071.5801
2907,3,3,Urban,2002,262616.2195
2205,3,2,Suburb,1961,239974.8455
2657,3,2,Suburb,1956,328716.5029
2357,4,2,Suburb,2011,327062.7813
2738,5,3,Rural,2020,303638.5711
2990,5,2,Urban,2000,255831.3508
2052,2,2,Rural,2000,230028.5292
1713,4,2,Rural,1995,219999.0578
2116,2,1,Suburb,1999,258271.0738
1840,3,2,Suburb,2005,232352.3369
1867,5,1,Rural,2012,225947.4565
1687,2,1,Urban,1993,265847.114
1329,4,3,Suburb,1958,239452.5416
2746,5,2,Urban,1986,238485.9494
2207,4,3,Suburb,1999,255090.0878
1094,5,2,Suburb,2020,70455.12834
1784,4,1,Urban,1986,92679.1067
1648,4,3,Rural,2019,158452.7161
2772,5,1,Rural,1976,300675.3496
1352,4,2,Rural,1978,113556.0046
1929,4,3,Rural,1983,129901.4283
1940,3,2,Rural,2010,168404.8797
1983,5,3,Urban,2020,308516.2236
2288,2,2,Suburb,2006,275255.6328
2670,5,1,Suburb,1967,294821.0217
2679,5,1,Suburb,1961,294706.1505
2042,3,3,Rural,2016,230200.7772
2766,2,2,Rural,1981,292814.8009
1645,2,2,Suburb,2021,212720.234
1625,2,1,Urban,2015,304931.4525
2522,4,3,Urban,1959,173284.033
1138,4,2,Rural,2006,68994.90132
2660,4,2,Suburb,1960,313845.2173
1715,2,1,Suburb,2000,175817.5309
2596,5,2,Suburb,1990,298112.1943
1761,5,1,Rural,1986,100738.7776
2833,2,3,Suburb,1976,238069.3972
2548,2,2,Rural,1981,276807.4351
2931,3,2,Suburb,1981,285056.7464
1254,4,1,Rural,2021,121916.0729
2108,4,1,Rural,1952,179649.8777
2481,4,2,Suburb,2011,263115.0187
2555,3,1,Urban,1952,212975.102
2585,3,1,Urban,1954,216428.1959
1675,3,3,Urban,1954,220785.723
1091,2,1,Urban,1988,129028.3184
2623,3,2,Rural,2011,317825.8856
2092,5,1,Urban,1996,216294.0189
1036,2,2,Rural,2002,154261.4095
2788,2,2,Rural,2000,409762.0205
2787,4,1,Urban,2018,262795.1427
1139,4,2,Suburb,1981,95558.19461
1866,3,3,Urban,1960,241819.9189
2916,5,3,Rural,1975,329532.8695
1679,2,2,Urban,2008,195089.1652
2589,2,3,Rural,1981,396522.6552
2921,2,1,Suburb,1977,331405.5076
2201,4,1,Suburb,1952,233171.5428
2832,4,1,Suburb,2015,275133.0262
2836,5,2,Rural,1965,272480.3796
2894,4,1,Suburb,1958,275553.724
2641,5,1,Suburb,1998,292983.2914
1136,4,2,Urban,1980,97160.26161
1189,5,3,Urban,2017,210597.5648
2663,4,1,Rural,1970,242006.5191
1341,4,2,Urban,2020,150648.3657
2582,3,3,Rural,1992,351506.4751
2028,3,3,Suburb,2015,193842.0588
1971,3,3,Urban,1987,241457.1095
2280,5,1,Urban,2010,259151.3388
2835,5,3,Urban,1978,248679.5393
1661,5,3,Rural,1988,213690.4539
2829,5,3,Suburb,1957,313362.7382
1242,3,1,Rural,2009,197214.6556
2810,2,2,Rural,2005,338938.566
2743,4,3,Urban,2015,368930.8076
1414,4,2,Rural,2001,166318.2539
2650,5,3,Suburb,1988,276041.0471
1706,3,3,Rural,2006,136528.4176
1342,2,1,Urban,1994,149644.1238
1681,3,3,Urban,1989,305068.8429
2402,4,3,Suburb,1952,212113.0544
2617,5,2,Rural,1967,321711.5243
2689,5,1,Rural,1985,381317.3502
1652,3,2,Rural,2018,219551.932
2849,5,2,Rural,1971,385325.9638
1145,2,2,Rural,2015,195716.5119
1322,4,2,Rural,2004,146805.261
1121,2,1,Suburb,1995,131751.7179
2275,3,3,Suburb,1956,314772.1722
2878,4,1,Rural,1995,311561.9174
2922,2,3,Rural,1970,285871.4961
1310,2,3,Rural,1989,181418.9668
1600,2,2,Urban,1983,208223.0366
1474,4,3,Urban,2005,168808.5492
1569,4,1,Rural,2006,201822.219
2515,5,3,Urban,2018,219087.321
1574,3,1,Rural,1981,108262.6472
1346,5,1,Rural,1996,155743.1566
1819,3,1,Rural,1978,167163.9533
2510,4,3,Rural,1981,267843.9256
2496,2,2,Rural,2018,348697.1875
1381,5,1,Rural,1954,122608.4858
2303,4,2,Urban,2018,197068.263
1071,4,1,Suburb,1985,99259.67311
1520,4,3,Rural,2004,275699.7604
2389,5,1,Urban,1996,276931.7656
1932,4,3,Urban,2012,218931.0999
2117,3,3,Rural,2001,252767.8987
2396,3,3,Urban,2018,225944.9168
1338,2,3,Rural,1973,76654.0693
2460,5,2,Urban,1979,272191.0041
2359,5,3,Urban,1987,294301.4014
1663,5,1,Rural,2001,236726.9622
2515,5,2,Suburb,2021,311833.1733
2940,5,2,Rural,1987,272794.2285
2891,4,2,Suburb,1988,263084.3689
1039,4,2,Urban,2001,113083.8928
2382,3,1,Suburb,1960,220060.5074
1573,5,3,Rural,1969,187253.0851
2277,5,1,Rural,2000,164846.468
1965,5,3,Urban,2014,199570.4096
1580,3,2,Suburb,1995,233184.7558
2421,5,2,Rural,1967,271960.3336
2780,5,2,Urban,2001,317215.2132
2900,4,2,Suburb,1978,377971.3692
1169,3,3,Urban,1980,139054.839
2713,4,2,Rural,1950,329886.3434
1700,2,3,Urban,1955,218842.2602
1510,5,2,Urban,1966,253924.5782
2283,2,1,Rural,1958,171411.3158
1583,5,2,Rural,2014,242353.9592
1983,2,3,Urban,1964,150261.1779
1458,4,3,Suburb,1966,143672.0507
1528,3,1,Suburb,2005,153476.2728
2905,2,3,Rural,1999,337891.2602
1340,4,1,Urban,2014,192418.7011
1056,2,2,Rural,1976,199198.6598
1217,2,2,Suburb,2000,183612.2586
1618,3,2,Rural,2019,170319.0804
1815,4,3,Urban,1969,271168.4235
2963,3,2,Rural,2018,273854.1274
2708,5,2,Suburb,2010,301978.7353
1730,3,2,Urban,1980,197351.3946
1463,3,2,Suburb,1967,175026.0534
1246,2,2,Urban,1967,195016.4105
1729,2,3,Suburb,2019,312300.2191
1372,2,3,Suburb,1984,224255.6778
1416,4,3,Urban,1987,163063.8341
2054,3,3,Rural,1952,215626.0823
1367,5,2,Urban,1978,141481.0397
1558,2,3,Suburb,1988,112538.9586
2669,5,1,Urban,2001,417288.7522
1107,3,2,Urban,1988,170108.077
1583,3,2,Rural,2007,151759.2545
1838,3,1,Suburb,2005,267471.2956
1417,5,3,Urban,2007,210694.3497
2643,5,1,Rural,1953,361345.918
1820,5,3,Rural,2006,219889.3733
2421,3,1,Suburb,2009,275298.4936
2295,3,2,Suburb,2014,188850.0067
1682,2,3,Rural,1964,165912.2984
2139,4,3,Suburb,1969,141227.0141
2864,5,3,Suburb,1959,291356.1707
2609,4,2,Suburb,1969,303110.8695
1255,5,3,Rural,1989,238269.7096
2104,5,1,Urban,2000,260588.629
1779,4,3,Urban,1962,118611.6683
2151,4,3,Suburb,1959,288737.3933
1837,5,2,Rural,1977,163399.3091
1914,3,1,Suburb,1978,176147.7378
1234,2,1,Urban,2014,77586.78738
1552,5,1,Rural,1985,202603.2296
1180,2,3,Urban,1974,183590.5914
1156,3,3,Urban,2008,193759.2741
2477,3,2,Urban,2000,330335.0687
1570,2,2,Rural,2021,152300.5385
1856,5,3,Rural,1952,193021.4784
2784,2,1,Urban,2012,373523.2637
2727,5,1,Rural,1974,338119.531
2047,4,3,Suburb,1977,260811.4572
2496,5,1,Rural,1994,227488.6725
2423,4,1,Rural,1985,224540.3964
1947,4,3,Urban,1985,263271.8681
1591,2,2,Suburb,1966,200770.1771
1133,4,3,Suburb,2017,126927.3112
1420,2,2,Rural,1976,136925.4308
1212,2,1,Suburb,1969,139062.8398
1899,3,2,Rural,2012,142321.3442
1481,2,2,Urban,1965,88575.91027
1347,3,3,Suburb,1966,223584.6709
1165,3,1,Suburb,1983,95245.92971
1936,2,1,Suburb,1967,200024.0963
1347,5,1,Suburb,2016,146356.8666
1848,5,2,Suburb,1998,158301.5101
1397,2,2,Urban,1961,163954.2771
1582,4,3,Rural,1986,208753.8227
1725,2,1,Rural,1966,199278.1302
2458,4,1,Urban,1993,355668.3851
2600,5,2,Urban,2007,229982.6505
2244,4,2,Urban,1952,243730.7004
1307,2,2,Rural,1950,77399.79961
1990,4,1,Urban,1996,204138.9268
1797,3,1,Suburb,2019,153311.3817
2720,3,3,Rural,1993,370376.9909
1718,2,3,Urban,2006,162500.3925
1465,2,1,Suburb,1962,118760.8076
1098,2,3,Rural,1953,135237.3843
2265,5,2,Suburb,1959,238724.1086
1157,5,3,Urban,2015,172129.9267
1609,5,2,Urban,1958,189815.6648
1553,3,3,Suburb,2011,183602.6626
1650,4,1,Urban,1956,222175.0722
2818,3,2,Suburb,1965,263133.0086
1919,4,3,Urban,2011,247707.0642
1226,4,1,Rural,1951,174980.138
1422,2,2,Urban,1987,155250.7901
2095,2,2,Rural,1975,269798.0053
1242,5,1,Rural,2021,180150.8944
1529,2,1,Suburb,1960,126035.9423
2612,3,2,Urban,1982,163570.9197
2068,3,1,Suburb,2000,232845.1337
2495,3,3,Urban,2019,302305.5187
1370,2,3,Rural,2002,152781.0817
2878,2,2,Urban,1968,336110.5223
1651,4,2,Suburb,1973,205754.8272
1688,4,3,Suburb,1973,150400.9431
1733,2,1,Rural,1984,113485.6004
2950,3,1,Rural,1956,268934.421
1091,2,2,Suburb,1950,137955.1665
2045,5,1,Rural,2001,281365.377
1171,5,2,Rural,2019,122363.7596
2627,3,1,Suburb,1961,217680.4691
2215,5,1,Suburb,1977,150048.3178
2100,2,1,Suburb,1987,293855.1199
2304,2,3,Suburb,1975,217583.91
2387,4,2,Suburb,1967,340616.8595
1178,5,1,Rural,2006,237739.6616
1237,5,1,Urban,2006,189330.8108
2158,5,3,Urban,1999,212699.541
1876,5,3,Urban,1959,172808.5769
1901,3,3,Rural,1996,166409.2914
1279,3,2,Suburb,1965,181444.5396
2042,2,3,Rural,2021,206075.3011
2618,5,3,Suburb,2009,387343.1814
1739,4,1,Rural,1992,191646.7591
1370,2,1,Rural,2020,198801.5898
2800,2,3,Rural,2003,288371.2834
2135,3,1,Urban,2008,314785.6044
2786,2,1,Rural,1993,248379.4402
2699,4,3,Rural,1997,310865.4352
1869,5,3,Rural,2013,223707.3311
2703,2,3,Rural,2002,374100.377
2018,4,3,Rural,1984,202270.1188
1220,3,3,Rural,2018,181915.9613
1919,3,1,Suburb,1978,267717.8771
1303,5,2,Rural,2001,106640.9786
2726,2,1,Suburb,1986,305871.6541
2348,4,3,Suburb,1983,173548.0231
2460,3,2,Rural,1966,300911.1215
1437,4,2,Rural,1998,158820.0468
2193,3,2,Urban,1962,299178.0288
1374,3,1,Urban,2004,201039.4964
2580,5,3,Suburb,2013,238455.6367
1380,4,1,Urban,1954,250148.9222
1985,4,2,Urban,1997,208027.0039
1013,4,1,Urban,1970,63236.25112
1742,3,3,Urban,1973,150219.8446
1668,5,1,Urban,1987,224256.5612
1499,4,2,Urban,1953,278258.557
2669,2,2,Rural,1955,262666.2573
2414,4,1,Urban,1983,295454.5433
2572,3,3,Suburb,1995,321542.7211
1564,5,3,Urban,1972,236672.5236
1529,4,3,Urban,1998,140257.041
1491,4,1,Urban,1967,257569.1035
2573,4,2,Urban,1987,324060.4608
2722,2,1,Suburb,1981,274738.8061
2408,3,2,Rural,2012,205816.2918
2219,2,1,Suburb,1971,154476.8877
1754,2,2,Suburb,1984,183029.282
1299,3,3,Rural,2011,206314.146
1814,3,1,Suburb,1960,133329.5408
1546,4,3,Suburb,1969,172563.5268
1726,3,1,Urban,1977,157963.9318
1730,4,3,Rural,2009,128247.7168
1827,2,2,Rural,1996,202296.1538
1601,4,2,Suburb,1988,242041.0522
2331,3,2,Rural,2010,258257.835
2275,4,2,Rural,2020,203101.8486
2031,2,1,Rural,2007,278227.7763
1767,3,2,Rural,1952,136684.5403
1874,3,3,Rural,1973,235298.0856
2231,5,3,Urban,1956,215389.7284
1936,4,1,Suburb,2018,225608.9101
1130,4,1,Rural,2000,225710.5489
2759,4,2,Suburb,1970,232461.8815
2732,2,1,Rural,1966,237270.6878
2677,2,2,Rural,2005,266851.1129
2787,3,1,Rural,2019,279161.6348
1607,3,2,Urban,1953,149183.5099
1025,2,3,Rural,2012,136830.9627
2646,4,2,Urban,1975,323250.2035
2477,4,3,Urban,1950,309307.4338
1634,2,3,Urban,2021,229028.6484
2209,4,1,Rural,2017,239141.5006
1483,2,3,Suburb,1984,235401.5545
1679,4,2,Suburb,1958,199039.3721
2074,4,1,Urban,1988,148565.1513
2914,5,1,Urban,2017,301149.9582
1004,3,2,Suburb,2010,104736.9302
1588,4,1,Suburb,1957,115226.4297
2183,4,2,Urban,1981,284799.7494
1207,2,3,Rural,1995,134598.3623
1256,5,1,Suburb,1959,40834.87533
2228,5,3,Urban,1968,149878.1326
2790,2,1,Suburb,2002,199887.0554
2973,2,2,Rural,1967,314989.269
1010,2,2,Rural,2011,148538.4143
1948,4,2,Suburb,1979,235172.2566
1007,2,2,Suburb,1993,124731.1225
2432,3,1,Rural,1996,207234.1735
1935,2,3,Rural,1972,130398.4171
1031,4,3,Urban,2011,228446.8697
1539,3,1,Suburb,2010,173634.2038
2741,4,1,Suburb,2003,302092.5261
2004,3,3,Urban,1958,267566.1314
1386,3,3,Suburb,1970,178386.7203
2251,3,1,Urban,1990,253064.9913
1639,4,1,Rural,1965,217750.4987
2790,3,1,Rural,1959,334749.1785
2498,5,1,Rural,2019,307709.6353
2747,5,1,Urban,1984,240595.7169
2774,4,3,Urban,1991,334436.9252
1206,5,3,Rural,1951,174992.6293
2341,3,2,Urban,1968,284313.2365
2818,2,2,Urban,1975,261575.8628
2780,2,3,Rural,1984,252854.5675
1556,3,3,Rural,2007,113385.5886
2640,5,2,Urban,2011,303611.3907
1347,3,2,Suburb,1951,133038.428
1792,2,2,Urban,1967,206457.3375
1233,2,1,Suburb,1979,148726.4622
2724,4,2,Suburb,1970,317490.7113
2067,2,1,Rural,1962,225991.7271
2005,4,1,Urban,1976,212238.0097
1736,5,2,Urban,2015,183597.0289
1941,3,3,Suburb,1978,236381.4831
2165,4,2,Urban,2007,236498.7873
2671,3,2,Rural,1980,228594.4141
1175,4,2,Urban,1997,252508.4398
2677,5,2,Rural,1950,297620.1394
1448,5,2,Urban,1952,114990.293
1591,4,1,Rural,1952,117875.866
1081,4,2,Suburb,2002,71077.87611
1134,5,3,Urban,1989,94827.8867
2742,3,3,Suburb,1973,344481.2676
1855,5,1,Suburb,1999,270670.4162
2200,3,1,Urban,1983,234041.881
2406,4,2,Urban,1952,294288.9054
2266,3,2,Suburb,1983,271106.0595
2590,4,1,Rural,1976,263356.052
2164,3,3,Urban,2018,314629.3077
2480,4,2,Rural,1975,212303.6845
1439,2,3,Rural,1991,185830.9517
2079,2,1,Rural,1992,253127.0947
2550,5,3,Urban,2011,254534.5002
1696,5,3,Urban,1991,265906.5275
2849,4,3,Suburb,2020,262884.8795
1418,3,2,Urban,2005,173461.7507
1087,4,1,Urban,1975,125552.2399
2632,2,2,Urban,1952,219649.343
1655,2,3,Suburb,2018,230048.759
2031,4,2,Rural,1980,238879.0238
2500,2,2,Urban,1965,315198.6285
1214,5,2,Rural,1969,73236.75926
2708,4,1,Urban,1993,279699.0505
2758,5,1,Urban,1965,286650.6302
1551,5,3,Urban,2018,210971.4745
2520,5,2,Urban,2008,266536.989
2717,2,3,Suburb,1981,214265.578
1502,3,2,Suburb,1992,154255.906
2805,3,3,Rural,1972,344814.5869
1698,3,1,Urban,1994,210323.1658
1244,5,3,Urban,2007,202304.5662
2501,4,1,Urban,2018,198426.746
1308,5,2,Suburb,1953,120328.4321
1230,5,2,Rural,1988,103106.0746
2406,4,2,Rural,1952,234356.7526
1154,3,3,Urban,2013,215607.5772
2198,3,3,Urban,1972,215199.4104
1847,3,3,Urban,1962,160358.6281
1114,5,1,Urban,1999,114046.8796
2413,5,2,Rural,2005,215815.0277
1310,2,2,Urban,2012,66432.25776
1992,3,1,Suburb,1989,225262.3721
1299,5,1,Urban,1998,189316.4516
2041,2,2,Urban,1990,203514.3698
1783,5,2,Rural,2021,259276.5628
1011,5,1,Urban,2008,60987.41847
2427,3,1,Rural,1965,218337.0488
2836,4,2,Suburb,1978,284820.0039
2727,5,2,Urban,1969,359274.5841
1231,5,1,Suburb,2004,142576.5363
1954,5,2,Suburb,1967,283302.3967
2628,3,1,Suburb,1955,238065.8189
1729,5,2,Rural,2007,100288.9116
2301,2,3,Urban,1995,203483.4489
2376,3,3,Rural,1965,280099.6093
2017,2,2,Urban,1961,187376.1359
1998,3,1,Rural,1968,192888.2287
1302,5,3,Urban,1957,105068.2502
1540,5,1,Urban,2009,170507.1912
1469,2,3,Rural,2013,280765.8943
1812,2,3,Rural,1966,114272.9995
1076,3,3,Urban,2013,118085.6711
2019,3,2,Suburb,1965,219789.2687
2544,4,2,Suburb,1999,244219.2249
1023,4,1,Urban,2009,28406.6366
2038,4,2,Suburb,1967,267347.334
1675,5,1,Urban,1968,165943.9074
1524,2,3,Suburb,2013,140270.8192
1346,2,2,Suburb,1977,180411.5707
1171,4,3,Suburb,2018,107464.0335
2892,4,1,Urban,2007,304910.5254
2350,3,2,Suburb,1958,270490.2811
1711,4,2,Urban,1996,268506.6421
2508,2,3,Suburb,2005,271294.8282
1488,3,2,Urban,1955,196578.6021
2485,4,1,Suburb,1961,158708.5186
1377,5,2,Suburb,1995,226842.1814
2611,4,3,Rural,1979,260091.9886
2187,5,1,Rural,2008,305574.0156
1371,4,2,Urban,1993,165596.8412
2596,3,3,Urban,1958,280277.5601
1999,5,3,Urban,1989,210093.4969
1976,5,3,Urban,1971,225113.879
2447,3,3,Rural,1995,296169.3949
1756,5,3,Urban,1976,202574.343
1476,3,1,Urban,1959,162805.0384
1381,4,3,Suburb,2013,170573.0093
1154,3,3,Urban,2005,89942.99291
1256,3,2,Rural,1996,141255.9002
2779,3,1,Urban,1961,319779.3817
1673,3,3,Suburb,1977,129616.8995
1067,2,2,Suburb,2008,77807.19506
1343,5,1,Urban,2011,171961.1024
2300,4,1,Rural,1985,303737.4465
1672,3,3,Suburb,1964,85808.61894
1390,2,1,Suburb,1958,231615.3628
2472,2,2,Rural,1973,369975.7321
1258,4,1,Suburb,1983,208497.986
1306,5,3,Urban,1996,130422.8908
2870,4,3,Urban,1958,376313.4774
2118,3,2,Suburb,1978,230615.625
1949,5,1,Rural,1997,212224.3596
2487,5,2,Suburb,1977,262216.9387
1969,4,1,Rural,1970,213040.3458
1245,4,1,Suburb,1998,133349.6761
1732,5,1,Urban,1972,185872.2764
2658,4,1,Rural,1978,347586.3485
1186,5,3,Urban,1960,186932.841
2797,4,3,Suburb,2012,326486.5269
1924,5,2,Rural,1987,199675.2642
1784,3,1,Suburb,1970,212168.3173
2396,2,2,Suburb,1980,203255.2776
2595,4,2,Suburb,2004,353006.6517
2429,5,3,Suburb,2005,324348.5202
1407,2,2,Rural,1995,190412.6169
2148,2,2,Urban,1955,148509.0497
2360,2,2,Suburb,1975,235809.2795
1340,4,1,Suburb,1985,141765.4968
1562,4,1,Rural,2012,178960.6352
2201,3,2,Rural,2017,259786.4246
1650,4,2,Suburb,1951,116257.0341
1951,4,1,Urban,2004,268583.6042
2862,4,1,Suburb,1962,349586.0384
2193,2,2,Rural,1961,308345.851
2062,3,2,Suburb,2016,195136.6453
1068,2,1,Rural,2021,139812.9357
2259,3,1,Suburb,1989,305067.6946
2583,4,1,Urban,2005,252916.7325
1380,5,1,Suburb,2012,144486.0236
1056,4,2,Rural,1974,48753.2788
2300,2,1,Rural,1957,197830.4306
1849,2,1,Rural,1981,59513.57931
2122,2,1,Suburb,1994,191036.1803
1915,3,3,Rural,1975,221241.94
2550,2,3,Suburb,1982,208218.7235
1324,5,1,Rural,1962,202567.8214
1460,5,2,Urban,1992,162116.6981
1178,4,1,Rural,1963,138108.4914
1843,3,1,Rural,2006,256513.4904
1573,3,1,Suburb,1961,192403.1997
1118,4,1,Urban,1986,118267.4917
2492,2,3,Rural,1982,250215.2363
1548,2,1,Rural,1968,116972.8131
1645,4,1,Rural,1969,202095.7895
2478,4,3,Suburb,2000,178301.2738
1025,4,1,Rural,2000,90254.04358
2513,4,2,Urban,1975,229736.3868
2031,3,3,Urban,2011,197606.9822
1968,3,1,Urban,1982,188066.4133
2539,2,2,Rural,1956,248908.6829
1532,3,1,Rural,2001,102723.1549
2950,3,1,Urban,1954,350297.6547
1148,3,2,Urban,2001,68521.59685
2511,4,2,Urban,1985,317853.8375
2048,3,2,Urban,2001,155598.0379
1654,2,1,Rural,1966,65149.98513
2780,3,2,Suburb,1951,423325.4584
2954,4,2,Rural,2008,365765.5365
1944,3,1,Urban,1967,188378.4655
1554,5,1,Rural,1966,273758.9734
1424,2,1,Suburb,2012,139219.2824
1292,3,1,Urban,2013,207529.5205
2208,2,3,Suburb,1956,241841.2381
1553,4,1,Rural,1988,86340.36033
1430,2,2,Rural,1986,166465.82
1603,5,2,Suburb,1987,137913.0313
1316,5,1,Urban,1997,159013.7371
1397,2,2,Urban,2017,205121.666
2347,4,2,Urban,1964,223465.9076
2588,2,3,Suburb,1966,322087.8083
1595,3,3,Rural,1973,211374.1682
1545,3,1,Urban,1989,166224.1851
1075,2,3,Rural,2016,31880.66315
1864,3,2,Rural,1982,134394.2318
2943,3,1,Suburb,2007,371559.7497
1915,4,1,Rural,1986,158157.0039
1708,2,2,Rural,1974,154386.0343
1485,3,2,Rural,1963,210559.6314
2821,2,2,Urban,1994,302192.4314
2111,2,2,Rural,1977,215400.7967
1746,3,3,Urban,1991,243340.4953
2255,4,2,Urban,1987,259553.3308
2030,4,1,Suburb,1979,251660.7669
2827,5,3,Urban,1973,264026.106
1549,2,1,Urban,1951,226421.6683
1975,5,2,Suburb,1965,212620.3606
2075,4,2,Rural,1980,251604.6751
2678,3,1,Rural,2018,247595.8495
1941,3,1,Urban,2004,235241.7603
1918,4,2,Suburb,1994,226974.7445
2419,4,3,Suburb,2021,264997.7567
2244,2,2,Suburb,2008,287569.7484
2451,5,3,Rural,1987,308232.261
2775,5,2,Suburb,1960,379666.0899
2166,4,3,Suburb,2021,220539.7989
2884,2,2,Urban,1963,356147.311
1362,3,1,Suburb,1981,198213.3786
1381,4,1,Suburb,1950,99494.60214
2584,5,2,Urban,1980,249846.916
2300,2,2,Rural,2000,234701.2696
1270,2,3,Suburb,1986,193666.4645
2037,2,3,Suburb,1998,253116.8743
1297,5,2,Rural,2013,208438.9761
2003,2,3,Urban,1971,199303.7512
2487,3,1,Suburb,1965,245402.0504
2550,5,1,Urban,1961,313389.9025
1233,4,2,Suburb,1963,134494.6918
1574,2,1,Suburb,1974,151481.99
2731,5,3,Urban,2004,278668.4144
1026,4,2,Suburb,2020,161681.97
2494,4,1,Suburb,1995,303047.293
1092,3,2,Rural,1990,220704.0961
1616,4,1,Rural,1986,150811.7719
1308,3,1,Suburb,2020,165565.1499
1051,5,1,Urban,2021,167348.3953
1318,3,1,Suburb,1996,117918.3965
2992,5,2,Suburb,1961,345168.9351
1180,5,1,Rural,2018,113598.7603
2592,2,1,Suburb,1981,330543.0428
2143,3,1,Urban,1999,225156.4683
2843,5,2,Rural,1968,360232.832
1874,2,1,Rural,1979,172270.4547
2066,3,1,Urban,1975,177556.7251
1646,3,1,Suburb,1973,284683.6831
2908,4,2,Urban,1999,354769.365
2961,2,1,Urban,1979,309331.4061
2283,4,1,Suburb,1986,206617.382
1196,5,2,Rural,1980,164603.9928
1644,3,3,Rural,1974,294152.299
1970,5,2,Urban,1956,226233.326
1254,2,3,Urban,1962,113010.1616
1731,3,3,Suburb,1960,156987.2818
1335,5,3,Suburb,2021,96023.52324
2576,3,3,Rural,2020,231217.5632
2525,4,3,Suburb,1970,231623.0094
1989,2,2,Urban,1993,179211.0778
1899,2,1,Urban,2002,245991.6512
2278,2,2,Urban,1953,224822.9769
1513,3,2,Rural,1950,168797.5102
2730,5,1,Rural,2002,205701.7017
1241,5,1,Urban,1993,107551.2158
1148,2,2,Suburb,1969,158249.0617
2733,3,2,Rural,2020,250419.178
2322,3,2,Urban,1959,221363.7368
1756,3,2,Suburb,1982,139449.5321
2873,5,1,Rural,1950,385491.4262
1619,2,3,Urban,1962,290347.5724
1452,5,2,Rural,1965,249202.9236
2416,4,3,Rural,1998,250908.2457
1211,3,3,Suburb,2011,183982.2481
1667,4,2,Suburb,1953,176079.7969
2561,2,2,Rural,2021,218576.439
1593,2,1,Suburb,1971,166612.2184
2618,5,3,Urban,2004,256185.5597
1130,2,2,Rural,1977,92269.53496
2352,2,2,Urban,1956,254190.9264
1611,5,1,Suburb,1980,230741.3752
1255,5,2,Rural,1955,189103.7141
2502,5,3,Suburb,1967,301206.6828
1560,5,2,Suburb,1977,158877.8762
2936,2,2,Suburb,1994,314171.869
1062,4,1,Rural,1983,70553.43535
2334,5,3,Urban,2012,238850.5178
1406,2,3,Suburb,2007,150849.341
1801,2,3,Rural,2006,163422.3332
2128,2,2,Urban,1988,246644.9456
2640,2,2,Suburb,1989,306179.2968
2860,2,2,Urban,1988,375957.3305
1014,5,3,Urban,2009,152835.2224
2710,5,3,Urban,1965,334308.9121
1258,3,3,Urban,1984,140699.8589
1722,3,3,Rural,1989,339718.5701
2435,5,2,Rural,1965,376609.171
2282,5,1,Rural,1954,298590.6992
1613,5,3,Urban,1961,99878.55664
2283,4,1,Rural,1997,348706.5586
2879,5,3,Suburb,2014,259737.7159
2694,2,1,Suburb,2001,339573.7798
2068,4,1,Rural,2003,188773.302
2978,4,1,Urban,1997,342454.6488
1812,2,2,Rural,1987,158475.4547
2786,2,1,Rural,2005,281655.8761
1330,3,2,Urban,1983,154572.6899
1164,2,1,Rural,1959,89313.79897
2216,5,2,Rural,2003,250888.1499
2544,5,3,Suburb,2010,270507.6012
2424,3,3,Suburb,1957,270404.7747
2397,4,1,Rural,1995,159231.1138
2088,4,2,Rural,1959,232522.7083
1386,3,3,Urban,1979,134661.1421
2518,5,2,Rural,1963,239860.6952
2817,3,2,Rural,2010,325251.8451
2716,5,3,Suburb,2017,285582.8759
2438,5,2,Suburb,1959,221758.9481
2817,2,2,Rural,1954,368657.7418
2814,3,2,Rural,1987,327395.1966
2053,3,3,Suburb,2005,226469.497
2289,5,2,Rural,1960,333188.3615
1327,5,3,Suburb,2009,134458.8856
2515,2,2,Rural,2017,282675.8936
2240,5,2,Suburb,1994,309736.7541
1319,5,3,Suburb,1998,173693.4439
2941,4,3,Rural,1993,449315.8437
1398,3,2,Rural,2001,175551.5096
2914,2,2,Urban,1986,325896.7948
1104,2,1,Rural,1953,186953.3092
1695,5,2,Rural,2007,226555.3488
2016,3,3,Suburb,2005,236630.4068
1329,4,2,Urban,1993,166298.7142
1659,2,1,Urban,2012,167387.5441
2640,5,2,Urban,1987,204225.8647
2070,3,1,Rural,1983,252260.3332
1598,4,3,Rural,1954,187036.3185
1820,3,3,Suburb,1955,147210.9198
2972,2,2,Suburb,1998,279217.2817
1640,5,1,Urban,2015,152371.5559
2793,5,3,Suburb,1986,379625.5026
1313,2,2,Rural,1971,193164.5494
2170,2,3,Urban,1953,314746.7847
2981,3,2,Suburb,1964,331820.7313
1461,2,1,Rural,1995,202812.8601
2607,3,2,Urban,1980,309385.5099
1485,5,3,Urban,1998,122414.4383
2675,4,2,Rural,1973,280967.7083
1409,5,3,Suburb,1998,178090.5843
1026,5,1,Suburb,2007,191654.7597
2052,4,3,Rural,1978,200032.4026
1270,4,3,Rural,1989,118302.64
1685,4,1,Rural,2019,167193.3356
1500,5,1,Suburb,1990,235640.1373
2276,2,2,Suburb,1978,242934.2528
1384,5,1,Rural,1972,198706.8826
1059,2,3,Suburb,2014,183335.9023
2130,3,2,Rural,2020,236548.717
1219,5,1,Urban,1998,148482.9256
2464,4,3,Suburb,2020,273524.5171
1770,5,1,Rural,1966,182113.0172
2906,5,3,Suburb,1956,351938.3034
2681,4,1,Suburb,1969,295334.4266
1563,3,2,Rural,1964,210222.3712
2595,3,2,Rural,1951,297805.3635
1545,3,2,Urban,1997,167853.426
1095,3,3,Suburb,2004,84780.84402
1988,5,2,Rural,1999,193533.5441
2112,5,2,Rural,2017,250716.9774
1827,4,2,Rural,1976,196859.3144
2945,2,3,Rural,1998,277626.8931
1230,4,2,Rural,1952,154494.0476
1967,3,2,Suburb,1950,288806.0375
1274,2,1,Rural,2002,202137.5913
1245,4,3,Urban,1956,135885.89
1110,3,2,Urban,1989,136977.2241
1233,2,2,Urban,1983,98068.63877
2301,2,2,Urban,1952,317779.4909
2500,3,1,Rural,2009,364492.7453
1416,2,1,Rural,2007,184076.6244
1677,4,1,Rural,1968,183649.8568
2151,4,2,Suburb,1997,211910.272
2260,4,3,Urban,2007,219141.0657
1802,2,3,Suburb,1955,196144.9096
1618,2,1,Suburb,2000,138721.2492
2151,3,2,Suburb,1985,117583.3592
1706,3,3,Urban,1969,156660.5354
1850,2,2,Suburb,2021,254391.3121
2417,4,1,Suburb,1987,291100.1229
1474,2,1,Suburb,1974,237213.924
1654,5,2,Rural,2017,245316.4049
1394,4,3,Suburb,1978,85999.62549
1110,5,3,Urban,1996,178127.945
1089,3,1,Rural,2007,122569.0069
1762,2,2,Urban,1952,242563.9747
2303,5,1,Rural,1980,211258.0552
2356,2,3,Urban,1961,256682.3438
2247,5,2,Suburb,2016,302434.8368
2124,2,2,Rural,1997,247909.1941
1131,4,1,Rural,1958,124146.3705
2036,3,2,Rural,1963,185078.1014
1456,4,2,Rural,1968,214983.5015
2464,3,2,Urban,1966,346840.3705
1097,4,2,Rural,1986,190305.2808
2143,3,1,Suburb,1970,234625.4135
1292,4,2,Suburb,1980,147241.5337
2839,2,3,Urban,1961,231928.718
2734,4,1,Urban,2008,277707.9113
2024,5,2,Rural,2004,183069.7235
1571,5,1,Rural,1991,87554.13244
1249,2,3,Suburb,1959,78464.68186
1651,2,2,Suburb,1972,85907.72539
1148,2,2,Urban,1987,186378.6452
2418,5,1,Urban,1959,339816.6611
1043,4,1,Rural,1967,144913.9442
2906,2,1,Suburb,1953,313176.3325
2721,4,1,Urban,2016,311326.5486
2643,3,1,Rural,1978,307193.4658
2067,4,2,Urban,2019,215197.088
2101,4,1,Rural,1973,203959.7775
2249,5,1,Urban,1986,295400.7163
1161,4,1,Rural,2001,129576.6855
2816,5,3,Urban,1968,266882.6977
1252,3,2,Urban,1990,111241.9647
1131,5,1,Suburb,2018,241230.9163
2471,3,2,Urban,1953,356294.0663
2907,3,2,Rural,1979,403142.6354
2910,2,1,Suburb,1976,428790.6076
1473,4,3,Urban,1983,154967.6597
2679,4,3,Rural,2019,365279.292
2801,2,2,Suburb,1996,280011.3758
2132,2,1,Urban,1964,200339.9193
1705,4,2,Urban,1970,261021.3435
2058,2,2,Rural,1979,221769.5588
2490,2,1,Suburb,1954,188674.4591
2925,3,3,Suburb,1963,290581.5248
1274,2,2,Suburb,1973,30117.01928
1186,2,2,Suburb,1985,142136.5343
1948,5,2,Urban,1964,262917.576
1242,4,2,Rural,1998,228473.0939
1263,5,2,Suburb,1973,218369.5905
2997,2,1,Urban,1956,415257.3066
1521,2,3,Suburb,2008,162484.2377
1962,5,1,Urban,1994,134590.6597
2701,2,1,Suburb,1982,370256.3189
2564,3,1,Urban,1998,217508.4561
1782,5,3,Suburb,2007,285104.8596
2110,5,1,Rural,2013,156538.0909
1534,4,3,Rural,1978,197228.604
1209,5,2,Rural,2019,101848.7491
1045,3,2,Rural,1953,151340.2103
2490,2,1,Urban,1998,240896.3512
2563,5,2,Rural,1992,304935.4232
1025,5,2,Suburb,1968,76896.31817
2289,4,2,Rural,2003,209595.8203
1174,4,1,Rural,2020,51195.65591
2539,2,1,Urban,1992,345770.0044
2334,5,3,Suburb,1956,199850.8075
1321,3,2,Urban,1961,175445.8549
2602,2,1,Urban,1964,254934.9728
2158,3,2,Rural,1994,148693.6285
1054,5,1,Suburb,1992,69402.90288
2999,2,3,Suburb,1950,294490.1169
2566,4,3,Urban,2009,288174.8597
2609,4,1,Urban,1962,272273.668
2554,3,2,Suburb,1965,330103.6021
2179,2,3,Urban,1950,235825.7538
2872,3,1,Suburb,1998,319567.3161
1667,4,3,Suburb,1964,169836.5477
1146,5,1,Suburb,1952,119218.4507
2508,4,3,Urban,1963,264700.5272
1598,5,1,Urban,1969,216385.9052
1019,3,3,Suburb,1985,117829.7408
2292,3,3,Urban,2007,334100.1028
1332,3,1,Rural,2006,86479.38448
2578,5,3,Rural,1980,335816.0464
1906,3,1,Urban,2019,173705.9794
1943,3,3,Rural,1982,270188.6194
1910,2,3,Urban,2013,193587.3071
1400,5,1,Rural,1978,142043.4454
1949,3,3,Urban,1970,236932.0597
2329,3,3,Urban,1989,217898.2806
1027,5,1,Suburb,1996,83799.93019
1466,5,2,Urban,1974,231241.6198
2283,4,1,Urban,2001,215178.623
2557,4,2,Suburb,1964,312645.6866
1981,2,3,Urban,1957,119961.1574
2910,3,2,Urban,1969,326404.5542
1100,5,2,Rural,1982,157212.1816
1550,3,1,Rural,1985,200530.8839
1801,4,2,Urban,1987,184130.8684
1352,4,2,Suburb,1999,167069.0767
2323,4,3,Suburb,1956,280855.4003
2705,5,1,Rural,1973,159590.3635
1295,3,1,Urban,2006,139264.049
1352,5,2,Rural,1990,149129.0154
1907,3,3,Suburb,1984,258638.7898
2153,2,1,Suburb,1972,214913.0004
2018,4,3,Suburb,1971,214695.9992
2179,4,2,Rural,1974,222811.372
2097,4,2,Suburb,1969,155708.4168
2365,4,1,Urban,1954,245636.6882
2488,5,2,Suburb,1953,268925.6033
2113,4,3,Suburb,1974,225029.8775
2602,3,3,Suburb,1986,268940.8623
1454,3,2,Urban,1974,159734.6784
2771,4,2,Rural,2021,328487.2609
1711,4,3,Suburb,1968,267237.8325
1979,5,2,Suburb,1996,220472.5302
2355,5,2,Rural,2017,206394.8943
1738,3,2,Rural,1996,198906.104
1976,3,3,Urban,1985,255278.3172
2371,2,2,Rural,1984,304015.8092
1232,3,3,Rural,1981,167519.2057
2801,2,1,Urban,2003,242797.8318
2621,4,2,Rural,2019,306009.0993
2023,4,2,Rural,1999,207795.9846
1101,4,2,Suburb,2020,159906.603
1952,3,1,Rural,2005,211841.4
1480,3,2,Suburb,1974,195549.2509
2237,4,3,Rural,1971,219204.6306
1107,5,2,Rural,2007,106769.0226
2188,4,3,Rural,1965,185687.8081
1972,2,3,Suburb,1956,128348.2843
2626,5,3,Suburb,2010,279278.8406
1703,5,3,Suburb,1998,166727.8179
1334,3,3,Rural,2016,222005.365
1085,3,2,Suburb,1983,196691.6267
1733,2,2,Rural,1977,83255.68749
1874,4,2,Urban,1963,299654.8648
2447,4,3,Suburb,2016,341574.873
2636,3,1,Rural,1965,317193.1062
2761,3,2,Rural,1960,397613.0572
1363,4,2,Urban,1956,266762.3689
1059,5,2,Rural,1951,216164.3837
2505,2,3,Urban,1993,273382.5185
2273,2,2,Suburb,1984,243596.1763
1559,2,3,Urban,1958,225303.2438
1116,3,2,Rural,1984,98363.04398
2762,5,2,Suburb,1997,297581.3386
1873,2,3,Rural,1962,126406.2059
1914,5,3,Rural,1952,199264.2923
1967,3,2,Suburb,1996,228642.773
1998,3,3,Rural,1967,216264.0554
2568,4,3,Urban,1950,309472.3195
1043,5,3,Suburb,2004,256960.9102
1508,5,1,Suburb,1950,192465.1762
2188,5,3,Suburb,1983,216921.9859
2391,4,3,Suburb,1992,220705.586
2880,2,1,Suburb,1995,366222.8483
2315,2,3,Urban,2016,211177.9034
1848,3,1,Suburb,2018,233019.3014
2879,4,2,Rural,1980,351506.8111
1916,5,2,Urban,1989,264242.164
1897,4,2,Rural,2002,167559.7237
1798,3,3,Urban,2013,229149.5682
1875,2,1,Urban,1957,208188.6405
2760,2,2,Suburb,1966,235964.088
1285,3,3,Urban,1973,104642.6916
2227,4,2,Rural,1981,280375.7873
1683,3,2,Suburb,2020,292021.7381
2547,5,2,Urban,1972,310088.7177
1818,5,3,Suburb,1977,193397.6398
1120,3,1,Suburb,2005,26461.30515
1944,5,1,Rural,1964,267094.2754
2779,5,1,Urban,1953,343129.4695
2687,2,1,Rural,1964,318203.5808
2687,4,3,Urban,1976,315919.606
2017,2,3,Urban,1989,258383.2686
2211,2,3,Suburb,1997,207117.6147
1906,4,2,Suburb,1974,318814.1501
1012,2,1,Rural,1991,144156.884
1602,5,3,Rural,2010,297564.6863
1199,3,2,Urban,1950,149890.8401
1585,3,2,Suburb,1977,108200.4874
2791,4,2,Urban,1961,289872.2501
2479,3,1,Rural,1952,277964.1973
1447,3,3,Urban,1970,229612.0991
2811,3,2,Suburb,1976,319643.5405
2863,3,3,Rural,1974,262340.4638
1840,2,2,Suburb,1978,130356.2812
2094,5,2,Rural,1995,194004.8016
1589,5,3,Rural,1992,249460.9616
2819,3,2,Suburb,2019,278449.3902
2153,4,2,Suburb,2005,219996.417
1888,2,2,Urban,1950,144248.8514
1042,3,1,Rural,2005,166556.907
1519,3,2,Suburb,1964,234080.2407
2036,4,1,Suburb,2003,225001.6419
1724,2,1,Urban,1996,255965.01
1622,3,3,Rural,2004,227121.4717
1987,4,1,Suburb,2002,240873.4603
1802,2,2,Urban,2011,228397.3314
1534,2,1,Urban,1993,108752.12
1301,3,3,Rural,2018,192231.1349
2789,4,3,Urban,2011,381562.2995
1526,4,2,Urban,1988,180525.6397
2665,3,1,Rural,1986,249442.3724
2596,3,1,Urban,1977,255107.5734
2138,3,3,Suburb,1991,293665.0015
1459,4,3,Suburb,2002,174879.8649
1831,2,3,Urban,1986,182425.6666
1504,3,3,Urban,2013,193324.9916
2331,5,3,Urban,2020,277254.3589
1931,5,1,Urban,1960,218388.0131
2986,3,1,Rural,2016,348740.4299
1324,5,1,Suburb,2012,90698.52396
1578,2,2,Suburb,1970,269862.5196
1760,2,2,Rural,1992,168273.8901
2198,5,2,Rural,1978,220630.7889
1850,4,1,Suburb,1994,259745.1424
2537,3,1,Rural,1956,295201.2473
2195,4,2,Urban,1997,287084.722
1959,2,1,Urban,1992,241169.9181
1501,5,3,Rural,1990,70568.66345
1333,3,2,Suburb,1994,107952.9081
1283,5,1,Urban,1975,162107.1864
1474,5,3,Urban,1959,129779.8534
2077,4,2,Urban,1972,235952.3741
2481,4,1,Suburb,1989,281397.3524
2602,5,1,Urban,1971,286269.6824
2443,2,3,Urban,2003,233916.6873
2637,3,2,Suburb,1995,241697.2369
1631,5,1,Urban,1994,210008.1579
1702,5,3,Urban,1954,138435.6002
1408,5,1,Rural,1979,187309.2585
1981,5,1,Urban,2016,252717.1304
2327,4,2,Suburb,1951,239760.7101
2958,4,2,Suburb,1986,339439.6994
1558,2,1,Rural,1972,143831.0503
1221,3,1,Suburb,2016,158099.0947
2556,5,2,Rural,1968,242916.3193
1157,2,1,Suburb,1955,111977.3617
1347,4,1,Rural,1981,170774.413
2182,3,1,Rural,2006,229444.8478
1888,2,3,Suburb,1951,200418.5003
2907,3,3,Rural,1960,377229.2205
1921,3,2,Rural,1970,165505.2995
2258,3,1,Urban,1979,192577.1654
1661,4,1,Rural,2007,209332.8651
1404,5,3,Rural,1993,106604.0078
2280,3,2,Suburb,1961,240908.3085
1676,2,2,Suburb,1999,186933.4027
1588,3,1,Urban,1973,195733.659
2620,3,1,Suburb,2012,239680.1691
1557,4,3,Urban,2012,168836.3933
1904,2,3,Rural,1968,235588.5102
2936,3,2,Urban,1958,312428.6623
2070,4,3,Urban,2006,244023.9468
2236,4,3,Rural,1971,287118.1267
1478,5,2,Suburb,1952,214481.8729
1486,5,2,Rural,1961,153075.9137
2594,5,2,Suburb,1983,287980.5703
1565,3,1,Urban,1955,95193.81556
2365,3,1,Rural,2011,287793.6089
1523,3,3,Urban,1990,182084.0938
1703,4,3,Rural,1998,305263.812
2526,3,3,Suburb,2021,242370.4194
2029,4,1,Rural,2011,138622.0017
1820,2,1,Rural,1971,118590.9886
2167,3,2,Suburb,2020,233070.5581
1857,2,2,Urban,1996,231603.6091
2284,5,1,Rural,1978,256449.6705
1584,2,1,Urban,1966,208293.4815
1685,2,1,Suburb,1965,208581.7078
1231,4,3,Urban,1982,155742.1313
1269,4,2,Urban,1966,143847.3662
1939,4,3,Suburb,1992,277418.0232
2470,4,2,Rural,1974,222296.6447
1873,5,1,Urban,1976,288830.3465
2245,2,3,Urban,1994,259824.5554
1051,5,2,Suburb,2012,73850.89963
1115,5,3,Rural,2009,143614.8951
1537,4,1,Urban,2013,225005.3684
2588,2,2,Rural,2005,297688.4889
2900,2,1,Urban,1980,298936.973
1540,5,2,Rural,2007,247114.892
2042,4,3,Rural,2019,276662.8456
1814,5,2,Urban,2017,248508.0461
2415,2,3,Suburb,2003,241887.8413
1790,4,1,Urban,1973,189228.6869
2652,5,1,Urban,1995,302530.1499
1617,2,2,Rural,1971,183283.0978
1418,3,1,Rural,2015,269690.2749
1308,4,2,Urban,2014,88781.15322
2762,2,3,Rural,1999,289715.1939
1863,4,2,Suburb,1959,175366.4281
1185,2,2,Urban,2015,172490.5771
1260,4,2,Suburb,1972,168448.9204
2551,3,1,Rural,2021,296408.2453
2296,5,3,Rural,1998,162856.27
1159,5,2,Suburb,1955,165400.3695
1869,5,3,Urban,1970,177717.0339
1761,3,1,Urban,1956,114291.655
1223,4,2,Suburb,1975,205242.8565
2279,4,2,Suburb,1986,335341.8415
1179,2,3,Urban,2009,155058.9578
1019,2,3,Urban,1953,145193.9585
2647,4,3,Rural,1972,241828.7467
1631,3,2,Rural,1955,151952.5127
2729,3,2,Urban,2020,262724.2662
2491,5,3,Suburb,2009,286691.8122
2646,5,3,Urban,1989,233047.3799
2233,5,3,Rural,2005,292986.639
2536,4,1,Suburb,2017,305095.1973
1057,2,2,Suburb,1953,122351.6976
2116,4,3,Rural,1986,247738.6024
2244,4,1,Rural,2003,314719.0501
1722,3,2,Suburb,1985,236538.8237
2963,3,1,Suburb,1954,370834.8819
2255,2,3,Suburb,2004,290283.297
2797,2,1,Rural,2003,301401.1864
2387,4,1,Rural,2003,303020.4414
1614,4,3,Suburb,1960,240023.6993
1561,4,3,Urban,1962,209585.4773
1373,4,2,Suburb,1978,59230.34969
1621,3,1,Suburb,1964,112655.7679
2479,5,3,Suburb,1995,334979.1449
1087,5,3,Rural,2021,42782.7189
2043,5,3,Suburb,1976,191511.343
2013,2,2,Suburb,1988,151596.559
1013,2,1,Suburb,2018,276.0635161
1132,2,3,Rural,2000,150471.3277
2960,2,1,Urban,1996,327303.7898
2831,3,3,Urban,1968,281854.0791
2057,4,3,Rural,1954,299274.0273
1891,2,1,Rural,2015,105110.7143
2231,5,1,Suburb,1972,225053.3823
2836,2,2,Suburb,1987,266574.2022
2222,5,2,Urban,1975,342777.4208
1591,4,1,Urban,1957,186903.3179
1582,3,3,Suburb,1989,201690.7165
2178,3,2,Rural,1974,231898.7065
2613,2,1,Rural,2021,239500.7005
2101,2,2,Rural,1970,258925.9023
2195,5,1,Urban,1979,287069.1608
1288,2,3,Urban,1967,240176.0485
2568,3,2,Rural,2011,197814.754
2835,2,2,Suburb,1958,239177.8031
2811,5,2,Suburb,2007,278498.6882
2012,4,2,Rural,1990,300393.2424
1878,3,1,Urban,1989,169875.8449
2443,3,1,Suburb,2011,326186.6391
1006,4,2,Rural,1994,50638.50777
2183,4,3,Urban,1963,266113.6387
1239,3,1,Rural,1967,145505.5362
2986,5,1,Urban,1951,268774.2678
2446,5,3,Urban,2013,300210.9562
1535,2,2,Suburb,1990,148295.1974
2749,5,2,Urban,1978,341723.8884
1069,3,1,Rural,2007,159939.1682
2903,2,3,Urban,1968,296012.2256
1215,5,3,Suburb,1997,158376.8969
2127,4,1,Urban,2010,311049.4463
2750,5,2,Rural,1986,267185.7793
2077,2,2,Rural,2005,200036.8976
1805,4,3,Rural,1973,230604.1572
1329,2,3,Urban,1978,176457.2886
1847,2,3,Urban,2013,113459.4105
2226,4,3,Suburb,1967,221248.3332
2311,2,3,Urban,2014,226016.9465
1044,3,3,Suburb,1973,191577.4156
1828,2,3,Rural,1969,208109.5684
1197,3,3,Suburb,2017,62084.4972
2239,4,3,Urban,1963,310610.1253
2504,2,1,Rural,2001,306414.9472
2332,5,2,Suburb,1963,214696.7637
1895,2,1,Rural,2013,235316.2421
2458,3,1,Rural,1975,254037.3968
1331,3,3,Suburb,1993,190495.1934
1695,5,3,Urban,2002,295918.3356
1026,4,3,Rural,1954,138314.755
2189,3,1,Suburb,2018,154693.907
1317,3,3,Rural,1954,110492.3898
2297,3,3,Urban,1967,236455.2706
2406,2,2,Suburb,2011,252405.2325
1364,2,3,Suburb,2000,115389.5766
2126,2,2,Urban,1974,226092.8508
1959,2,1,Suburb,2007,143888.1304
2526,2,2,Rural,2007,240728.016
2868,5,3,Urban,1998,310760.5287
1372,3,3,Urban,1991,196058.6998
2639,5,2,Urban,1997,202839.2884
2949,3,2,Rural,2006,257994.6547
1244,2,3,Suburb,1979,127968.0133
2840,2,2,Suburb,1967,256325.3679
2192,4,2,Urban,2008,254120.4899
2651,4,3,Rural,1965,370106.6415
2676,5,1,Rural,2008,233017.375
2441,3,1,Rural,1960,191780.4935
2379,5,3,Urban,1998,269871.5554
1477,4,2,Suburb,2012,140061.2582
1124,3,1,Rural,1958,124967.6506
1536,5,2,Suburb,2009,235723.0957
1705,4,3,Rural,1997,233397.7498
2919,2,2,Rural,1999,263097.1102
2635,5,1,Urban,2012,272404.3465
2425,2,2,Urban,2011,189242.0385
2540,5,1,Urban,1982,193957.7448
1530,3,2,Suburb,1952,81863.44554
2705,3,1,Urban,2014,194230.8019
1785,3,2,Urban,1985,168454.306
1253,3,1,Rural,1969,150511.864
1120,4,1,Urban,1973,150648.2195
2055,2,3,Suburb,1983,217261.6488
1660,4,2,Urban,1954,217855.346
2801,5,1,Suburb,2009,218347.5714
2060,5,2,Urban,2015,262026.759
2712,2,2,Urban,1992,310249.3252
2365,2,3,Rural,1961,301463.1671
2036,4,1,Urban,2011,225417.7248
2206,3,1,Urban,1989,245782.8596
2680,4,2,Urban,2011,325068.3921
2288,4,3,Urban,1966,160175.7136
1087,5,1,Urban,1984,148298.1432
2963,4,1,Urban,1989,284766.1022
2485,2,2,Urban,1976,244537.4822
1045,3,1,Rural,1960,98162.9746
2415,5,2,Suburb,2007,278967.2616
2142,2,1,Suburb,2013,275203.1781
1932,5,1,Urban,2019,255017.5523
2554,4,3,Suburb,2021,339439.7949
2470,4,1,Suburb,1964,252923.426
2755,2,1,Rural,2014,392705.7726
2965,2,3,Suburb,1977,391014.061
1744,5,1,Urban,1991,212819.9844
2629,3,2,Rural,1967,259169.2976
1966,5,2,Rural,1961,203749.3619
1762,4,3,Rural,1984,121853.8311
1761,2,1,Rural,1961,175388.4207
1793,2,3,Rural,2014,185120.108
1743,5,3,Urban,2004,249860.6024
2069,2,1,Urban,2012,131673.1274
2909,2,1,Urban,1974,352536.9088
2531,4,1,Rural,1976,369635.5225
1557,3,3,Rural,1962,188925.7653
2994,2,3,Rural,1970,276496.1739
1525,2,3,Suburb,1956,244300.0419
1596,5,1,Urban,1954,181697.4596
2854,3,3,Suburb,1958,240922.35
1839,4,3,Rural,2020,204181.0243
1002,2,1,Suburb,1951,78632.88823
2051,3,1,Suburb,1966,270000.3113
2404,3,3,Urban,1990,246106.7312
1156,5,2,Urban,1952,113007.1853
1854,4,3,Urban,1975,154128.9698
2937,3,2,Rural,1987,280095.0347
2954,4,3,Suburb,1967,310206.6017
1510,3,2,Suburb,2018,203407.4143
2356,2,1,Urban,1987,174927.2077
2867,4,1,Suburb,1969,201801.506
1686,5,3,Suburb,1977,232556.7572
2137,3,1,Rural,1999,196000.0848
2412,2,3,Suburb,1974,331868.0496
2510,3,3,Urban,1972,237699.0321
2866,2,1,Urban,1982,310504.4177
2273,4,2,Suburb,2000,224722.1921
1570,5,3,Urban,1973,169323.7272
1714,2,2,Urban,1989,123956.3203
2338,3,2,Suburb,1953,323653.6286
1238,2,1,Suburb,2006,142419.798
2257,2,3,Suburb,1995,261002.7143
1302,5,1,Urban,1997,229538.7661
1606,4,3,Rural,1955,237855.6571
1990,2,2,Rural,2003,220299.8854
2676,2,3,Suburb,1964,236963.1564
1333,3,2,Urban,1964,65519.46381
1112,3,1,Urban,1976,181199.6455
2644,4,1,Suburb,2021,316188.2424
1361,4,1,Rural,1988,142429.969
2880,4,3,Suburb,1991,408284.7801
1800,3,3,Urban,2005,112152.8504
1096,2,1,Urban,1966,143707.9049
2981,4,3,Rural,1972,271570.546
2870,3,3,Suburb,1954,334856.6197
1015,3,3,Rural,1994,150783.194
1555,4,2,Rural,2007,221313.7921
2977,3,3,Suburb,2004,239150.302
1375,2,1,Urban,1999,196704.8658
1741,5,1,Rural,1966,186781.3089
1389,3,3,Suburb,1978,149122.5909
1619,3,2,Rural,1982,233621.8698
2240,5,2,Urban,1974,331684.2984
2422,2,2,Urban,1965,255105.4638
2283,4,1,Suburb,2016,214548.7572
1823,3,1,Urban,2010,144911.2222
1319,2,3,Suburb,1979,106892.4344
1195,4,3,Suburb,1994,150462.3549
2501,2,3,Suburb,1977,233612.9028
1417,5,2,Urban,1986,225088.3864
2498,3,3,Suburb,2003,299085.0424
1606,2,3,Suburb,2014,194285.9155
1567,4,3,Rural,1964,181088.4812
1543,4,3,Urban,2016,161794.9954
1230,4,3,Suburb,1996,115307.554
1883,5,1,Rural,1952,155741.8612
1520,2,1,Suburb,2012,95851.71992
1702,2,2,Rural,2003,171329.2231
2896,4,2,Rural,1980,288859.585
2223,4,2,Rural,1998,254349.1244
1845,4,1,Urban,1958,181569.1389
1672,5,1,Suburb,1976,189843.6874
2622,5,3,Urban,1997,287096.5189
1020,3,2,Urban,1980,91182.7611
2334,3,3,Rural,2013,353675.1902
1587,3,1,Rural,2014,212809.1105
2976,4,3,Suburb,1995,298220.5014
1897,5,3,Rural,1991,180005.7644
2676,5,3,Urban,2019,269676.7463
2661,3,3,Suburb,2009,333691.5984
2786,4,1,Urban,1982,331326.1384
2923,2,1,Urban,1976,276347.0848
2619,4,1,Rural,2018,262263.1962
2457,4,1,Urban,2017,155848.3307
1370,3,2,Rural,1999,214017.7002
2583,5,2,Urban,1985,274945.1126
2914,5,3,Rural,2015,356179.7959
1077,2,3,Suburb,2000,52826.42624
2565,5,3,Rural,1968,310008.8198
2308,5,3,Rural,2021,336270.1405
1647,2,2,Rural,1998,178905.0822
1139,2,1,Rural,2008,160493.2333
1552,3,3,Urban,2014,285779.5471
1997,3,2,Suburb,2012,196392.4402
1281,3,2,Suburb,1962,175325.9799
2585,3,3,Suburb,2015,210335.9848
2281,5,3,Urban,1995,298902.9624
2846,3,2,Rural,1953,372143.9733
2383,4,2,Urban,1950,298404.8792
1439,2,3,Rural,1994,137717.7199
1269,3,1,Urban,1968,208954.961
2157,2,1,Rural,2006,294018.9914
1745,5,3,Suburb,2020,245203.9823
2663,3,3,Suburb,2006,256193.5215
1103,4,1,Suburb,2012,108628.3005
1765,2,2,Suburb,1958,201921.3589
1094,3,3,Suburb,2004,220283.8091
2872,4,3,Suburb,2017,313231.1283
1728,5,1,Urban,1986,209687.8045
2596,4,3,Suburb,1963,241673.0037
1479,5,2,Rural,1971,167598.5881
1779,2,2,Suburb,1997,151125.4008
2264,3,3,Suburb,1959,293409.0206
1012,4,2,Rural,1977,123656.1236
2170,4,2,Suburb,1959,267503.1387
2963,4,2,Urban,2008,319216.5209
2775,5,3,Urban,2010,287637.7235
1600,2,3,Rural,1989,8238.884499
1094,2,3,Suburb,1956,169697.194
2850,3,2,Rural,2018,300438.1325
1292,3,1,Suburb,1970,158235.8658
1024,2,1,Suburb,1956,206862.5693
2295,2,1,Suburb,2009,223819.5553
2528,2,2,Rural,1950,329690.7091
2189,4,1,Urban,2013,182038.9085
1938,5,3,Suburb,1982,308543.7752
1761,2,2,Rural,1974,191907.9638
2110,3,1,Urban,1993,262683.7974
1653,5,2,Rural,1973,208178.0313
2669,4,2,Rural,1957,299246.0852
1984,5,3,Urban,1979,270111.9102
2814,2,2,Urban,1958,263667.1648
1637,5,3,Urban,1950,181052.6182
2851,3,3,Rural,1969,377844.875
1490,5,1,Suburb,1986,127098.0689
2931,2,1,Suburb,1979,292173.148
2164,5,2,Suburb,2009,244467.231
2891,5,1,Rural,2005,239120.147
2126,5,2,Urban,2019,331191.8296
2249,3,3,Rural,1952,209686.2055
2925,5,2,Suburb,1992,261733.9693
1574,5,3,Suburb,1989,155792.7441
1293,4,3,Suburb,2005,149222.9537
1895,5,2,Urban,2019,272178.5963
2329,5,3,Urban,1976,251606.1916
2277,4,1,Suburb,1967,270478.9182
2203,3,2,Suburb,2005,275786.4561
1039,3,1,Suburb,2019,138410.3838
1775,4,3,Suburb,1982,181663.434
2724,4,3,Rural,1998,378874.769
1519,5,2,Suburb,2017,159149.9887
2639,3,3,Rural,1978,307286.7654
2760,3,1,Suburb,2010,285355.8307
1545,5,2,Suburb,2020,131322.5072
1235,2,2,Urban,1989,112678.8417
1462,5,1,Rural,2007,205922.8633
2251,2,3,Suburb,1969,366924.9198
2723,5,3,Urban,2003,323836.4153
2848,4,2,Suburb,1982,329412.1973
1482,5,1,Rural,1959,122706.074
1429,4,2,Urban,1960,291361.31
2045,2,2,Urban,1984,194768.9742
1342,2,3,Suburb,2009,204554.2893
2063,4,2,Rural,1984,199730.5053
2196,4,1,Suburb,1976,242559.7305
2462,3,1,Urban,1963,236272.6326
2202,3,1,Suburb,2016,195695.5447
2621,5,1,Suburb,2006,332098.5546
1132,4,3,Rural,1970,207215.4483
1350,2,3,Rural,2005,63790.47928
2548,3,3,Suburb,1990,341352.5119
2563,4,3,Rural,1976,373817.6601
1505,2,1,Urban,1951,78999.15293
1083,2,1,Rural,1991,13855.61103
1992,4,2,Urban,2002,236505.8067
2487,5,2,Suburb,1969,236170.1156
1829,3,3,Suburb,1998,259353.6452
1860,3,2,Suburb,1993,239062.562
1342,4,3,Suburb,1973,207945.9793
2303,5,3,Suburb,1963,279332.6112
1865,2,3,Rural,2000,193571.5144
2286,5,2,Rural,1976,257803.3015
2189,3,2,Suburb,1993,190996.4674
1292,4,3,Urban,1971,220458.5301
2532,3,1,Rural,1994,299516.3922
2603,4,2,Suburb,1996,297954.591
2249,5,1,Suburb,1961,222142.9467
2193,3,3,Rural,1953,277308.0403
1597,5,3,Urban,1970,221712.2136
1644,3,2,Rural,1993,199522.4918
1447,5,2,Suburb,1986,133387.3879
1689,3,2,Rural,1991,239867.1982
2001,4,3,Urban,1987,193162.944
1854,5,1,Rural,1965,217639.2783
1501,5,1,Urban,1959,108354.3587
1763,4,2,Rural,1983,264438.9947
2550,2,2,Rural,1991,301486.5923
1734,3,2,Rural,1986,103775.6989
2402,3,1,Suburb,1984,185025.893
2224,4,2,Rural,1954,235469.6315
2642,3,2,Rural,1987,303689.0696
1249,5,3,Rural,1960,100611.1352
2972,5,2,Suburb,1989,326585.6083
2432,4,3,Rural,2007,305888.8638
1600,5,1,Suburb,2002,256465.9431
1124,2,2,Rural,2019,177388.9358
1112,3,1,Urban,1980,111510.1341
1980,4,1,Rural,1986,202169.6137
2160,4,1,Suburb,1960,175325.98
2782,3,1,Suburb,1998,323030.3949
2519,2,1,Suburb,1990,242609.7147
2701,4,3,Suburb,1965,279637.6233
1149,3,3,Rural,1956,197859.3402
1874,2,1,Suburb,1982,214237.0444
1342,4,1,Rural,1994,129912.4226
2968,2,2,Urban,1988,237013.0837
1579,4,1,Suburb,1984,191532.6183
2756,3,3,Suburb,1995,232694.9535
1782,3,3,Suburb,1991,140467.4287
1320,3,3,Rural,2016,152962.2342
1821,2,3,Urban,1981,227742.0324
2949,5,1,Rural,1980,310995.9254
2884,2,3,Urban,1990,318041.8919
1531,3,3,Suburb,2017,245119.6076
2312,4,3,Rural,1991,254623.8263
2512,5,2,Rural,1969,277800.6738
1491,2,1,Urban,1979,182294.9866
1611,2,3,Rural,1994,266656.2589
1251,4,3,Suburb,2012,213234.3372
2100,4,1,Rural,1982,271700.1989
2670,3,3,Urban,1958,233906.7003
2415,2,3,Rural,1958,310569.8308
2435,4,3,Suburb,1964,263827.8549
1172,4,2,Rural,2013,172519.4006
1874,5,3,Rural,1958,304275.87
1200,3,3,Rural,1999,156537.3463
1216,3,1,Rural,1971,125915.7782
1375,2,1,Urban,2001,145050.1511
2743,4,2,Suburb,1950,324915.6558
2609,3,1,Urban,1989,228961.0582
1010,2,1,Rural,2020,127648.8764
2822,3,2,Suburb,1984,351909.477
2791,2,3,Urban,1988,182074.8462
2035,4,1,Rural,1958,206990.7865
1891,3,1,Urban,1999,228632.2314
2613,2,2,Rural,1984,283782.1307
1434,2,1,Suburb,1985,127328.3544
2707,4,1,Rural,2019,286389.8377
2631,3,3,Urban,1990,307515.4015
1817,2,2,Rural,1971,175970.6846
2396,2,3,Suburb,1971,299958.3847
2296,2,3,Urban,1957,275803.2249
1930,2,3,Urban,1975,285773.8546
2920,3,2,Urban,2002,305711.3696
2948,5,1,Urban,2007,335074.3609
1690,3,3,Urban,1981,239820.3452
2599,2,2,Suburb,1963,278055.8935
2532,3,1,Urban,1995,265630.8983
2155,3,2,Rural,2012,274699.1718
1854,4,3,Urban,1958,307165.1837
2947,4,2,Urban,1986,383695.5144
1783,2,3,Rural,2020,285859.589
1318,5,2,Suburb,2000,196742.5873
1843,4,3,Urban,1968,216382.6212
2972,3,1,Suburb,1966,298174.3664
2876,2,2,Rural,1994,386525.5374
1620,5,2,Suburb,2002,228002.5364
1784,4,1,Rural,2021,144942.5288
2191,2,3,Suburb,1990,261270.8465
1396,5,3,Suburb,1997,116027.2231
2203,2,3,Urban,2006,148983.2646
2081,5,1,Rural,1999,295744.6367
2503,4,2,Rural,1951,338619.7736
2956,3,2,Urban,2002,357155.1576
2614,3,2,Suburb,2019,356852.2457
1459,4,1,Suburb,1977,95380.67425
1060,4,3,Suburb,2008,103082.8328
1368,4,3,Suburb,1955,141613.6553
2144,5,3,Suburb,2005,195351.7987
1718,5,2,Rural,1971,272211.9764
1545,5,1,Suburb,1957,122022.8218
2605,5,3,Urban,1951,258329.5471
2040,5,3,Urban,2012,215514.5956
1495,5,2,Suburb,1969,174597.0871
1496,5,3,Suburb,1959,216839.057
1504,4,2,Urban,1979,247773.6316
2555,5,3,Rural,1981,303335.0848
1968,2,2,Urban,2017,282482.0635
2338,5,2,Urban,1980,336772.5635
2092,3,3,Rural,2017,233625.2983
2750,3,2,Suburb,2004,230329.8222
1160,4,3,Urban,1971,132864.8229
2637,3,3,Rural,1989,352213.8419
2911,3,1,Urban,1996,338601.977
1717,3,3,Rural,2017,189591.9042
2168,4,3,Urban,2009,221042.754
2592,4,1,Urban,1974,276752.5899
2618,5,1,Suburb,1968,334760.0874
1992,3,2,Urban,2015,226794.556
2408,5,1,Suburb,1968,222712.2737
1268,4,1,Urban,1987,170162.0108
2946,5,2,Rural,1984,318183.623
2477,5,1,Suburb,1952,212545.1486
1698,3,3,Suburb,1973,78534.9927
2541,4,1,Rural,2010,106275.3893
1864,3,2,Suburb,1952,207330.9859
1349,5,3,Rural,1955,201213.7871
1109,4,2,Urban,2013,185053.9814
2506,5,1,Suburb,1982,300879.1392
1406,5,3,Rural,1991,201691.2246
1649,3,1,Urban,2017,231393.1451
1050,4,2,Urban,1976,128151.2309
2426,4,2,Suburb,1980,280581.9584
2586,3,1,Urban,1960,261839.0699
2499,2,2,Rural,1996,300348.4499
2110,3,1,Suburb,1959,167653.7427
2091,3,2,Suburb,2015,240041.6273
1595,2,2,Suburb,2011,211184.6908
1978,4,2,Rural,2002,292362.6388
2065,2,2,Suburb,2020,215683.8865
1730,5,3,Urban,1953,244555.4595
1056,5,3,Urban,1971,101947.0638
1737,3,1,Urban,1967,191106.5756
1195,5,1,Urban,1984,173273.0365
2783,2,1,Rural,1980,333431.3766
2701,5,1,Rural,2002,278388.6027
2085,4,2,Rural,1952,277586.9437
2286,3,2,Rural,2019,200411.8856
1111,3,2,Suburb,1992,137766.9982
1764,4,1,Suburb,1983,131053.9476
1710,4,3,Urban,1974,170323.5444
2201,3,1,Suburb,1956,221146.5587
1947,4,3,Rural,2012,311350.5422
1025,5,3,Suburb,1982,217969.9536
1409,5,2,Rural,1971,123921.653
1757,5,2,Rural,1984,166277.9274
1530,5,1,Rural,1950,135606.3262
2800,2,1,Urban,2009,289668.8811
2340,2,3,Suburb,2013,213974.0765
2555,2,3,Rural,1997,188710.7098
2129,2,2,Urban,1998,148444.6078
1748,5,3,Urban,2008,112700.472
2841,5,3,Suburb,1956,297218.4852
2487,4,1,Suburb,1990,271098.9639
1245,2,1,Urban,2000,139314.5906
2104,2,3,Suburb,2019,178757.0097
1661,3,3,Rural,1996,156260.7412
1908,4,3,Rural,1992,278262.5907
1395,5,1,Urban,1984,236567.3366
1521,4,1,Rural,2012,259891.8091
2856,4,2,Rural,1984,287592.8907
2759,3,2,Rural,1952,247969.7311
1925,3,2,Urban,1996,195091.0131
1263,4,2,Urban,2008,219901.1641
2684,2,1,Urban,1987,291461.6138
1789,5,2,Suburb,1975,127590.1849
2297,3,1,Rural,1973,300894.6717
2729,3,1,Suburb,1990,346828.3367
2967,5,2,Suburb,2020,332820.5607
1171,3,1,Suburb,2002,156292.8706
1264,4,3,Rural,2020,209458.8102
2986,5,2,Rural,2014,303709.5058
2845,2,2,Urban,1960,412303.3991
2049,3,3,Urban,1985,277129.0697
2492,3,2,Suburb,1955,274117.5004
2885,4,1,Suburb,1956,317033.2193
1475,2,1,Rural,1989,138829.4192
1355,3,1,Suburb,1961,153843.8871
2049,5,2,Suburb,1979,291546.7695
1033,5,3,Urban,2014,181322.0047
1263,4,3,Urban,1964,119860.1649
2161,4,2,Urban,2018,289547.1546
1815,3,1,Rural,1950,241789.5981
2718,4,1,Suburb,2002,221256.6908
1874,5,2,Rural,2004,265841.4471
1753,4,2,Urban,1971,239497.0423
1565,5,1,Suburb,2005,256261.9956
1461,3,2,Urban,1955,114847.9238
2191,5,3,Suburb,1952,214341.3618
2654,4,3,Urban,1995,281594.1261
1654,5,2,Rural,1995,196710.2887
1080,5,1,Rural,1955,28774.99802
1756,2,3,Suburb,1958,233549.8771
2937,2,2,Urban,1997,248726.6508
2887,3,1,Urban,1961,269412.1859
1869,5,2,Urban,2017,184007.4103
2430,5,2,Rural,1950,225179.9374
2597,5,2,Suburb,1990,320694.7553
2069,2,2,Suburb,1976,106789.52
1598,5,2,Urban,1989,177752.1222
2634,2,1,Urban,1993,282491.8872
1806,3,3,Urban,1970,251954.6206
2934,5,1,Suburb,1989,371659.7234
2076,5,3,Suburb,1981,301340.0408
1983,4,2,Rural,2000,208964.141
1703,2,2,Suburb,1950,134681.4301
2982,4,1,Suburb,2003,306320.6532
1475,3,1,Rural,1951,127497.8824
1591,2,3,Suburb,1973,141046.401
1015,5,2,Suburb,1997,171050.5661
2383,5,1,Urban,2014,307589.5159
1486,5,2,Rural,1953,294901.5326
2861,5,2,Urban,1958,336729.7618
1705,3,2,Rural,1999,126976.2539
2525,5,3,Rural,1983,274645.0699
2164,5,2,Suburb,1995,186306.893
1619,5,3,Urban,2017,184154.9385
2838,4,1,Rural,1952,338086.0654
2018,3,1,Rural,1979,231768.0312
1776,2,2,Rural,2013,156107.005
1446,3,2,Rural,2009,84243.37974
1289,3,3,Suburb,1970,105359.3165
1208,3,2,Suburb,2005,108746.5978
2498,5,2,Rural,2016,316029.2418
1412,4,2,Urban,1989,138370.1186
1676,4,3,Urban,2009,244734.0753
2450,4,3,Rural,1993,235983.6476
2877,4,2,Rural,1971,355438.5176
2394,2,2,Suburb,1963,267670.9268
2855,4,1,Urban,1951,326299.4804
1663,5,3,Urban,2018,243214.4931
2990,5,1,Urban,1992,297863.5135
1289,4,2,Suburb,1988,182618.5196
2455,2,2,Rural,2018,355456.6737
2291,4,2,Suburb,1967,198882.4489
1150,5,2,Rural,1951,151648.5804
2742,5,3,Urban,1981,253965.4437
2278,5,2,Rural,2007,205036.9291
2376,3,1,Urban,1981,264244.585
2400,5,1,Rural,2014,300875.3335
2676,4,1,Rural,2009,359507.3632
1854,5,3,Rural,1994,263025.101
2381,2,1,Suburb,1965,263502.1026
1607,3,3,Urban,1981,206594.866
2964,2,3,Suburb,2014,317835.0406
1369,5,2,Rural,2006,173409.932
2250,3,3,Urban,1984,163466.5272
1704,3,3,Urban,1966,179739.0044
2326,3,3,Suburb,1971,342612.9739
1825,5,2,Urban,2014,206947.9557
2004,2,2,Urban,1997,243711.8323
2412,5,2,Rural,1988,220006.0069
1376,3,1,Rural,2016,162046.8927
1972,5,1,Rural,1953,161043.5573
1117,3,3,Suburb,1969,135616.1557
2028,3,1,Suburb,1977,264378.0676
1443,3,2,Rural,1950,201220.4437
2375,5,1,Rural,2020,201685.2928
1754,5,2,Rural,2011,169869.1949
2556,3,1,Suburb,1987,262445.7563
2687,4,2,Rural,2000,249608.8382
1639,2,1,Urban,1999,129596.6908
1123,3,3,Suburb,2020,81343.91834
1657,3,1,Rural,1969,182200.246
2300,3,1,Rural,1965,262848.1232
1821,3,3,Rural,1970,152876.865
2417,3,3,Suburb,2002,249658.9276
1663,4,2,Suburb,2007,110041.3342
1359,5,3,Urban,2014,201692.188
1622,4,1,Suburb,2011,186890.9096
2492,3,2,Suburb,1966,230953.6697
2651,3,1,Rural,1985,291677.0329
2723,3,2,Urban,1998,319854.0652
2080,5,2,Urban,2015,215553.2889
2274,2,3,Urban,1954,178527.2845
2919,2,1,Rural,2008,271523.9008
1918,4,2,Suburb,1990,222205.0417
2173,4,2,Urban,2007,207711.8767
1451,2,2,Urban,2008,198112.4786
2185,3,2,Urban,1983,304347.812
1119,5,3,Urban,1970,158649.9934
1581,4,3,Rural,2017,252812.1708
2947,5,1,Suburb,2008,300253.253
2374,3,2,Urban,1975,299367.4807
1098,3,1,Suburb,2009,158823.4566
2190,4,1,Suburb,2010,291119.8061
2833,2,3,Rural,1975,367906.4759
2686,2,2,Rural,1990,211523.6452
2861,2,3,Urban,2008,304389.7912
2999,3,2,Urban,1976,261529.6007
1513,3,2,Urban,1997,137282.9584
1663,5,1,Rural,2000,189243.9861
1400,5,1,Rural,2006,256064.8976
1364,5,3,Suburb,1986,238161.1266
2600,3,3,Suburb,1966,242971.4936
2349,2,2,Suburb,1989,278597.7722
1580,3,1,Rural,1999,290018.9758
2656,5,1,Rural,1959,233587.0029
1620,5,2,Rural,1981,262117.19
1827,5,3,Rural,1964,182474.6179
1246,5,2,Rural,1978,170200.6945
1433,4,1,Urban,1956,194239.8308
2116,5,3,Suburb,2012,286436.1439
2291,3,2,Urban,1975,281884.3593
1614,4,1,Suburb,2015,131955.5671
1942,2,3,Urban,2011,213680.9268
1962,3,2,Urban,1998,179270.6242
1623,3,3,Rural,1977,193874.9006
1320,2,2,Rural,2013,170153.5729
2946,3,1,Rural,2004,370827.9414
2839,4,2,Urban,1983,243539.3764
1855,2,2,Urban,2005,197498.6713
1061,4,1,Rural,2020,216280.483
1299,5,3,Rural,1971,96146.61604
1402,2,3,Urban,1973,155307.088
1954,4,1,Urban,1953,177609.9717
2671,5,1,Rural,1965,352033.6411
2590,4,3,Suburb,1975,308226.2089
2643,4,1,Suburb,2011,223416.3539
2326,3,3,Suburb,1981,234935.5628
2793,5,1,Urban,1961,232949.2328
1252,3,1,Suburb,2008,218203.517
2757,5,1,Suburb,1963,373993.1266
1477,5,1,Rural,1968,197374.7091
2392,3,1,Rural,1997,169651.2936
2702,3,1,Suburb,1967,335907.6352
2964,3,3,Suburb,1983,262329.3303
1159,5,1,Rural,1981,92611.17174
1960,5,2,Suburb,2006,219675.0884
2189,5,3,Rural,2011,286711.9473
1204,5,2,Rural,2005,124802.0257
2290,5,1,Urban,2021,212464.416
2161,5,3,Rural,1974,250901.108
2391,4,2,Rural,1995,283244.6787
2466,3,1,Urban,1982,173271.2348
1857,5,3,Urban,2017,183221.5778
1759,4,1,Urban,1995,279889.6223
2590,2,2,Urban,2012,298714.3383
2939,4,3,Urban,2003,408942.948
1720,3,3,Suburb,1960,227282.6149
2040,2,3,Urban,1998,266674.1415
1067,5,3,Rural,1970,242503.2141
1132,3,3,Rural,1970,117888.8229
2723,2,2,Urban,2000,266643.0734
1918,4,3,Suburb,2007,256193.5122
1429,2,3,Suburb,1963,141934.2098
1307,3,1,Rural,1962,72850.74747
1649,2,3,Rural,1983,221428.5788
2197,4,2,Rural,1966,220230.4629
1411,2,2,Suburb,1993,185626.7331
1096,4,2,Suburb,2021,197025.3197
2706,2,1,Suburb,1966,242281.4547
2177,4,3,Suburb,2018,293624.5003
2718,4,2,Suburb,1970,340856.6805
2265,4,3,Urban,1967,349811.7465
2327,5,2,Urban,2007,267198.0202
2308,4,2,Suburb,2017,230484.4868
2050,3,2,Suburb,1990,236817.4757
2425,4,1,Suburb,1960,329535.8524
2383,5,3,Suburb,2010,342089.0728
2083,5,3,Suburb,1982,192027.3986
1201,3,3,Urban,1960,127848.2499
1761,4,3,Urban,2014,211851.074
1873,5,2,Suburb,1972,187703.5138
1580,5,3,Urban,1951,172913.8394
2993,2,1,Rural,1977,299301.7288
1369,2,1,Urban,2012,224852.5742
1532,3,1,Rural,1971,140683.7667
2175,2,3,Rural,2001,311940.7597
2125,4,1,Suburb,1954,233201.3999
1898,2,2,Rural,2019,191966.0552
1606,5,1,Suburb,1988,198533.0362
2469,3,3,Urban,1984,226751.4161
1872,2,2,Urban,2001,185009.7669
2252,3,1,Rural,1963,264085.9179
2148,4,3,Urban,2008,169813.1515
1769,4,3,Urban,1963,158440.5789
1833,2,3,Suburb,1976,262836.403
1998,2,2,Rural,1967,170152.5669
2904,2,3,Rural,1989,311864.5967
1937,5,1,Suburb,1952,172785.7983
1235,4,1,Rural,2000,240707.294
1161,5,1,Rural,1963,220777.6614
1553,2,3,Urban,2009,148945.1164
1787,4,3,Suburb,1956,253096.8609
2376,5,1,Rural,1973,239645.7101
2091,5,2,Suburb,2014,301376.556
2196,3,2,Rural,1953,249337.2165
2866,5,2,Rural,1977,274179.5218
2660,2,2,Suburb,1999,328380.6568
2705,2,3,Suburb,2009,317975.8132
1558,5,2,Suburb,1982,166317.2251
1260,3,1,Suburb,1971,90381.03031
1216,3,3,Suburb,2017,137504.5611
2840,3,3,Urban,2021,310167.4912
2147,5,1,Suburb,2013,203439.6978
1804,5,1,Rural,2014,155079.7997
2185,3,2,Rural,1978,227868.248
1200,5,3,Rural,1956,54348.87469
2477,4,2,Urban,1962,285833.0981
1401,2,2,Suburb,2009,140632.6316
2485,5,3,Urban,1960,206120.9889
1274,4,1,Urban,1964,112206.6447
1205,5,3,Rural,1992,152162.6895
2063,4,1,Rural,1995,196726.2961
2296,3,1,Rural,2018,237821.9805
2723,2,2,Rural,1967,322293.667
1866,5,2,Rural,2014,196648.7447
1092,4,2,Urban,1951,196352.5093
2065,4,3,Suburb,1952,222210.5558
2488,3,3,Rural,1988,300068.5665
1378,2,1,Suburb,2013,192166.4236
2130,2,1,Urban,1983,196838.3217
2351,2,3,Rural,1978,336262.7328
1064,4,3,Suburb,1969,140667.6307
1364,5,1,Suburb,2020,98516.20669
1820,5,1,Rural,1965,164440.3691
2507,3,3,Urban,1983,235774.3677
2670,2,2,Rural,1972,266574.4349
2924,5,3,Urban,1992,307966.4507
2047,4,2,Urban,1985,153259.3813
1539,4,2,Urban,1960,184084.3064
2085,2,3,Suburb,1951,290766.5276
1490,3,1,Rural,2019,195476.054
2296,3,2,Suburb,1996,296375.0009
1228,2,3,Urban,1962,91517.67228
2043,4,2,Suburb,1991,188908.0027
1002,3,2,Suburb,2008,71911.99957
2444,4,1,Urban,1995,294765.9847
2753,4,2,Urban,1951,214974.3221
1910,5,3,Suburb,1964,297367.9534
1306,3,2,Urban,2015,69085.39135
1431,4,3,Urban,1971,69747.26656
1135,5,2,Urban,1962,78669.1599
2932,4,1,Rural,1986,291938.9749
2967,2,1,Suburb,1974,220675.3327
1514,3,2,Suburb,1990,77560.05023
1192,4,1,Rural,2013,181201.9035
2608,3,2,Suburb,1964,248141.8063
2438,5,2,Suburb,1973,198026.3017
1872,3,1,Urban,2007,190339.9568
2141,4,1,Rural,1974,188300.3208
1665,3,2,Suburb,1950,209449.6128
1208,2,3,Suburb,1987,156929.104
1951,2,3,Rural,1955,252382.575
2057,5,1,Suburb,1959,275263.4103
1648,4,1,Suburb,2004,131194.9828
2341,3,3,Urban,1995,202602.2554
1119,5,3,Rural,1951,122225.0591
1626,5,2,Urban,1975,154877.279
1524,4,1,Urban,1988,135569.5651
2604,3,2,Rural,1999,239945.8914
2960,5,2,Suburb,1992,292089.4928
2868,5,3,Rural,1951,321039.7569
1768,4,2,Suburb,1975,243899.9327
2112,4,1,Suburb,1991,283795.6676
1511,5,1,Rural,1968,132844.6701
1046,3,1,Urban,1955,177987.6567
1771,5,2,Urban,1992,283181.6016
1739,2,2,Rural,1990,112294.7598
2982,4,1,Rural,1992,361738.4091
2715,2,3,Suburb,1985,284759.5381
1521,3,3,Urban,1985,101146.7371
2307,4,1,Rural,1963,268290.7902
2400,3,2,Suburb,2004,317229.2723
2661,2,2,Rural,2018,291974.2248
1133,3,2,Suburb,2019,112719.7921
2690,4,2,Urban,2013,295418.6465
1247,2,1,Rural,1981,223266.7129
2675,4,2,Rural,1999,290115.3785
2341,2,1,Rural,1990,251582.394
1435,5,1,Urban,2007,141953.2885
2199,3,2,Suburb,2008,310709.5817
2858,3,3,Urban,1957,233833.8528
1685,4,2,Rural,1986,236199.6358
1585,5,3,Urban,1989,120516.0765
1350,4,3,Suburb,2008,179953.8568
1142,4,1,Urban,2004,116768.1986
1966,2,3,Rural,1980,152285.1654
1803,5,3,Rural,1976,290764.3891
2421,2,1,Rural,1961,249403.9238
2647,4,2,Rural,1970,204143.2963
1717,2,3,Suburb,1999,180968.4217
1642,2,2,Urban,1957,77474.64123
2392,3,1,Suburb,1987,218936.788
1500,5,3,Urban,1968,232146.6792
2645,3,1,Rural,1984,258531.6042
1369,5,1,Urban,1981,106580.5513
2602,3,1,Urban,1991,250067.3073
2405,4,3,Rural,2010,298335.9133
2109,3,1,Rural,2013,271043.9294
1786,5,2,Rural,2021,202218.1237
1738,5,1,Urban,2017,170325.1846
2483,5,3,Rural,2014,293115.8369
1949,3,3,Suburb,1988,165938.3443
2348,2,3,Urban,1977,277973.2358
1521,3,2,Rural,1994,117440.3576
1488,2,3,Suburb,1964,114508.7612
2952,3,2,Urban,1994,331477.0946
1396,4,1,Suburb,2001,201929.7585
1895,4,2,Urban,1996,191534.344
1354,3,1,Rural,1985,223313.1327
1946,3,1,Suburb,1968,260485.6278
1287,3,1,Rural,1976,131643.1736
2482,4,3,Urban,1961,252101.1075
2647,2,2,Urban,2004,290088.9212
1997,5,3,Suburb,1960,184716.7996
1535,2,3,Rural,1988,268097.7476
2314,3,2,Urban,1950,273765.5592
1850,4,1,Rural,2000,280173.4097
1837,5,2,Rural,1959,172005.339
1167,2,3,Rural,1994,214955.761
1949,3,2,Suburb,1999,214278.5151
1620,4,1,Rural,1985,238314.671
1427,4,3,Suburb,2017,225191.8675
2725,5,2,Urban,1979,375131.7573
1489,2,1,Rural,1987,202933.848
1354,4,3,Suburb,1975,156995.7352
1195,3,3,Suburb,1970,171474.0664
1544,3,1,Suburb,1976,151666.0547
1716,5,2,Suburb,2020,190905.6864
1823,2,1,Suburb,1990,209240.8781
1931,4,3,Suburb,1966,135750.6212
2717,5,1,Suburb,2007,352877.1718
2002,2,3,Rural,1982,188449.1093
1658,2,1,Suburb,1960,109511.2918
1938,4,2,Urban,1971,204595.6099
1779,5,1,Urban,1972,255014.4638
1010,5,3,Suburb,1986,132641.1222
2605,5,2,Urban,1999,210096.7498
2279,5,3,Urban,2008,353080.623
1395,2,2,Urban,1997,140943.554
1730,5,3,Urban,1950,134485.5588
2832,5,3,Rural,1992,267438.0722
1408,4,3,Suburb,1958,78960.89217
1361,3,2,Suburb,1996,198708.375
2282,2,3,Rural,1979,187604.3275
2026,4,1,Rural,1981,172851.5751
1083,4,3,Suburb,1994,267352.1548
1155,4,3,Urban,2005,125782.3961
2686,2,2,Rural,1981,257091.2002
2199,3,3,Urban,1963,265996.3853
1706,2,3,Rural,1956,88336.07327
2961,5,3,Urban,2010,394295.6377
1471,3,3,Rural,1959,156408.3799
1618,2,3,Rural,1975,209080.4442
2447,2,1,Rural,1990,255546.7438
1133,5,1,Urban,2004,182713.4271
1787,2,2,Rural,1973,165524.5904
1906,3,2,Suburb,1958,223865.4708
1863,4,1,Suburb,1988,309460.8042
2403,2,2,Urban,2012,169760.5641
1666,2,1,Rural,1957,315692.7938
1276,3,1,Rural,1999,195761.9384
2259,2,2,Suburb,1988,224719.0526
2775,4,2,Urban,1976,232177.9351
1881,5,3,Suburb,1993,133577.4142
1012,5,1,Urban,1991,69513.46107
1341,5,1,Suburb,1952,183491.7652
1034,4,1,Urban,1990,106861.0417
1558,5,2,Rural,2002,204782.8417
2237,3,1,Rural,1975,276823.2472
2435,3,1,Urban,1976,281173.205
1404,4,2,Urban,1954,91068.30935
2517,4,1,Urban,1982,283980.2901
1657,4,1,Urban,2002,195848.5362
1158,3,3,Urban,1974,68091.73231
1955,4,3,Suburb,1991,106723.4374
2660,4,3,Urban,2000,303858.2052
2133,5,1,Rural,1997,246607.8127
1548,4,3,Urban,1996,170596.7758
2812,2,2,Rural,1997,261336.3031
2549,5,3,Rural,2016,175189.5686
1984,3,2,Suburb,1998,222067.0881
2370,3,2,Rural,1971,272496.6637
2767,3,2,Urban,2015,292710.0257
2851,5,1,Rural,1995,369959.6924
2659,3,2,Suburb,1987,241703.0562
1278,5,1,Urban,2001,157552.3158
1478,5,2,Rural,2014,201977.6355
1110,2,1,Urban,1957,164876.4937
2659,2,2,Rural,2013,243876.1114
2948,2,2,Urban,1962,304812.1553
1430,2,1,Suburb,1999,185727.0861
1541,2,3,Suburb,1977,156722.3105
2138,3,2,Rural,1957,308293.702
2113,3,2,Suburb,1997,166761.8485
2235,3,3,Rural,1994,255190.8381
2573,2,2,Suburb,1960,282484.897
2618,4,1,Rural,1960,220466.7493
2562,3,1,Urban,1989,276809.642
2752,3,2,Rural,1982,282069.2161
1359,4,2,Rural,1965,143759.1755
2509,2,1,Rural,1989,201534.6764
1371,5,3,Urban,1954,143333.9197
2238,4,2,Suburb,1980,297126.9081
2756,4,1,Suburb,2013,314136.9483
2038,3,3,Urban,1995,91606.97553
1954,3,2,Suburb,2019,215778.8559
1258,2,2,Urban,1977,175903.4236
1777,5,3,Suburb,1967,155067.4624
2486,5,2,Rural,1971,210252.0608
1119,4,2,Rural,2019,145401.6538
1975,2,1,Rural,2000,222048.0763
1912,5,3,Urban,1953,153813.5932
2151,4,2,Urban,1973,274134.4137
1722,3,1,Suburb,1965,189213.0037
1522,5,2,Urban,1991,135181.575
2711,4,1,Suburb,2016,283400.5751
2668,5,2,Rural,1973,327266.2982
1324,2,2,Suburb,2009,84723.73307
2343,4,2,Suburb,2000,209135.3513
2529,2,2,Rural,2005,387111.037
2549,4,2,Rural,1979,311183.9384
2073,3,3,Urban,1950,232779.4625
2945,5,3,Suburb,1952,229389.5497
2607,3,3,Urban,1955,238363.113
1068,2,1,Suburb,2009,148523.732
1390,5,3,Suburb,1978,56087.06539
1382,3,2,Rural,1999,211176.6056
1015,4,2,Rural,2009,51274.84356
2462,4,3,Suburb,1952,318254.1625
1845,3,1,Urban,1950,284882.0225
1868,5,2,Urban,1984,264939.0584
1567,2,1,Suburb,2012,142124.2716
2640,4,2,Rural,1990,310076.914
1131,2,1,Suburb,2013,163949.7879
2583,5,1,Rural,1979,274239.033
2271,5,1,Rural,1992,227506.3412
1272,4,2,Suburb,1960,202048.614
2646,2,2,Suburb,2009,281970.9133
2955,5,3,Urban,2014,282484.2004
2861,2,1,Rural,1951,244151.6837
2871,4,1,Rural,1981,323936.5807
2372,4,2,Suburb,2007,235990.1226
1483,5,1,Urban,1989,211965.9791
1549,5,1,Urban,2000,191251.9659
1356,2,2,Suburb,2020,104474.9985
2775,5,2,Rural,2006,271704.9157
2341,4,2,Rural,1985,194885.8464
2656,5,2,Urban,1956,327103.7029
2071,3,2,Urban,1997,239441.4138
2033,4,2,Rural,2006,256829.128
1232,2,1,Urban,1954,242194.1546
1035,5,2,Suburb,1968,128079.4789
1412,5,3,Rural,2000,173549.6462
2485,4,1,Urban,1991,290623.6979
2027,4,3,Urban,1955,170767.2157
1043,2,2,Rural,1998,60076.77038
1567,4,2,Urban,1979,169012.5678
2577,2,1,Urban,2013,190805.3082
2278,5,2,Suburb,2006,276283.1921
1739,2,1,Urban,1977,195454.2275
1113,2,1,Urban,1999,75583.51768
2772,2,2,Suburb,1960,225027.6159
1396,5,1,Rural,1968,91052.93297
2197,3,1,Suburb,1956,282431.6231
2278,3,1,Suburb,1966,176393.2925
1465,2,2,Urban,1961,142600.3435
2952,4,1,Rural,1969,280261.3893
2300,3,3,Suburb,2020,263321.3626
2487,5,1,Urban,2010,323671.1178
1846,2,1,Urban,2006,169394.8689
1501,3,2,Urban,1985,264884.2959
1440,5,1,Rural,1956,173007.8487
1068,2,2,Urban,1977,114802.0339
2532,3,1,Urban,1999,236402.4091
1325,2,3,Urban,2004,150265.8027
2765,3,2,Rural,2017,343819.5154
1066,3,3,Suburb,1987,225169.7474
1303,4,1,Urban,1958,165197.5382
1971,3,3,Rural,1985,167416.3315
1483,4,1,Suburb,2012,162796.9632
1928,5,1,Rural,1992,82176.56866
2571,3,1,Suburb,1985,320559.8537
2440,2,1,Suburb,1977,273815.8446
2182,4,1,Rural,2010,258471.4938
1148,3,1,Rural,1955,78626.89128
2050,4,2,Rural,1992,141541.4463
1986,2,1,Urban,1959,179630.2783
1583,2,1,Suburb,2010,128673.3817
1247,2,1,Rural,2000,113214.0998
2124,5,3,Rural,1968,288983.1969
1701,5,3,Urban,2015,228389.037
1095,2,2,Suburb,2006,240641.9137
2407,5,3,Suburb,1992,217364.558
1281,5,2,Rural,2007,172776.0403
1321,5,1,Suburb,1993,164703.3534
2419,5,1,Urban,1970,325546.8964
2301,5,2,Rural,1980,341079.7071
1528,5,2,Urban,1999,73461.29574
1262,2,2,Rural,1964,169790.1041
2642,5,1,Suburb,1963,374005.5604
1579,5,3,Rural,1969,161322.4501
2663,4,1,Rural,1995,303143.5233
2316,4,2,Urban,1998,268454.7006
1293,5,1,Urban,1992,63691.95005
2631,3,1,Suburb,2014,320302.3919
1394,3,1,Urban,1999,231898.5228
1512,5,3,Rural,1971,252549.356
1920,2,3,Urban,2015,214660.056
1809,2,1,Urban,2001,228531.0759
2203,4,1,Rural,1958,339903.0952
1919,2,2,Suburb,2007,196780.7504
1692,2,1,Suburb,1971,125518.3588
1234,2,3,Urban,1967,152877.6319
1951,5,3,Rural,1989,196295.9036
2854,5,1,Suburb,2003,342237.4545
2360,3,3,Urban,1966,369079.5187
2031,4,3,Suburb,1954,282812.044
2466,3,3,Suburb,1951,295375.9541
2964,2,1,Urban,1963,348010.4706
1538,2,2,Rural,1963,125298.0369
1819,3,3,Rural,1951,217579.0308
2681,3,2,Suburb,2003,240124.7467
2114,5,1,Urban,1974,198685.2824
2877,5,2,Rural,1959,323977.4703
1271,4,2,Suburb,2018,65960.47523
2857,5,2,Rural,2020,217811.9358
2028,2,1,Urban,1984,331059.264
2617,2,1,Suburb,2015,277835.2319
2922,3,1,Suburb,2004,333067.007
2242,4,1,Suburb,1962,292637.3457
2141,5,3,Rural,1976,259845.4492
1592,4,1,Rural,2018,218287.1583
1975,2,2,Rural,2018,229310.6869
2605,2,2,Rural,1965,330897.8181
1114,5,1,Urban,2000,176562.8059
1262,5,3,Suburb,1955,196379.4271
2329,5,3,Suburb,1974,299475.7713
2677,3,1,Urban,2002,225715.6418
2445,2,3,Urban,2021,250230.2579
1206,3,2,Suburb,2008,119607.7913
2646,2,3,Rural,2016,326877.7406
1302,5,3,Rural,1989,217017.9719
1111,2,1,Suburb,1985,153776.9291
2440,2,2,Suburb,2015,203415.9043
2578,4,3,Urban,1955,280833.1223
2882,2,3,Urban,2007,263488.1131
2308,2,2,Suburb,2005,283464.7762
2663,4,3,Urban,1987,360367.9216
1184,5,2,Rural,2004,115079.7566
2764,4,3,Suburb,1999,321402.4465
1900,5,1,Rural,1950,254797.4655
1220,5,3,Urban,1969,150305.4396
2887,5,3,Urban,1997,343832.9924
2467,2,3,Urban,2006,310345.8455
2140,4,2,Suburb,1985,214890.3769
2093,4,2,Rural,1991,240722.307
1897,4,1,Suburb,1983,208349.9994
2093,4,1,Rural,2021,316056.1426
1621,3,1,Urban,2001,119234.5128
1426,2,1,Rural,2017,108594.7884
1643,3,1,Suburb,1995,213078.5139
1567,2,2,Suburb,2009,116659.0635
1442,4,1,Rural,1963,154644.8494
1600,3,3,Urban,1995,161400.5812
2160,5,1,Rural,1974,335399.3385
1503,4,1,Urban,1998,204759.7802
1130,4,1,Suburb,1995,85647.4323
1217,5,1,Suburb,2019,201526.2164
1687,4,2,Suburb,2010,244273.0827
1170,2,1,Suburb,1964,97736.48884
2498,4,2,Rural,2018,266266.2908
1611,2,1,Urban,2012,246393.133
1991,2,2,Urban,2006,222476.1255
2152,4,1,Urban,1951,57334.96652
1056,5,3,Rural,1994,42610.27261
2204,2,2,Suburb,2002,101961.097
1245,3,2,Suburb,1996,131500.9536
1143,2,1,Urban,1970,133045.3534
2074,5,2,Suburb,1954,270387.8421
1367,4,2,Suburb,1983,185437.9443
2482,5,2,Rural,1989,233521.818
1217,5,3,Suburb,2008,158134.3534
1615,4,1,Rural,1990,185820.5716
2918,3,3,Rural,1958,295362.9297
2590,3,3,Urban,2009,377134.8933
2280,2,1,Urban,1984,185612.2452
2881,2,3,Urban,1960,323494.4818
2179,3,3,Rural,1982,191309.5537
2588,4,2,Suburb,1964,211321.5913
1441,5,2,Suburb,2018,110106.7017
1840,4,1,Suburb,2013,218343.1062
1955,5,1,Rural,1997,148577.2284
1698,5,3,Urban,1998,142160.4833
1875,3,1,Suburb,1989,249191.3054
2685,3,1,Rural,1960,299878.5807
1775,4,2,Rural,2010,256696.0827
1761,5,3,Urban,1968,193700.0416
1944,4,2,Suburb,1980,231267.3706
2833,2,2,Suburb,1979,298018.1
1922,3,2,Suburb,1968,203032.9508
1934,3,3,Suburb,2007,246930.5845
2746,5,3,Urban,1970,250578.3993
1024,3,3,Suburb,1993,100093.3141
1805,4,2,Rural,1954,280790.7757
2876,5,1,Rural,2003,284389.9025
2687,5,3,Urban,1980,395834.7856
2559,2,1,Urban,1997,261445.3348
1763,4,2,Rural,1975,253838.3957
2083,5,3,Rural,2021,225815.998
2490,3,1,Rural,2020,191164.2574
1433,3,3,Rural,1986,203283.8238
1878,5,2,Suburb,1972,206317.4336
2089,3,3,Suburb,2001,312939.9952
1909,5,2,Rural,2001,253258.9507
1564,5,2,Rural,1977,166851.1435
2951,5,1,Suburb,2015,366323.1323
1105,3,2,Urban,1985,51172.27954
1095,3,2,Rural,2003,138268.1
2711,4,3,Rural,1958,347978.087
2574,2,2,Urban,1974,253071.3541
1167,3,2,Suburb,1985,112298.8771
1041,5,2,Rural,1963,42397.06134
2902,3,2,Urban,1959,385148.9199
1103,3,1,Urban,1958,131213.8938
2868,5,3,Rural,1952,338755.147
2227,4,3,Urban,1952,281356.5584
1519,5,2,Urban,1959,209880.7899
2998,4,1,Rural,2001,357246.9584
1281,3,1,Rural,1974,201346.0667
2931,5,2,Urban,1972,351989.678
2066,3,2,Rural,1960,174780.6494
1946,5,3,Rural,1971,188458.7564
2133,3,3,Urban,2002,214669.3635
2233,3,3,Rural,1976,209848.7794
1748,3,3,Suburb,2016,233838.6664
2891,5,2,Rural,1996,301668.0547
1830,4,2,Suburb,1962,246323.2077
1048,3,3,Urban,1979,87355.2443
1114,5,3,Urban,1995,232850.5325
2178,5,2,Rural,1979,216086.8843
2672,3,3,Rural,2008,274568.5743
1502,3,2,Urban,1950,232156.0037
2702,4,3,Rural,1985,308863.9705
2856,3,2,Rural,1961,288220.3398
2734,4,1,Urban,1969,294890.7943
1985,2,2,Urban,1951,223364.0013
1070,5,1,Suburb,2010,110870.9166
2011,4,1,Suburb,1981,184680.9077
2542,3,3,Urban,1980,288995.4114
2735,4,1,Urban,1969,212422.4401
2359,3,3,Suburb,2005,158137.8182
1066,4,1,Urban,1973,80666.83331
2516,5,1,Urban,1991,306682.8939
2673,4,3,Urban,1952,292590.6432
2777,2,2,Rural,2017,390789.8635
1966,5,3,Suburb,2017,316171.1993
2236,4,1,Suburb,2020,198358.0658
1180,2,3,Suburb,1960,68793.16368
2789,2,3,Urban,1970,239913.2006
1612,4,1,Urban,1988,251392.5159
2886,5,1,Rural,1961,396080.5663
2622,4,1,Suburb,2011,339981.3114
1696,5,3,Urban,1971,208357.985
1602,5,3,Urban,1967,188267.5363
1247,4,3,Rural,2017,155184.0236
2237,2,2,Urban,2019,239019.7047
1358,5,3,Suburb,1965,142048.6514
1248,3,2,Suburb,1981,166649.2073
1637,3,1,Suburb,2002,130054.1841
2946,2,2,Suburb,1998,325515.8876
1949,2,3,Rural,2000,211814.6199
2904,4,1,Urban,1961,372504.2601
2539,5,2,Rural,2004,335441.165
2111,4,1,Rural,1956,197551.5091
1662,3,1,Suburb,1955,155582.9367
1175,3,2,Suburb,1975,197293.3205
1722,5,1,Urban,1977,215724.7305
1425,5,1,Suburb,1958,207138.8947
2794,3,3,Rural,1971,293040.7428
2626,4,1,Rural,2006,203182.8865
1770,5,2,Rural,1995,249950.7987
2947,4,2,Urban,1952,317493.1043
1702,5,3,Rural,1967,252175.0078
1080,2,3,Urban,2018,144973.4787
1926,4,2,Suburb,1987,298227.7101
1137,3,2,Urban,1971,215928.724
2456,2,3,Suburb,1983,214957.5665
1469,4,2,Suburb,1963,137837.3422
1349,5,1,Suburb,1977,182013.8945
2149,3,3,Urban,1989,263147.5722
2904,5,3,Urban,2000,265136.6605
2940,4,3,Suburb,2015,359528.2708
2891,2,3,Rural,1998,343999.2209
2332,4,1,Rural,1997,222109.4378
2878,3,3,Suburb,1970,393390.6345
2253,2,3,Rural,2005,201483.1125
2483,3,2,Urban,2013,332656.528
2368,5,3,Suburb,1990,230627.4791
1309,2,2,Rural,2012,222202.4695
2976,4,2,Rural,1950,184810.268
2043,5,2,Rural,1972,297525.0855
2904,5,1,Urban,2018,406271.6282
2584,4,3,Urban,2010,323402.3302
2001,5,3,Rural,1974,178385.2275
2670,3,2,Rural,1971,302641.7868
2564,4,3,Rural,1988,224376.0956
2583,5,2,Rural,2014,293154.2108
2500,2,3,Suburb,1972,273227.7877
1268,4,2,Rural,1968,177632.4439
2026,4,2,Rural,1957,214381.9247
1769,5,2,Suburb,1959,129423.3374
1015,4,1,Suburb,1962,143965.6545
1605,4,2,Rural,1968,159749.7029
2381,4,1,Rural,1950,184312.0673
2669,4,1,Suburb,1986,287276.1023
1812,4,2,Urban,2002,247628.5208
2862,4,1,Urban,2021,337708.7769
2156,3,3,Urban,1999,227790.9031
2335,5,1,Suburb,1988,268259.3201
2990,3,1,Rural,1991,363946.2195
1481,5,1,Urban,1998,101592.4794
1894,4,1,Urban,1975,234629.8201
2567,5,2,Rural,1985,245915.3179
2328,3,3,Suburb,1957,262767.0833
1268,5,3,Urban,1976,268117.5615
1413,4,1,Urban,2001,258117.606
1024,4,3,Rural,1998,123092.5214
1315,4,2,Rural,1972,207066.0068
1570,3,1,Suburb,1990,121361.9903
1724,2,1,Rural,2003,203008.9909
2691,4,1,Suburb,1992,273524.8937
2007,4,3,Suburb,1999,262255.2941
2849,5,1,Rural,1967,266038.7374
2299,2,1,Urban,2019,253728.9508
2953,5,3,Urban,2016,378063.9222
1388,3,2,Urban,1976,65649.57433
1721,2,3,Rural,1996,269963.1451
1443,4,2,Suburb,1976,147621.2358
1998,2,2,Suburb,1964,124647.4173
2450,4,2,Rural,2003,300663.6901
2080,3,1,Rural,1967,169032.9249
1696,5,2,Rural,1950,126855.7496
1970,3,1,Rural,1961,145514.9914
2589,3,3,Urban,1976,297610.3549
1720,4,2,Urban,1995,203450.9805
1367,5,1,Urban,2020,173484.1061
2964,3,1,Urban,1967,305111.9623
1341,2,2,Suburb,1983,119351.2051
2828,3,2,Urban,1966,338887.3701
2875,4,2,Rural,1985,323552.3604
1303,2,1,Rural,2007,50899.88196
1763,2,1,Rural,2003,167235.0893
2397,5,2,Urban,1951,196539.3328
2973,2,3,Urban,1987,340148.3628
1815,2,1,Rural,1992,225341.8852
1111,4,1,Rural,1984,54211.04834
1877,5,3,Urban,1960,198466.7906
2029,3,3,Suburb,1976,197872.2575
1929,2,3,Rural,1991,217706.0014
1702,3,1,Urban,2002,258681.1973
1845,3,3,Rural,2018,181434.1918
1943,3,3,Urban,1964,293782.3626
1278,5,1,Urban,2004,152468.5216
1381,3,1,Suburb,1955,105776.8434
2875,4,1,Suburb,1998,301053.3556
1012,5,3,Suburb,1976,174701.4288
1302,5,2,Suburb,1951,91361.77671
2579,5,2,Rural,1971,318665.8449
2640,5,1,Suburb,1971,241035.147
1159,2,3,Suburb,2019,183198.3008
1153,2,3,Rural,1970,163167.1402
1753,3,3,Suburb,1980,169814.3362
1180,2,1,Suburb,1956,161399.1899
2549,5,2,Rural,1977,324541.5531
2203,3,3,Urban,2017,233047.1951
1376,4,2,Rural,2014,135571.9392
2827,2,2,Urban,1958,309882.0498
1775,5,3,Urban,1956,172940.4783
2191,3,1,Rural,2004,267833.0512
2237,2,2,Rural,2019,285231.697
2173,5,2,Suburb,2017,252102.5631
1015,3,2,Suburb,1994,90953.96571
2114,2,2,Rural,1979,235769.3283
2143,4,2,Suburb,1995,175898.0078
2979,2,3,Suburb,1981,323269.5792
1252,5,1,Rural,1972,226902.7776
2083,5,2,Urban,1962,262360.1083
2289,4,1,Urban,1991,191462.9705
2432,4,1,Urban,1950,302640.67
1030,3,3,Rural,1963,80353.567
2044,3,1,Urban,1965,191650.9097
1730,5,1,Urban,2012,162363.7375
2616,2,1,Rural,1998,249417.3393
1288,4,1,Urban,1974,132417.0791
2566,3,2,Urban,2001,243550.8119
1497,5,3,Suburb,1988,159155.9562
2769,5,3,Urban,1961,338442.2635
2497,5,3,Suburb,2021,293549.3226
2428,4,1,Urban,1976,258400.2745
1547,4,1,Urban,1978,178737.6279
1960,4,2,Suburb,1996,319484.0755
1131,2,1,Urban,2021,81066.55358
2347,4,1,Suburb,2010,266040.9584
1857,5,3,Suburb,2007,199097.0342
2155,4,1,Rural,2018,216940.8171
1520,2,3,Urban,1974,111777.487
1029,2,3,Rural,2018,95144.61534
1626,5,3,Suburb,1981,205132.5848
2324,3,1,Urban,2001,209940.2969
1003,4,1,Urban,1993,40163.56247
2348,4,2,Suburb,1980,291923.0175
1508,2,3,Suburb,2007,111505.588
2260,2,2,Urban,1958,338615.9314
2558,3,1,Urban,1979,331319.6008
1015,2,1,Rural,2010,158982.1291
2557,2,1,Urban,1997,278339.4153
1996,2,2,Suburb,1986,202431.1813
2607,2,1,Rural,2014,323334.7472
2839,3,1,Rural,2020,330764.3356
2469,4,1,Suburb,1964,258115.3267
2526,4,2,Urban,2002,206858.8948
1955,4,2,Urban,1984,196995.3689
2253,4,1,Rural,2007,327103.2852
2130,4,3,Suburb,1996,328460.0014
2743,5,2,Rural,1960,310428.0233
2412,5,2,Rural,2005,249231.645
2743,2,3,Urban,1997,286985.6897
1262,5,2,Urban,2019,176662.693
2586,4,3,Suburb,1963,268067.9879
2088,2,3,Rural,2013,174513.5909
1264,4,3,Suburb,1978,160654.5278
2361,4,3,Suburb,2017,253026.6167
2324,2,3,Urban,2019,288052.3904
1377,4,2,Rural,1998,100757.1752
2198,5,1,Rural,2015,259970.9658
1962,2,3,Suburb,1968,276720.8403
2175,3,2,Suburb,2001,209300.4059
1475,3,1,Suburb,2006,128472.9699
2289,3,1,Rural,1960,245262.9618
1328,4,2,Urban,1980,156305.6586
2996,4,1,Suburb,1969,321645.9926
2839,4,1,Suburb,1958,288252.4244
2186,4,3,Rural,2020,226868.6068
1437,2,3,Urban,1966,230436.6975
2366,3,2,Urban,1972,208087.4914
2390,5,3,Urban,1959,313156.0066
2488,2,1,Suburb,1971,311618.3735
2773,3,1,Rural,1982,252256.1957
2222,3,3,Rural,1959,206511.263
2523,2,2,Urban,1988,266460.6205
1015,2,2,Rural,1976,122527.0635
2844,2,3,Urban,2009,271863.396
2319,5,2,Suburb,1992,237709.0827
1867,3,2,Rural,1993,175348.6391
1510,5,1,Urban,1955,197209.9847
2811,5,3,Rural,2006,345265.4612
1983,5,3,Suburb,1973,230375.1732
2262,5,1,Suburb,1998,220010.8516
1580,5,1,Rural,2010,202049.4069
2324,2,3,Rural,1956,335866.0579
1005,5,3,Suburb,2005,107247.5739
2243,4,1,Suburb,2019,235914.5786
2018,2,2,Rural,2013,192094.3608
2789,3,1,Urban,1999,352617.309
2476,3,2,Urban,2001,268513.1047
2456,2,3,Urban,1980,166042.7715
1806,5,3,Suburb,2003,182727.3259
2893,2,3,Suburb,2016,281723.5917
2409,3,3,Suburb,1951,280702.5708
1618,3,3,Urban,1987,189994.6139
2318,2,1,Urban,1956,204798.4439
2141,4,3,Urban,1979,239332.3378
1404,4,3,Suburb,1997,161475.2204
2703,4,3,Suburb,1950,330995.0914
1996,3,3,Urban,1999,233749.9395
2786,4,2,Rural,1997,260837.5803
1593,4,3,Suburb,2015,124444.5346
1565,2,2,Suburb,1968,164807.6993
1751,5,2,Rural,1975,131249.8265
2901,5,3,Suburb,1956,349993.3124
1011,2,2,Suburb,2008,142000.8468
2232,5,3,Rural,1976,335347.5791
1164,4,2,Rural,1960,165930.2053
1877,3,1,Suburb,2014,211164.0746
2317,4,3,Suburb,1987,223146.0597
2934,2,3,Rural,2008,284820.2024
2542,5,2,Rural,2007,282269.5364
1077,2,1,Rural,1957,81785.38708
2457,2,3,Urban,2006,165458.0666
2600,4,2,Rural,2000,323216.2383
1613,5,2,Rural,1950,173029.4936
2986,3,3,Urban,2014,319984.9063
1868,4,2,Urban,1960,216100.9489
1811,2,3,Rural,2008,265196.9188
2822,2,1,Suburb,1988,185341.1168
2706,5,1,Urban,1972,272575.1275
2100,2,1,Rural,1996,256694.8703
2071,2,1,Suburb,1986,253896.9251
1766,4,2,Suburb,1994,153372.8816
1081,5,2,Rural,1975,166386.3301
2918,4,2,Rural,2006,231253.5303
2744,3,3,Urban,1956,339634.1064
1208,2,1,Suburb,1961,104811.6392
2468,4,3,Suburb,1979,349834.2049
2994,4,1,Suburb,1994,372795.4551
2619,5,3,Rural,1962,339670.4393
1521,2,2,Rural,2004,205813.885
2052,4,2,Rural,1967,175847.9368
2327,2,2,Suburb,2009,239804.0198
1993,3,3,Urban,1972,251548.3591
1464,2,2,Suburb,1952,131071.0335
2525,2,2,Rural,1968,260287.4778
2469,4,1,Suburb,1998,166279.8875
1627,5,3,Rural,1993,192276.6785
2513,5,3,Suburb,1975,244849.5379
1780,5,2,Suburb,1975,195466.8779
2451,3,3,Rural,1962,328367.4956
1558,3,2,Urban,1994,255035.5537
2382,4,3,Suburb,1991,160152.3583
1959,5,1,Suburb,1960,168610.048
1090,3,3,Rural,1986,173474.0032
2076,5,2,Rural,1969,209313.7919
2753,5,3,Rural,1962,307526.0358
1859,3,3,Suburb,1963,193485.5794
2612,5,1,Urban,1963,319825.1837
2227,2,3,Rural,2009,166196.8741
1555,4,1,Rural,2013,245132.098
1155,3,1,Rural,1979,100751.2801
1001,3,1,Suburb,1953,83072.86095
2380,5,2,Suburb,1995,218919.7716
1824,3,1,Urban,2000,262279.8839
2592,2,3,Urban,1966,204089.0022
1801,5,3,Urban,1963,257709.2958
1982,2,1,Urban,1971,222798.4574
2081,4,1,Suburb,1960,227094.1775
2277,4,1,Suburb,2019,231906.9016
2203,2,2,Urban,1984,229706.6464
1492,5,1,Rural,2018,173739.842
1668,4,1,Urban,1986,241858.482
2058,5,1,Suburb,2006,250824.7364
1074,5,1,Urban,1997,154562.3406
1943,4,1,Urban,1974,238968.5885
2312,4,3,Rural,1965,244443.0918
1370,2,3,Urban,2015,155991.4187
1586,5,3,Suburb,2015,228978.3069
1328,2,2,Rural,1999,158251.6713
1589,3,2,Suburb,1998,256081.9262
2790,3,3,Rural,1972,334477.3465
1776,3,1,Urban,1964,125553.3813
1303,3,1,Rural,1994,225806.3228
1578,4,2,Urban,1993,243532.7236
1220,4,2,Rural,1987,84224.51218
1978,2,1,Urban,2018,283287.2018
2187,4,2,Rural,1951,261995.6465
2503,4,1,Urban,1985,200399.8847
2478,4,3,Suburb,1976,307425.2554
1374,3,2,Rural,2018,147438.0695
2243,2,3,Rural,1954,213752.1659
2707,5,2,Suburb,1956,252497.3195
2277,5,3,Suburb,1966,269633.8054
2745,5,3,Rural,1990,354649.6849
1187,3,2,Suburb,1983,185803.4839
2214,4,2,Suburb,1982,248090.1722
2412,4,3,Suburb,1988,269638.26
2238,5,3,Suburb,2021,286746.1758
2398,5,1,Suburb,1999,322375.0145
2109,2,3,Urban,2008,207382.1796
1473,3,2,Suburb,2017,109534.6824
2641,4,1,Suburb,1993,261362.8564
1843,5,1,Urban,2017,110319.1613
2831,5,3,Suburb,2012,270398.7946
1530,2,1,Suburb,2014,209725.9679
2070,4,2,Rural,2016,217660.2444
2088,4,2,Rural,1975,273497.54
1962,2,3,Rural,1952,272960.0079
1474,2,1,Urban,2000,185922.585
2169,4,3,Rural,1976,332597.8482
1945,2,3,Suburb,1952,285395.6009
2821,5,3,Rural,1979,379079.0691
2405,4,1,Suburb,2021,298778.266
2089,3,2,Suburb,2007,298847.5518
1516,4,2,Suburb,1954,176775.647
2116,2,1,Urban,2006,306173.4604
2888,3,3,Urban,1965,343733.5632
1425,5,2,Suburb,1969,149270.4709
2491,5,3,Suburb,1981,275607.5733
2117,5,2,Urban,2005,200362.169
2641,2,3,Rural,1956,278251.5904
1132,4,3,Rural,1958,111065.7735
2457,2,3,Rural,1998,267108.6596
2364,4,2,Rural,2017,323830.0032
1313,2,3,Suburb,1997,111511.2694
1590,5,2,Rural,1975,209403.8541
2235,2,2,Suburb,2014,197541.6219
2543,4,2,Suburb,2001,285536.5922
2008,5,2,Urban,1999,162594.5509
1158,5,1,Rural,1979,62428.00889
2291,3,2,Rural,1972,294940.1128
1660,4,3,Urban,1951,149576.1034
2885,3,2,Urban,1980,352184.124
2981,3,3,Suburb,2010,396710.8339
2626,3,1,Rural,2000,219846.1122
1747,5,2,Suburb,2011,235866.028
2497,3,1,Rural,1962,218548.0521
1800,4,2,Rural,1969,269627.9888
1409,4,2,Suburb,1958,206247.5732
2497,3,1,Urban,1967,282669.8624
2379,3,3,Rural,1996,352871.1615
1679,3,3,Rural,1989,237794.3569
2216,3,3,Urban,2013,249336.5305
2722,3,2,Urban,1974,333817.3332
2294,3,3,Suburb,1964,277704.6019
1113,2,3,Suburb,2002,114059.8255
1896,5,2,Urban,1988,256779.0444
2546,5,1,Suburb,1961,347544.5367
2078,5,3,Suburb,2020,220231.3302
2793,3,1,Suburb,2001,364193.8409
1064,2,2,Rural,2020,133365.5448
1683,5,2,Rural,1995,83364.26025
2295,4,3,Urban,1988,215267.6763
2525,5,3,Suburb,1992,309765.4534
2685,5,1,Rural,2009,324484.9933
2385,5,3,Rural,1982,306874.2756
1145,5,1,Suburb,2019,131191.219
1942,4,2,Suburb,1982,336015.4441
2232,3,1,Suburb,2008,298625.8178
2309,4,2,Rural,1971,296178.4752
2033,4,3,Urban,1960,232230.5833
1738,3,1,Rural,1999,105598.8559
1185,4,1,Urban,1963,234949.9809
2597,4,1,Rural,1961,259425.8904
2620,5,3,Rural,1988,309929.8782
2487,5,3,Suburb,1993,341044.2352
2157,3,3,Suburb,2002,253933.7026
1834,5,1,Urban,1980,258849.7209
1808,3,1,Rural,1973,138255.6801
1170,3,2,Rural,1963,110128.7664
1212,2,1,Urban,1985,165831.7537
2996,3,2,Urban,1991,324681.7305
2553,4,3,Rural,1959,293298.6343
2849,3,2,Urban,1964,250326.6474
2525,2,2,Suburb,1956,325821.5917
2595,4,1,Urban,1966,302041.9895
2623,2,1,Rural,2017,306269.9376
1026,5,2,Suburb,1997,115192.7799
2013,4,2,Suburb,1986,274576.0409
2091,3,3,Rural,1959,181442.012
1789,2,1,Suburb,1999,210802.5855
1407,3,3,Suburb,1989,131514.5662
2575,5,2,Suburb,2021,224303.4605
2132,4,3,Suburb,1981,195712.0364
1073,3,1,Urban,1988,140616.4306
1577,5,2,Urban,2020,237693.9394
1679,3,2,Suburb,1985,122677.471
2285,4,3,Rural,1970,415120.8726
2391,5,1,Rural,1974,262173.7303
1785,5,2,Urban,1962,207204.3053
1848,2,2,Rural,2014,171855.798
1869,4,3,Urban,1991,179287.3894
1236,5,2,Urban,2003,117651.006
1726,4,2,Suburb,2016,273963.8482
2389,3,1,Urban,1975,273088.5227
2309,4,1,Urban,1953,210112.7712
1377,2,3,Rural,1961,191949.3097
1660,4,2,Rural,1960,231883.0532
1829,4,1,Urban,1953,281544.0454
1905,3,3,Urban,2001,122223.5226
1375,2,1,Suburb,2017,194601.9142
1618,3,3,Urban,2006,265441.2057
1652,5,3,Rural,1997,170973.7388
2099,3,2,Urban,1966,367407.9336
2032,2,3,Suburb,1984,245316.4293
1195,2,3,Urban,1987,94964.03209
1806,4,1,Rural,2016,200082.0873
2815,2,3,Urban,1961,316104.1908
1892,3,3,Suburb,2008,254853.783
2653,2,1,Rural,1987,179822.885
2313,5,1,Urban,1960,296439.8626
2084,2,1,Urban,1995,257229.8482
1936,2,1,Suburb,2015,167786.3719
2412,3,2,Rural,1996,318961.4635
1846,4,2,Urban,1983,192408.1128
1817,4,3,Suburb,2008,189193.4108
2923,3,1,Rural,2018,361818.3275
2586,4,2,Urban,1968,263303.1509
1563,5,3,Urban,1969,218300.5456
1633,5,2,Suburb,1951,194854.209
1678,4,2,Urban,2009,233980.192
2017,3,2,Rural,1980,222922.2583
1007,3,3,Rural,1999,87347.38842
2392,4,2,Suburb,1987,202254.3764
2068,2,3,Urban,1966,227627.6398
1343,4,1,Rural,1974,165458.9311
2780,5,1,Suburb,2014,351991.0696
1795,5,1,Suburb,1965,244003.2206
2398,2,1,Suburb,1952,254875.4465
2642,5,2,Urban,1996,271549.8156
2050,3,2,Suburb,2001,173497.7098
2216,2,1,Urban,1971,214772.7487
2953,2,3,Suburb,1977,347287.3423
1848,2,2,Rural,1980,261546.2233
2380,3,2,Urban,1956,159188.3284
1061,5,3,Rural,1983,113186.4849
2085,4,3,Suburb,1979,179186.2276
1421,5,3,Urban,1974,221546.3804
2817,4,1,Rural,2016,314367.2959
1632,2,1,Urban,2015,166001.3668
1791,4,3,Suburb,2016,123579.4351
1550,5,1,Urban,2003,182948.622
2403,3,1,Urban,2006,185279.9087
2300,5,3,Urban,2018,297671.2512
1605,3,2,Urban,1966,174023.6812
2454,3,1,Suburb,1976,287275.2599
2138,3,3,Urban,2006,361965.8499
2711,4,3,Suburb,2016,260144.604
2144,2,3,Urban,1977,230153.9489
1524,2,2,Rural,1969,100701.9088
1898,2,3,Urban,1980,214882.2131
2439,3,3,Suburb,1996,208401.422
1162,4,2,Rural,1984,82018.01857
1786,4,3,Rural,1977,205247.5926
1909,4,1,Rural,2019,224187.3265
2711,5,2,Suburb,2004,198460.9173
1981,4,2,Suburb,1996,166269.6814
2360,4,3,Rural,2002,187707.3571
1378,4,1,Suburb,1977,164977.1565
2347,2,2,Rural,1985,211427.5235
1172,3,3,Urban,1998,195821.6876
1999,5,3,Rural,1997,242903.2519
2810,2,2,Suburb,2002,345145.0763
1063,4,2,Rural,1973,150646.8728
2124,3,3,Rural,1992,336169.0018
2345,3,2,Urban,1974,239344.8509
1974,3,1,Suburb,2001,144229.8659
1065,3,1,Rural,1983,61546.90861
2866,4,3,Suburb,1954,357459.7839
2580,5,1,Suburb,1994,282597.8218
2622,4,3,Suburb,1971,296131.9871
1457,3,2,Urban,1950,209741.0439
2602,4,2,Suburb,1965,340782.8911
1452,3,3,Suburb,1986,92110.33555
2282,4,3,Suburb,1988,182965.2336
2957,5,2,Urban,1968,316846.5249
2740,3,3,Suburb,1974,275023.7042
2449,4,1,Suburb,1997,246374.5679
1978,2,1,Urban,1997,232080.2481
2959,5,1,Urban,1978,276511.5349
1177,2,2,Rural,1955,153180.1049
2954,4,2,Suburb,1965,338065.5058
1279,5,2,Rural,1980,55184.33966
1343,5,3,Urban,1960,130623.0819
2040,5,2,Suburb,1998,147449.668
1295,4,2,Rural,2015,112024.8413
1201,5,1,Urban,2002,174459.733
1961,5,2,Suburb,1951,176258.2914
1683,2,3,Urban,2003,197426.4537
2942,4,3,Rural,1961,309821.5644
2797,3,1,Urban,1955,239066.409
2217,4,1,Rural,2015,240103.0729
2172,4,3,Urban,2017,220606.3445
1374,5,1,Suburb,1967,171343.8529
2911,2,1,Rural,1969,236551.9678
1034,2,3,Urban,2012,119890.2906
2392,4,1,Suburb,1958,273893.3082
1028,3,3,Urban,1990,232362.0627
1774,4,3,Suburb,1978,156912.0009
1220,3,3,Rural,2005,130611.6547
1052,3,1,Suburb,1982,243864.8256
2956,4,3,Urban,1955,341771.267
1790,5,2,Urban,1990,143699.412
2376,5,2,Urban,2001,159569.4862
2415,3,2,Rural,1961,278629.5389
1075,2,1,Urban,1981,94560.30498
1493,5,3,Suburb,2012,149546.5965
2711,5,2,Urban,1992,330410.2585
2545,3,3,Urban,1966,242039.9355
2998,3,1,Suburb,1967,319378.5119
1116,3,1,Urban,1989,181324.5558
1279,5,2,Urban,1974,171980.1845
2753,5,1,Suburb,2018,369220.2156
2198,2,1,Rural,2020,184519.2318
1745,2,3,Rural,2007,171173.7712
1948,4,3,Suburb,1992,246465.3548
1763,3,2,Rural,1987,165811.0149
1294,5,2,Suburb,1955,181058.0207
2017,2,3,Suburb,2003,240328.6751
2474,3,1,Rural,1983,333741.3263
2857,3,2,Rural,1979,367084.4234
2541,4,3,Urban,1978,334559.608
2044,3,1,Urban,1974,183510.9992
2096,2,1,Suburb,1978,292126.726
1841,4,1,Urban,2004,183221.9081
2059,5,2,Urban,1983,259273.71
2530,4,2,Urban,1998,413800.5529
2922,3,3,Urban,1976,368035.5909
2256,3,3,Urban,1951,261384.4558
2751,2,3,Urban,1975,182675.6714
1496,3,3,Suburb,1960,266547.1935
1205,5,3,Rural,2005,221664.3077
1425,2,2,Suburb,1995,132680.907
2964,3,1,Rural,2016,324570.4687
1043,5,1,Suburb,1981,104980.9993
2114,2,2,Rural,1992,234132.7777
2952,3,1,Urban,1969,344786.0469
2851,5,2,Rural,1991,364771.0731
2493,5,1,Suburb,1969,258844.7822
1604,4,1,Suburb,2021,243678.7131
2490,2,3,Suburb,2000,203847.789
2874,4,2,Urban,1972,303750.3779
1453,5,1,Suburb,1971,154503.0093
1594,4,2,Urban,1970,131594.9752
2356,4,2,Urban,1986,287434.8281
1506,4,3,Urban,1952,147720.9013
1793,2,3,Suburb,1971,182694.2536
2493,3,3,Rural,1991,242461.9978
1020,4,1,Urban,1969,121405.412
2251,3,1,Suburb,2007,215318.5384
2399,2,1,Rural,2015,194476.2691
2153,3,1,Rural,1953,301436.5954
2710,2,3,Suburb,1966,358113.1915
1619,3,2,Suburb,1977,213993.0426
1413,2,2,Urban,1996,257299.8614
2818,5,2,Suburb,2006,373740.1196
2094,2,1,Suburb,2012,263911.0915
2427,3,1,Urban,1955,218433.6149
2585,4,1,Suburb,2009,221923.8841
2630,5,2,Urban,1980,301418.9464
2814,4,1,Rural,2017,311255.3538
2420,3,2,Urban,1972,172056.8267
1336,4,1,Rural,1952,119169.7535
2667,4,2,Rural,1953,323756.2652
2528,2,1,Rural,1991,196994.1177
1909,3,3,Urban,2017,255681.7433
1275,4,1,Rural,2011,131600.3689
1891,4,2,Urban,1990,218247.1257
1012,4,2,Urban,1999,96178.39017
2026,3,2,Urban,1980,256940.2799
1977,5,3,Urban,1962,278978.0377
2247,4,3,Suburb,1955,250053.6683
1973,4,2,Urban,1969,254456.9101
1174,5,2,Rural,1991,130871.6398
2922,5,2,Suburb,1965,428184.173
2408,5,1,Suburb,1952,238865.1945
2625,4,2,Suburb,1985,296998.6607
2943,2,1,Urban,1972,355107.6249
1240,3,3,Suburb,1984,191600.2006
1546,4,3,Rural,1975,99336.93653
1013,5,2,Suburb,1978,125070.5319
2218,5,3,Suburb,1987,265530.6029
2420,5,1,Suburb,1956,221726.7208
2454,5,1,Rural,1962,243633.5159
2329,2,2,Urban,1988,321476.2429
2357,3,2,Urban,1950,211960.9903
1724,2,3,Urban,1981,121213.2216
2433,2,2,Rural,1966,364241.2402
1002,3,2,Suburb,2000,150204.6975
1690,4,2,Rural,1981,158254.0634
2575,4,1,Urban,2003,353198.0832
2475,2,3,Rural,1977,259108.9371
2699,3,2,Urban,2017,303028.3903
2842,5,2,Rural,1953,280276.4294
1746,3,2,Rural,1987,328610.2818
1768,4,1,Suburb,1952,276579.7466
1871,2,1,Suburb,2006,155830.9319
1494,5,2,Rural,1970,171626.8602
1416,4,3,Rural,1964,174381.3276
2414,5,1,Suburb,1976,213855.1586
2396,3,2,Suburb,2006,227054.5599
1627,3,3,Rural,1996,172998.8524
2075,4,2,Rural,1988,255790.5549
2399,4,3,Suburb,1986,209458.6035
2418,5,1,Urban,1989,215772.2559
2946,5,3,Suburb,1987,284906.3222
2020,3,1,Urban,1953,266945.4976
1141,2,1,Urban,1982,69804.49478
2109,5,3,Rural,1968,289668.7647
2487,3,1,Urban,2003,127972.1801
1045,2,3,Rural,1986,114783.4669
1843,4,3,Suburb,2017,87436.43963
2008,4,1,Rural,1957,213216.6695
2261,5,1,Rural,1953,278956.8208
1009,2,1,Urban,1982,104168.4107
1663,3,1,Rural,1999,197263.4351
1572,5,1,Rural,2007,156943.9066
2553,3,2,Urban,1968,301394.9655
2621,2,2,Suburb,2020,302257.1022
1648,5,2,Suburb,2000,163293.6455
1912,2,2,Suburb,1958,251878.0902
2765,2,2,Rural,1978,297593.3124
1639,2,3,Suburb,2004,183695.21
1615,3,1,Suburb,2018,197440.2004
1697,4,2,Urban,1986,221944.2382
1908,5,3,Suburb,1951,230483.4969
1177,3,3,Rural,1957,175607.5577
1868,2,2,Rural,1974,275796.4796
2029,3,2,Suburb,1971,207375.4961
1852,2,2,Urban,1984,152358.3631
1306,2,2,Suburb,1994,208516.6139
1547,2,3,Urban,1952,152956.4765
1326,2,1,Suburb,1959,192061.6156
2379,3,1,Rural,2011,332532.6024
2816,2,3,Rural,2010,347087.7436
1394,3,2,Suburb,1998,156721.2217
1299,3,1,Suburb,1970,117847.3649
2549,4,2,Urban,2010,354679.1048
1748,3,1,Rural,1986,233635.1404
1284,4,1,Rural,2003,127062.7273
1329,4,1,Suburb,1957,251503.8668
1049,4,3,Urban,1966,58688.93322
1772,3,2,Rural,1977,172667.4791
2991,4,1,Suburb,2005,361876.4666
2645,5,1,Suburb,2008,267072.0477
2732,2,1,Urban,1993,257827.5268
1377,3,2,Suburb,1957,193607.9663
2787,2,1,Rural,1960,243459.0357
2623,3,3,Rural,1964,302657.6406
1999,4,1,Rural,1977,171350.1126
2848,5,1,Urban,2015,299953.9956
2561,4,3,Urban,1964,295685.8142
1773,3,2,Suburb,1977,223766.244
2167,4,2,Rural,1956,182267.6353
2083,5,1,Urban,2008,192616.0293
1867,2,2,Urban,1993,208433.0025
2803,2,3,Rural,2016,282302.6627
2098,4,2,Urban,1952,317531.3792
1002,3,1,Suburb,1952,168627.103
2598,3,3,Suburb,2001,300321.8437
1747,2,1,Urban,1957,168524.004
2471,5,3,Suburb,1978,307698.9635
2981,4,3,Suburb,2003,374444.0483
2764,4,1,Urban,1972,314833.1784
2925,2,1,Urban,1977,304814.4938
1274,3,2,Rural,2006,203316.4584
2553,4,2,Suburb,1978,259965.687
2615,3,1,Suburb,1971,257563.0045
1214,3,1,Urban,2015,167190.4787
2706,2,2,Rural,1958,298578.5286
2508,3,1,Suburb,1953,293442.7255
1328,5,3,Suburb,2006,106235.5338
1254,5,2,Urban,1973,140874.8982
2410,2,2,Rural,2016,277415.2639
1125,4,3,Suburb,1961,168385.8194
1766,3,3,Suburb,2002,258723.0448
2607,5,1,Suburb,2001,307626.5621
2573,2,1,Suburb,1965,302815.2675
2347,2,3,Rural,1993,188191.5752
2227,3,3,Urban,1976,204481.4343
2195,2,2,Suburb,2009,279214.2491
2758,4,2,Rural,1978,335391.4927
1216,3,2,Suburb,1952,67641.88354
2268,4,1,Urban,1982,218472.538
2359,5,2,Urban,1952,331472.8174
2726,5,3,Urban,1979,342396.9593
2321,5,2,Suburb,1954,251284.2202
1831,5,3,Urban,1996,239998.1238
1181,2,3,Rural,1985,141815.1275
1333,4,1,Rural,2012,130431.0041
1510,2,1,Suburb,1992,132656.7026
1382,2,2,Urban,1991,240760.5043
2740,5,2,Suburb,2004,275974.6082
2896,4,2,Suburb,1996,325969.1993
2222,3,1,Suburb,1979,150277.0979
1331,3,3,Suburb,2004,280515.1867
2188,3,3,Rural,1976,342641.5619
2265,4,1,Suburb,1960,207591.303
1899,5,2,Suburb,2002,276875.2597
1641,5,1,Suburb,2008,252643.3283
2250,4,3,Urban,1987,230070.6078
1633,5,1,Rural,1971,226812.8722
2579,4,1,Suburb,1976,218053.1536
1450,4,3,Suburb,1991,179089.8724
1195,3,1,Rural,1965,166625.5889
2893,3,1,Urban,2003,322984.2689
2227,2,1,Urban,1957,248335.4598
1457,4,2,Urban,1989,152934.7125
1829,3,3,Suburb,1953,218986.2894
1256,3,2,Suburb,1986,179176.6666
2552,3,3,Suburb,1959,212103.7506
2295,5,3,Suburb,1981,264120.174
1008,3,3,Rural,1956,169748.7121
1760,5,1,Urban,1991,326717.972
1948,3,2,Urban,2002,336233.2189
2224,5,3,Urban,1966,232544.2782
2082,5,2,Rural,1965,262688.4965
1886,3,2,Rural,1984,229029.0973
1392,4,2,Urban,1960,64193.97381
2675,2,2,Urban,1959,249624.3993
2142,2,1,Urban,1977,158358.8571
2576,4,1,Rural,1966,267358.6994
1398,3,3,Urban,1989,170309.913
2857,4,3,Urban,1965,299759.1871
1330,3,1,Rural,2002,147335.3965
2290,3,3,Rural,1996,225546.4495
2543,3,1,Rural,1953,281305.0841
2718,3,2,Rural,1988,289299.0402
1479,3,2,Suburb,1954,115342.8847
1133,4,1,Urban,1977,262162.4393
2716,4,3,Urban,1986,318940.9227
1915,2,3,Rural,2006,256245.191
1934,3,1,Urban,2011,173047.0789
1354,4,1,Suburb,2013,137046.762
1583,4,2,Urban,1959,171927.0161
2521,3,3,Rural,2004,335221.2618
1624,3,2,Suburb,1967,148659.3538
2130,4,1,Rural,2014,207393.6528
1289,3,3,Rural,1986,83547.78249
1824,5,2,Suburb,1997,267698.0414
1628,4,3,Suburb,2000,111267.5082
2018,2,3,Urban,1988,113933.7322
1631,3,1,Rural,1967,200594.9744
2170,5,2,Urban,2006,208657.706
1326,2,1,Urban,1981,176035.4938
2438,2,2,Urban,2004,266340.7901
1209,2,1,Rural,1965,76707.97008
2319,3,1,Rural,2018,219089.8587
2421,2,1,Urban,1985,215318.8906
2126,4,2,Suburb,1952,201234.1233
1635,4,1,Suburb,1950,107720.482
2780,3,3,Rural,1980,285863.6641
2531,3,1,Rural,1956,306748.9421
2914,2,3,Urban,1970,427238.2472
1867,3,2,Urban,1956,191211.8871
2232,4,3,Suburb,1988,253822.995
2956,4,3,Rural,1978,301990.7319
1427,4,3,Rural,1967,140059.5789
1392,3,3,Urban,1972,130784.4673
1825,4,3,Urban,1968,216922.408
1915,3,2,Suburb,2000,272179.5578
2132,5,2,Rural,1996,251790.8269
2912,2,2,Urban,2013,300527.5532
1347,5,2,Urban,2020,189705.4905
1049,4,2,Suburb,1967,114736.1947
1915,2,2,Rural,2003,202492.1446
2128,4,1,Suburb,2010,286593.8183
2443,4,3,Suburb,2000,332305.0316
2396,5,2,Suburb,2011,241327.1252
2050,4,1,Suburb,2011,268585.5447
1967,2,2,Suburb,1965,194027.2549
1799,4,2,Urban,2004,134083.0468
2792,2,1,Suburb,1992,340836.8885
2296,5,2,Rural,1972,242375.85
2016,3,3,Suburb,1967,259575.1579
1648,4,3,Suburb,1962,111101.4029
2363,5,1,Rural,2016,261100.6564
1300,4,2,Urban,1978,119138.7183
2503,2,3,Rural,2015,339812.4782
2857,4,1,Urban,1995,296128.5746
2567,3,3,Urban,1987,324347.2938
2580,4,1,Urban,1954,300508.0706
2288,3,1,Rural,1975,220181.7039
2565,3,3,Suburb,1967,328011.2911
2619,4,2,Suburb,2008,283041.6442
1165,5,1,Rural,1965,169411.1962
1315,4,3,Rural,1963,174034.972
1000,3,3,Urban,2015,146401.6823
2019,5,3,Suburb,1992,257956.2552
2784,3,1,Suburb,2019,330845.3237
2284,3,2,Rural,2018,274425.0811
1062,4,3,Suburb,1982,140374.4918
1482,2,3,Rural,2009,193904.3461
2699,4,1,Suburb,1984,300883.9663
2344,2,2,Suburb,1989,269966.6074
2869,2,1,Rural,1975,132268.5253
2224,4,2,Rural,1971,178301.42
1221,2,1,Urban,1960,176863.6973
1151,3,2,Rural,1960,141154.9993
1643,5,3,Rural,1999,115067.4605
1625,4,1,Urban,2011,186608.2921
2485,2,2,Urban,1994,275397.9188
1216,3,3,Urban,1997,207737.5303
1195,5,3,Urban,2000,158560.3345
2816,2,2,Suburb,1975,362561.7688
2225,2,1,Urban,1962,265283.8357
1994,3,3,Suburb,1972,205987.8382
2014,5,2,Suburb,1980,186304.1849
1646,5,1,Suburb,2018,189769.7092
2257,3,3,Urban,2003,277297.8566
2164,5,2,Urban,1974,307443.1252
1707,4,3,Suburb,2009,209124.1403
2521,5,1,Suburb,1987,279685.6378
2578,2,1,Rural,1953,178240.4702
2080,5,3,Rural,1975,285638.1673
2955,4,1,Urban,1989,373045.354
2527,4,1,Rural,2013,259205.9897
2165,2,2,Rural,2017,268762.604
1721,2,3,Urban,1957,177502.1144
2607,4,3,Urban,1967,283562.4585
2759,3,2,Suburb,2013,300008.43
2562,4,1,Rural,1992,235857.6238
1639,5,3,Suburb,1980,290043.3144
1105,2,3,Rural,1988,82852.66182
1164,3,2,Suburb,1985,85643.34477
1214,4,1,Rural,2017,183103.6853
2094,2,2,Suburb,1981,235957.4298
2739,5,3,Urban,2007,300030.9338
2688,3,1,Urban,1974,266519.5862
2602,3,1,Suburb,1991,269537.2181
1089,3,2,Suburb,1997,88073.2298
2795,5,1,Rural,2002,406484.7302
1873,2,3,Urban,1973,158793.8878
2251,4,3,Rural,1996,198134.9327
2102,2,3,Rural,2006,245388.0882
1607,5,1,Urban,1970,290074.2879
1348,2,1,Rural,1978,228373.4791
2865,3,3,Suburb,1987,357397.6229
1893,4,2,Urban,2021,214936.7576
1245,5,3,Suburb,1950,167493.9563
1271,3,2,Urban,1953,42517.3702
1402,2,3,Suburb,1983,264869.9848
2692,3,2,Urban,2021,331332.8836
2139,2,2,Suburb,1997,334434.4967
2458,2,1,Urban,2007,269827.2949
2553,5,2,Suburb,1958,314597.454
2465,2,1,Urban,2001,312238.8708
2195,3,3,Rural,1971,142933.3409
2039,5,2,Rural,2021,220458.0787
1960,4,2,Suburb,1988,239963.2328
2775,5,3,Rural,2014,414816.6029
1897,3,3,Rural,1983,279036.3693
2079,2,2,Urban,1975,269152.053
2614,5,2,Rural,1954,302857.7325
2126,5,1,Urban,1959,236184.2082
1283,5,1,Urban,2020,97143.41869
2728,3,2,Suburb,2006,337659.0066
1516,2,2,Rural,1959,154906.0005
1617,4,3,Rural,1955,178063.6628
2301,4,3,Rural,2005,282858.5559
2908,2,1,Suburb,1951,279078.4688
1611,4,1,Suburb,1963,245539.1334
1749,2,3,Urban,1967,196116.7814
2292,5,3,Suburb,1976,235257.6887
2856,5,3,Urban,1954,325124.4281
1399,3,3,Suburb,2003,200867.1415
2526,5,3,Rural,2002,250912.7412
1085,3,3,Suburb,1950,111444.7135
1319,4,1,Suburb,1988,190817.2229
2055,4,3,Suburb,1999,275759.2594
1335,5,2,Urban,1968,104611.2759
1050,2,2,Rural,1993,134100.4976
2102,4,2,Suburb,1982,291842.0544
2721,4,2,Urban,2012,166096.7321
1173,4,1,Rural,1979,192531.3809
2971,2,2,Suburb,1978,404383.3915
2641,5,1,Suburb,1957,308237.251
1500,3,2,Suburb,1993,124710.9447
2598,2,3,Suburb,1984,288722.8883
1075,2,3,Suburb,2006,124824.7363
1315,4,3,Rural,1963,83276.18117
2856,3,3,Urban,1986,206396.4487
2396,2,1,Suburb,1989,199370.7688
2104,4,3,Rural,2004,136381.3967
2896,2,3,Rural,1981,279823.5149
2663,4,1,Suburb,1959,244872.2205
2718,3,2,Urban,2003,256732.685
2778,3,1,Suburb,1957,269595.9376
1696,4,2,Rural,1972,216664.3467
2009,5,3,Rural,2007,228129.5368
1731,2,1,Rural,2019,100268.2939
2094,5,2,Rural,1996,242612.461
1968,2,1,Urban,1970,282533.2495
1853,3,2,Urban,1954,260302.4472
1665,2,3,Suburb,1986,187725.8333
2780,4,3,Urban,2018,328317.4511
1651,4,3,Suburb,2019,338118.7795
2094,4,2,Rural,1954,222390.2493
1045,5,3,Suburb,2002,155279.2224
2070,3,1,Suburb,1950,242313.1588
2614,3,2,Suburb,1998,237993.1479
2445,3,1,Urban,2011,307832.4551
1148,4,2,Urban,1997,79076.84885
1909,3,2,Suburb,2016,161212.0595
2153,5,1,Rural,1998,224486.0031
1455,5,3,Suburb,2003,134091.9571
2662,5,1,Rural,1955,295772.7973
1876,4,3,Rural,2004,175187.4721
2654,2,1,Rural,2007,304399.3759
1965,3,2,Rural,1950,215392.4348
1868,5,1,Urban,1959,222332.1729
2528,2,1,Urban,1957,251920.4485
1928,2,2,Rural,2001,245490.7066
2023,5,3,Rural,1974,152663.078
2000,5,3,Rural,1983,195440.5464
1773,3,2,Suburb,1950,215766.2923
1243,3,3,Urban,2017,88020.47515
1473,2,3,Suburb,1972,137716.1713
1381,2,3,Rural,1960,195864.4065
2126,2,2,Urban,1968,279061.8932
1488,4,2,Urban,2018,144208.6884
2060,2,1,Suburb,1968,268303.7076
2677,4,1,Rural,1952,301436.846
2572,3,1,Suburb,1996,242900.6201
2543,2,3,Urban,2003,284873.9983
2766,3,1,Rural,1997,384555.695
2356,2,3,Urban,1955,314178.1673
1396,3,3,Suburb,1954,166662.2937
1295,2,3,Suburb,2010,219397.5917
1106,4,1,Urban,1998,182501.4212
1859,5,1,Urban,2000,136332.4344
1953,3,1,Rural,2008,162291.3345
1529,3,3,Suburb,2004,115509.6067
2848,5,3,Rural,2011,273137.7665
2106,2,2,Urban,1988,170298.9526
1933,4,2,Rural,1955,202045.8621
1287,4,3,Suburb,1971,176240.0594
1705,4,2,Urban,1964,176924.3086
2484,2,3,Rural,1956,246962.5632
1214,3,2,Rural,1953,163001.4243
2304,2,3,Rural,2014,276385.4543
1731,4,2,Urban,1994,194782.0455
2977,5,3,Rural,1969,341722.4851
2482,4,1,Urban,1951,154295.3412
2824,3,2,Suburb,1952,328307.278
1343,2,3,Suburb,2005,169819.4205
1193,2,1,Rural,1997,208132.0659
1157,4,3,Suburb,2000,166495.549
1464,3,1,Urban,1961,198325.1525
1103,3,3,Rural,1975,37821.21257
1033,5,3,Rural,1998,76231.09856
2125,4,3,Urban,1984,259158.2837
1638,5,2,Urban,2007,213023.3596
2749,2,1,Suburb,1971,260545.6384
1324,2,1,Rural,1979,99220.59397
2967,3,1,Urban,1955,299829.7379
2831,5,2,Rural,2010,236068.897
1690,3,2,Suburb,1979,141657.8863
1591,4,1,Suburb,1961,211478.4564
1140,3,2,Rural,1999,57253.34609
1473,2,2,Urban,1972,216178.1133
2054,2,1,Rural,2021,219599.3586
1883,3,3,Suburb,1988,232055.3496
2958,4,3,Suburb,1998,314669.9184
1062,5,1,Rural,1957,130722.6228
2583,2,2,Rural,1987,222233.1971
2110,2,2,Suburb,1983,288079.2264
1303,4,1,Urban,1975,168354.3453
2084,3,1,Suburb,1958,328965.6394
1395,2,1,Suburb,2016,200639.7659
1333,2,1,Urban,1954,123458.1236
2975,4,2,Rural,1965,259599.814
1785,3,3,Urban,1962,232015.7869
1410,4,1,Suburb,1983,185721.1291
1283,4,2,Urban,1998,104234.0449
1465,3,1,Rural,1996,149215.452
1079,2,3,Urban,1993,95886.12722
2715,5,1,Urban,1958,283529.9043
1783,5,2,Rural,1982,208093.2694
2100,5,1,Suburb,1957,219698.9982
2977,4,3,Suburb,1958,384899.3914
1732,2,2,Urban,1999,156881.279
2928,2,2,Urban,1953,271932.124
2817,2,3,Urban,1976,273926.9277
2563,2,1,Rural,1995,320664.1495
2384,4,1,Urban,2009,308957.1827
1076,5,2,Suburb,2013,176620.8118
1508,5,3,Rural,1995,169190.6869
2187,3,2,Suburb,1988,215176.5448
2032,2,2,Rural,2018,247765.8927
2198,5,3,Rural,2003,226151.5845
1461,5,3,Urban,1961,211337.2058
2330,2,3,Urban,1967,277593.8671
2611,2,1,Urban,1959,277636.1736
1244,5,2,Urban,1969,340661.4729
1121,3,2,Urban,1983,135876.2541
1184,2,1,Suburb,1953,217887.6755
1031,5,3,Suburb,1989,198180.6404
1997,3,1,Urban,1996,221349.8563
2986,4,2,Suburb,2014,306623.9229
1761,3,1,Urban,1976,137466.7689
1568,2,2,Suburb,2000,206111.7999
1309,4,1,Suburb,2020,194596.8275
2395,3,1,Rural,2008,230564.8591
2679,5,2,Urban,1961,275288.0062
1829,2,2,Rural,2009,156318.0382
2619,4,1,Urban,1977,322131.5978
1991,5,1,Suburb,1964,291839.1675
2079,4,1,Suburb,1998,182546.2043
1790,3,1,Urban,1952,152647.1675
2296,5,2,Suburb,1968,253195.6978
1463,2,3,Urban,1974,208786.0775
1677,5,2,Rural,1957,223882.8881
2479,3,3,Rural,1957,331056.7668
1978,4,2,Urban,1982,108129.3852
1669,5,3,Rural,2019,177505.4805
2272,4,2,Urban,2012,309020.8522
1697,2,3,Urban,1985,274744.4573
1993,5,1,Rural,1989,217462.1161
1077,4,1,Suburb,2017,104908.6378
1533,2,3,Rural,2005,129517.6595
1107,3,1,Rural,1978,165025.384
2296,5,3,Urban,1974,325464.8617
1763,5,3,Urban,1969,229225.7516
1014,5,1,Urban,1968,20504.0134
1369,4,1,Rural,1961,180277.4548
2327,4,2,Urban,1983,235721.2326
2695,2,3,Suburb,2014,312298.1532
1204,5,2,Rural,1973,155694.3364
2136,2,3,Suburb,1957,296945.0501
2703,5,3,Rural,2004,310110.961
1864,3,2,Rural,2008,203246.6148
2276,5,1,Rural,1971,251495.5145
1440,2,2,Rural,1969,236743.546
2209,4,1,Suburb,1969,221848.6157
1858,3,1,Suburb,1979,243317.942
1226,3,3,Rural,1984,174781.9301
1527,5,2,Rural,2015,196427.1692
2691,3,2,Rural,2000,300416.5539
1353,2,1,Rural,1985,151236.2805
1622,2,1,Rural,1997,248386.6862
2024,5,3,Urban,2003,256971.1081
2576,4,3,Rural,2005,325507.379
2583,3,1,Rural,2010,274757.0139
1926,3,3,Urban,1985,292401.6827
2443,5,1,Suburb,2008,261188.1997
2643,3,2,Urban,1999,298548.6511
2184,4,3,Suburb,1961,151513.1131
1160,5,2,Suburb,1962,155782.5473
1870,2,1,Urban,1966,169982.5128
2151,3,3,Urban,1989,226567.2078
2745,5,1,Suburb,1966,260964.666
2174,2,2,Suburb,1976,221724.5427
1443,2,3,Suburb,2011,239529.8357
2790,2,2,Urban,1971,300708.0881
2494,5,2,Rural,2012,232736.0833
1462,5,1,Suburb,1961,181963.6341
2753,2,2,Urban,2020,334278.1837
2053,2,2,Suburb,2007,210004.1536
1472,5,2,Rural,1977,207398.9752
1556,5,1,Rural,2012,83805.45132
1079,4,2,Suburb,1977,77489.29704
2062,2,1,Urban,1994,245236.0403
1239,3,3,Urban,1993,75502.34543
1556,3,3,Suburb,1959,201945.1761
1589,5,1,Suburb,1975,148869.6226
2360,3,3,Rural,2021,211266.7591
2931,5,2,Rural,1978,341452.6924
2884,4,2,Urban,1999,345068.7149
2823,5,1,Rural,1978,370667.4461
2975,2,2,Suburb,1975,344976.0574
2303,5,3,Suburb,2014,282129.292
2139,3,3,Urban,1967,305344.1087
1268,3,1,Urban,1998,99777.29863
2939,3,3,Urban,1953,257344.8807
1334,2,3,Suburb,1964,77420.66768
1311,5,3,Urban,1997,208383.9391
2076,5,1,Urban,1982,201009.6999
2091,3,1,Rural,1969,187090.7772
1693,2,2,Rural,2007,180137.1056
1033,3,3,Urban,2008,87881.7502
2819,3,3,Suburb,2013,272653.3424
2841,2,1,Suburb,2015,274474.6466
1385,3,3,Suburb,2005,189922.7716
1248,4,2,Urban,2020,212036.7618
2134,2,3,Urban,2016,194220.532
2117,3,1,Urban,2004,133224.7722
2433,5,3,Rural,2002,301638.5479
2202,4,2,Urban,2000,174279.924
2070,5,2,Rural,1985,225612.4704
1793,5,1,Urban,1969,243334.4744
1851,4,2,Urban,1990,275534.0397
1873,2,3,Suburb,1982,125613.0522
2627,3,2,Rural,2009,319708.9199
1375,5,2,Rural,2012,73697.36676
1723,5,1,Urban,2021,179693.1591
2610,5,2,Rural,1951,300188.5272
2913,2,1,Rural,2012,250954.9243
1201,5,3,Urban,1982,173793.271
1444,5,2,Urban,1977,157309.2239
2942,5,3,Urban,1953,329505.3118
2956,4,3,Suburb,1999,327353.0826
1296,4,2,Suburb,1969,154491.8878
2331,5,2,Suburb,1991,333805.1138
2746,2,1,Rural,2015,262039.5736
1492,2,2,Urban,2006,132461.1206
1337,3,1,Urban,1953,226660.2694
2968,4,2,Suburb,1966,301559.361
1922,2,2,Suburb,2017,216411.2689
2669,5,2,Urban,2000,342040.7841
2865,4,2,Urban,1953,334901.8744
2089,2,2,Urban,1959,219349.0752
1791,3,1,Suburb,1977,145604.1771
2445,5,2,Urban,1984,168291.4807
2563,4,1,Suburb,2019,274463.0724
2947,3,1,Rural,2003,321705.3191
2652,3,2,Urban,1963,290083.6626
2516,4,2,Suburb,1953,314468.4586
2905,2,2,Urban,1984,273175.3808
1961,5,1,Suburb,1988,237349.5638
1316,3,3,Suburb,2021,173748.792
1941,3,3,Urban,1978,234998.1807
2860,4,1,Suburb,1999,399550.5576
1625,4,2,Rural,1960,196847.212
1074,4,2,Suburb,2021,71127.97976
2737,3,1,Rural,1986,243356.1547
1938,2,2,Suburb,1975,262894.8582
1058,2,1,Suburb,2003,145625.4993
1385,5,2,Suburb,1976,165179.2023
1014,4,2,Urban,1969,102754.1646
2254,5,1,Urban,1954,272169.6362
2640,3,3,Rural,1976,296544.7962
2700,3,3,Rural,1975,316898.2255
1198,3,3,Suburb,1964,49660.61529
2939,5,2,Urban,1974,313733.2018
2377,4,3,Urban,1967,285435.6885
1034,5,3,Rural,1972,117700.1628
1161,5,3,Rural,1995,192554.074
2780,3,3,Urban,1980,342412.6358
1981,3,3,Urban,2004,163755.6075
1798,2,3,Suburb,2014,258237.9146
1894,4,1,Suburb,1976,185133.2872
1470,4,3,Rural,1964,210080.7238
1530,4,2,Urban,2014,191652.2724
2987,5,1,Suburb,1963,305441.7882
1791,3,2,Rural,2013,257153.7026
1851,3,3,Rural,1995,267844.103
2446,2,3,Urban,1951,284796.2023
1347,5,3,Suburb,1985,206442.218
1693,4,2,Suburb,1990,156626.9307
1934,5,3,Rural,1969,308064.369
1912,3,3,Urban,1968,214010.5309
1146,2,3,Urban,1997,142926.4037
2397,5,3,Rural,1960,330412.8409
2711,3,3,Urban,2011,280678.5084
1674,5,3,Rural,2011,130720.043
2439,3,1,Urban,2014,199140.8344
1686,5,3,Suburb,1964,165909.9261
2517,4,1,Urban,1951,341741.2145
2582,5,3,Urban,2015,393184.5142
2279,5,1,Suburb,2019,307835.3042
1959,4,2,Suburb,2008,197752.4077
1685,5,2,Rural,1981,205729.0296
2126,3,1,Urban,1958,214732.1094
1120,3,3,Urban,1967,65878.96102
1418,3,2,Rural,2018,128545.5192
1349,3,2,Suburb,1957,111417.9151
2680,3,3,Urban,1996,208231.3276
1041,4,2,Rural,2008,115123.9545
2390,4,1,Rural,2016,270898.8863
1028,5,3,Urban,1974,125515.0318
1965,3,1,Rural,1998,202935.0439
2915,5,1,Rural,1996,309339.7673
1784,3,3,Rural,1954,142771.107
1013,5,2,Rural,1978,173221.8165
1919,4,1,Urban,1972,150396.7031
2976,3,2,Suburb,1962,257840.3113
1817,4,1,Rural,1997,289121.269
1824,5,3,Suburb,1982,215587.4799
2508,4,3,Rural,1994,171839.0142
2212,4,3,Suburb,2018,352018.5718
1871,4,2,Urban,1954,263675.042
1294,2,1,Urban,2010,118271.3987
2206,5,3,Urban,1956,294012.7891
1863,5,1,Urban,1998,162953.3073
1547,3,1,Suburb,1950,127990.6162
2905,3,3,Rural,1975,282224.6721
2060,3,1,Urban,1963,261191.5376
2007,4,1,Rural,1990,285191.7778
2037,5,3,Suburb,1989,232667.3031
2946,4,1,Urban,2018,340449.4769
1634,5,3,Urban,1996,214308.6646
1594,4,2,Urban,1986,113554.2502
2182,3,1,Suburb,1970,126769.9055
2517,4,3,Rural,1983,294721.9508
2352,2,2,Urban,2005,261530.8561
1613,3,1,Urban,1955,136652.4987
2872,2,3,Rural,1982,252629.4421
2106,2,1,Rural,1962,211098.3928
2579,3,2,Urban,1992,268811.7541
2603,2,1,Urban,1983,246645.4647
2583,2,3,Suburb,1970,268873.4851
2592,5,1,Urban,2008,183559.5691
2610,4,1,Suburb,2017,220863.5095
2045,2,1,Suburb,2005,320911.5973
2155,4,2,Rural,2002,351030.7317
1464,2,2,Suburb,1956,93671.15631
2479,3,1,Suburb,2017,328101.6763
2325,3,2,Urban,2004,276043.5027
1954,5,2,Urban,2002,167318.2285
1929,3,3,Suburb,2020,187937.8287
2290,5,2,Suburb,2012,313523.1402
1798,3,2,Suburb,1981,230546.8336
1394,4,2,Suburb,1975,194906.5736
2143,2,1,Suburb,2001,209350.0899
1245,2,1,Suburb,1994,30285.57701
1567,5,2,Suburb,1951,219894.9836
1037,3,3,Suburb,1983,134890.2388
1244,4,2,Rural,1983,193744.8453
1020,4,3,Urban,1973,182861.6925
2133,3,3,Rural,1974,132442.3415
2629,2,2,Urban,1988,364472.1059
1393,3,3,Rural,1982,165101.7975
2433,2,3,Urban,1976,257543.6783
1986,3,3,Suburb,1976,131758.1556
2671,2,2,Suburb,2008,265879.4311
2766,5,3,Urban,1990,313676.6472
1007,4,2,Rural,1959,202150.4715
2467,3,1,Suburb,2004,214151.2978
1327,2,2,Urban,2013,139182.522
2910,2,1,Suburb,1998,277952.8023
1289,2,1,Suburb,1986,112822.4768
2786,5,2,Suburb,2018,282563.3065
1510,2,1,Urban,2007,66562.89292
1911,4,2,Suburb,1986,220445.2185
1360,5,2,Urban,1981,135181.6213
2932,2,3,Suburb,1977,330428.0576
2622,4,1,Suburb,1983,342761.3547
1715,2,2,Rural,2011,159876.6317
1218,4,2,Rural,2017,126540.1916
1405,4,1,Urban,1968,173815.904
1752,2,1,Rural,1997,171953.6309
1922,4,1,Urban,1999,251572.2608
1831,3,1,Suburb,1999,255657.4196
2793,2,2,Suburb,1971,387532.5423
2644,3,1,Rural,1972,249986.7721
2791,4,2,Rural,2009,265818.7917
1793,5,1,Urban,2010,253663.2395
2243,5,3,Urban,2016,250831.3186
1594,4,1,Rural,1954,176744.7282
1106,3,1,Rural,1979,120656.0637
1580,2,2,Rural,1958,238448.0382
1608,5,2,Urban,2014,210158.3955
2747,3,3,Suburb,1960,230670.7547
2309,5,3,Rural,2012,214600.7221
2772,5,1,Suburb,1964,363273.018
1007,4,2,Suburb,2007,271104.4832
1805,2,1,Rural,1983,250513.0062
1188,3,2,Suburb,1976,90282.62315
1080,3,2,Suburb,1984,138678.4322
1107,2,2,Urban,1969,177026.1353
2344,3,2,Rural,1957,207939.9809
2602,5,3,Urban,1995,222613.3304
1685,2,2,Suburb,1989,234051.6795
1345,5,3,Suburb,1957,166780.3934
2886,5,3,Suburb,2005,346742.1543
1327,5,1,Rural,1971,200828.9753
1554,2,1,Suburb,1989,164059.2974
2722,3,3,Urban,1956,255369.9764
1301,5,3,Rural,2001,190145.9147
1199,2,3,Urban,1963,173484.7486
1892,2,2,Rural,2002,171469.9753
2442,4,2,Rural,1967,314774.1617
2062,4,3,Urban,1964,282734.174
2755,4,3,Rural,1976,297216.479
1306,3,3,Urban,2000,162005.4856
2027,3,1,Urban,2014,222306.2385
2656,3,1,Suburb,2008,358827.856
2871,3,2,Suburb,2007,264595.9639
2100,5,2,Suburb,1971,214783.8359
1467,2,1,Urban,1975,178304.6519
1178,2,2,Rural,2010,173355.236
1644,4,2,Suburb,1994,150172.9549
2846,2,3,Rural,2010,301826.2753
2764,3,3,Rural,1994,364431.3167
1275,2,1,Urban,1975,112993.5111
2175,5,3,Rural,1965,246848.6573
2187,5,2,Urban,1960,277756.0948
2313,4,3,Urban,1997,247159.7492
2401,3,2,Urban,1961,307494.5139
1620,2,1,Urban,2005,206550.329
1637,4,3,Urban,2004,206857.4737
2775,2,1,Urban,1960,254376.7174
2333,4,3,Rural,1952,248138.9439
1929,4,3,Suburb,1997,158911.6165
2936,5,3,Suburb,1981,296521.1995
2412,5,1,Suburb,1966,244558.9558
2880,5,3,Rural,1991,230448.5008
2681,4,2,Rural,1961,346236.6337
2787,5,3,Urban,1984,289125.795
1182,5,3,Suburb,1979,115023.7697
2844,3,2,Rural,1951,282428.1975
2329,2,1,Urban,1958,272631.7322
1071,2,1,Suburb,1990,50983.06519
2242,3,2,Urban,1984,263359.8973
1718,3,3,Suburb,1979,198787.909
2196,5,2,Suburb,1977,284018.405
2676,5,2,Suburb,1953,373195.6801
2295,2,3,Rural,1994,310820.1282
1725,3,2,Urban,1998,129339.8224
2491,3,1,Urban,2003,228822.4426
1268,5,1,Rural,2013,206705.1341
2043,2,1,Suburb,1968,227176.7527
1577,4,2,Suburb,1985,228995.2079
1994,3,3,Suburb,1968,217967.7973
1814,2,1,Urban,1971,103477.2187
2526,2,3,Urban,1986,254698.0324
1146,2,3,Urban,1995,179693.8767
2452,3,1,Suburb,1981,322660.346
2188,4,2,Suburb,1996,261947.306
1889,5,1,Suburb,1972,173322.0233
1309,4,2,Urban,2002,182328.7318
1517,2,3,Suburb,1979,214696.8551
1013,3,1,Suburb,1963,156194.0864
1131,3,1,Rural,1972,143095.1107
2877,4,2,Urban,2014,267098.7213
1754,4,2,Urban,1984,254152.7692
1438,3,3,Urban,1996,114653.4859
1742,4,1,Urban,1981,184219.5844
1739,5,1,Rural,1985,244643.8658
2697,5,1,Rural,1962,364022.1477
1794,5,2,Rural,2001,180297.3342
1262,2,2,Rural,1998,115073.2854
1642,4,1,Suburb,1978,168177.2259
2966,3,2,Suburb,1965,317845.0325
2248,2,3,Rural,1969,207784.6969
1257,3,1,Suburb,1989,115138.5088
2257,4,1,Urban,1989,197206.6142
2359,4,3,Suburb,1986,199644.0669
1408,2,1,Suburb,1976,140812.6311
2851,2,1,Suburb,1969,281712.1687
1974,5,1,Suburb,1956,216782.7336
2047,2,1,Rural,1956,187090.4031
1270,5,2,Suburb,1965,87329.6676
2118,2,3,Suburb,1976,194891.3453
1141,5,1,Urban,1952,108040.291
2717,4,2,Rural,2019,223738.0425
2741,3,1,Urban,1970,317531.9557
1901,4,2,Suburb,2007,175911.0325
1973,5,2,Suburb,1982,219087.9833
2104,4,3,Urban,1979,202433.9805
1273,2,2,Urban,1969,114852.837
1275,2,1,Suburb,1968,119000.9632
2906,3,3,Urban,2004,286727.944
2981,3,3,Suburb,1951,308688.7646
1464,4,1,Suburb,2020,179210.791
2231,3,1,Rural,1995,285437.5155
2319,2,3,Urban,2014,201882.664
2062,2,2,Rural,1956,123551.6915
2971,2,3,Suburb,1982,360887.7635
1287,5,3,Rural,1958,164679.2662
2147,5,1,Rural,2011,255275.6666
1875,4,1,Suburb,1970,177810.1347
2992,5,1,Suburb,2005,423164.5899
2306,3,3,Rural,1979,263997.6859
1877,2,3,Rural,1968,187177.708
1179,4,1,Urban,1984,80307.75262
2120,5,3,Rural,1978,309748.5063
2214,4,1,Urban,1983,179056.1357
2097,4,3,Rural,1978,342664.2354
1446,3,2,Urban,2019,212096.2499
1784,3,1,Rural,2007,167397.6002
2520,3,2,Suburb,2021,293957.2661
1560,4,1,Suburb,1965,129784.2205
1483,4,1,Rural,1955,222955.2898
1848,3,3,Rural,1989,166035.4194
1721,5,1,Rural,2002,135119.8018
1115,2,2,Suburb,1950,65938.59531
1534,3,2,Rural,2012,194668.1837
2121,5,3,Suburb,2005,251123.4916
2351,4,1,Rural,1955,263882.4791
2932,4,1,Rural,2003,284685.4545
1406,5,3,Rural,1984,160245.0391
2336,5,1,Suburb,1966,271662.09
2725,4,1,Urban,1969,363640.08
1693,4,2,Rural,2008,178550.5572
2171,4,2,Suburb,1968,262968.2925
2365,4,2,Rural,1962,339137.635
1494,3,2,Suburb,1963,201518.9326
1947,4,1,Suburb,1979,192826.5684
1022,4,1,Urban,1955,125182.9219
2128,5,2,Rural,1992,262840.5555
2698,5,1,Rural,1953,215240.9295
2602,5,3,Suburb,1967,261599.7428
2825,4,3,Rural,1967,322744.2846
2824,5,1,Urban,1955,405405.0646
1557,4,1,Rural,1970,249362.1505
2616,4,2,Suburb,2015,227140.0939
1940,5,2,Suburb,1970,172404.6903
2682,2,3,Suburb,1961,374900.2021
2245,3,1,Rural,1989,185505.2195
1854,3,1,Suburb,1967,136117.6491
2038,2,2,Suburb,2014,130238.1895
1890,2,1,Rural,1974,175003.4996
2656,4,2,Rural,1969,384608.6189
1077,5,2,Suburb,1952,181941.3627
2345,3,1,Suburb,1992,251862.6813
1806,3,2,Suburb,2012,281877.9586
2264,2,3,Suburb,2007,339631.7865
2041,5,2,Urban,1998,210932.1817
1767,3,3,Urban,2020,122720.993
1453,3,1,Suburb,1992,97599.29968
2466,4,1,Rural,1950,228084.5604
1927,4,1,Rural,1962,211832.2369
1276,4,1,Urban,1965,237302.1567
2447,3,1,Urban,2011,309815.4089
2499,3,2,Urban,1999,229818.6881
2050,4,1,Rural,2007,257450.2155
1513,4,1,Urban,2010,207752.8516
2888,5,1,Rural,1957,248523.9977
1463,3,3,Rural,1965,144939.0446
1806,3,2,Urban,2010,103680.7307
1823,2,1,Suburb,1965,220256.6301
1362,4,1,Suburb,1986,144237.9785
2406,4,2,Rural,2002,267238.4737
1750,4,3,Rural,2019,256554.4976
1524,3,1,Urban,2007,230079.4379
2405,5,3,Suburb,1974,322670.02
2207,3,2,Urban,1950,291831.9222
2217,2,1,Suburb,1981,232354.5349
2485,2,2,Rural,1994,259570.9325
1055,5,1,Urban,1999,208839.9647
2253,4,1,Rural,1962,228466.827
1488,2,1,Urban,1973,88946.02275
2051,3,1,Urban,1979,130114.8718
2855,2,2,Rural,1992,348460.8137
2606,2,1,Rural,2011,267372.8443
1721,5,3,Urban,2004,263379.8189
2983,5,1,Suburb,1970,264121.458
2207,3,2,Urban,1993,229327.8674
2448,4,3,Rural,1972,287897.5695
2398,5,1,Rural,1963,361139.4123
2891,5,2,Urban,2005,286771.441
1040,4,2,Rural,1982,184545.1333
2507,2,1,Urban,2008,256735.6211
2003,3,3,Urban,1952,206157.9913
1259,3,2,Rural,2018,200180.5499
1440,2,2,Urban,1957,239144.6345
1925,4,3,Rural,1999,228625.495
1855,4,1,Urban,2020,95150.19487
1083,5,1,Suburb,2008,97703.81747
1045,4,1,Urban,1984,101891.9019
1439,3,1,Rural,1959,197908.815
2694,3,3,Suburb,1967,219583.604
2879,3,2,Rural,1955,311960.6304
2542,4,1,Suburb,2007,283279.317
1985,2,2,Urban,2005,238360.6335
2868,3,2,Suburb,2004,363441.3881
2461,3,3,Rural,1988,203607.2077
1135,2,2,Urban,1980,114606.9736
2206,5,1,Suburb,1998,224698.8758
2732,4,2,Suburb,1987,283082.7341
2195,3,1,Urban,1995,218665.7843
1908,4,1,Rural,2003,218831.3902
1860,3,1,Urban,1982,257574.9655
1787,3,2,Urban,2000,153647.9259
1589,5,3,Rural,1956,150778.5378
2951,2,2,Suburb,2020,271997.9584
1955,2,3,Suburb,2009,279369.7254
1689,2,3,Urban,2009,170132.2056
1538,5,3,Rural,1964,168767.9781
2143,5,2,Suburb,1975,381617.5237
2304,2,3,Suburb,2007,222730.0811
2331,4,3,Urban,1968,211892.7316
1707,4,3,Urban,2002,110458.9196
2300,5,1,Suburb,1987,356123.2452
2553,4,3,Rural,2003,342619.2954
1294,2,1,Rural,1967,136252.2231
2806,3,3,Urban,1950,269994.5311
1052,4,2,Rural,2019,160848.3969
1805,2,1,Rural,1969,181790.4391
2455,2,3,Urban,1980,304360.7108
1051,2,2,Suburb,1967,53028.22502
1727,4,1,Suburb,1966,194805.2376
1071,3,2,Urban,1981,83751.97257
1027,4,3,Rural,2012,109463.8915
1468,2,3,Urban,2005,113239.8749
2935,2,3,Suburb,1991,339007.6077
1763,2,3,Urban,2018,140685.2927
1885,5,1,Urban,2012,299309.7953
1911,4,1,Suburb,2008,216753.2863
1546,3,1,Urban,2020,126996.6192
2424,4,3,Urban,1965,249413.0033
1200,2,3,Suburb,1956,138246.7367
2784,2,2,Rural,2006,408594.3656
2634,5,2,Urban,1969,350553.3731
1819,2,1,Rural,2007,57393.45303
2489,4,3,Rural,1957,265671.8159
2675,4,3,Rural,1998,248482.0812
2618,4,2,Rural,1996,199292.5757
1559,2,1,Urban,2008,276675.5999
2813,5,3,Suburb,1964,309690.6382
1378,4,2,Urban,1960,138336.653
2783,3,1,Rural,1973,398641.5356
2918,3,1,Rural,2018,336246.0917
2200,3,1,Urban,1977,214379.1636
2075,4,2,Rural,1972,256061.3853
1078,5,3,Rural,1951,229586.5456
2408,2,2,Urban,1963,236100.7127
1833,5,3,Urban,1973,233086.113
2599,2,3,Suburb,1957,347625.8546
2031,2,3,Rural,2002,183399.3119
2237,2,1,Rural,2008,296270.9393
1024,2,3,Urban,1950,153648.613
1449,4,1,Urban,2017,255717.441
1767,3,2,Rural,1972,101087.4886
1754,4,3,Urban,1969,153181.1741
2992,5,2,Urban,1966,285001.046
2480,2,2,Urban,1988,232416.854
2484,4,3,Rural,1978,290211.5774
1197,4,3,Rural,2000,268885.2499
2117,4,1,Suburb,2019,175525.8262
2742,2,3,Suburb,2008,261173.068
2970,2,1,Suburb,1967,375363.8742
1436,2,1,Suburb,2012,168789.8819
2550,4,3,Rural,2009,377418.3918
1689,4,3,Urban,1996,188462.8188
2990,5,3,Rural,1950,319172.8645
2401,3,1,Rural,2018,312147.748
1586,3,1,Rural,1953,147485.616
1103,2,1,Suburb,1995,83705.79431
2829,3,1,Urban,1986,305240.7435
2703,2,1,Urban,2012,245143.319
2985,2,3,Rural,1951,324700.0838
1626,4,1,Suburb,1984,204725.3066
2062,3,3,Rural,1968,305443.3485
1457,5,1,Urban,1974,96928.39814
1363,2,1,Urban,1991,255440.7749
2808,2,3,Rural,1991,271313.8091
1134,5,2,Urban,2014,254025.8373
1373,3,2,Suburb,1956,137174.8735
2255,5,1,Urban,1984,244334.3321
1038,3,3,Rural,2015,179287.0026
2987,3,2,Urban,1989,238465.1114
2826,3,2,Rural,1958,252277.0074
1818,3,3,Rural,1952,130484.7027
1046,3,2,Suburb,2000,184808.4579
1035,3,1,Rural,1978,146510.0112
2855,2,1,Rural,1963,359620.8369
1094,4,1,Urban,2021,139639.4025
1984,2,2,Urban,1990,153931.1871
2384,2,3,Urban,2005,256698.7354
2548,5,3,Suburb,2013,275742.3591
2169,4,1,Suburb,1973,191175.2129
2940,4,1,Urban,1975,328170.702
1367,4,1,Suburb,1960,171357.788
1064,3,1,Urban,1954,139139.9525
2251,3,2,Suburb,1983,276694.9795
1753,3,1,Rural,2005,181221.8194
2543,2,2,Urban,1988,309138.6396
1815,4,1,Urban,1957,169728.9005
2876,4,3,Suburb,1994,357004.1371
2578,2,2,Suburb,1964,307655.4941
1755,3,3,Rural,1985,273202.749
1180,5,3,Suburb,1974,191347.118
2524,4,3,Urban,2013,308822.9034
1596,2,1,Rural,1990,235150.2385
2178,3,3,Urban,1986,238408.6898
1786,2,3,Suburb,1991,120631.1224
2558,5,3,Urban,2007,331910.606
1626,5,2,Rural,2019,133190.0221
2841,3,1,Urban,1967,351290.3934
2458,2,3,Suburb,2003,174094.061
2834,3,1,Urban,2020,358711.8619
2122,2,2,Urban,1989,330968.837
1615,2,1,Rural,1967,187238.1449
2395,5,3,Suburb,1951,243681.8602
2586,2,1,Rural,1956,269930.1582
2385,2,1,Rural,1986,285445.826
1111,5,1,Rural,1987,167084.3688
1452,4,1,Suburb,1959,115466.6465
1755,4,1,Urban,2014,281687.0072
2192,4,2,Suburb,2011,201403.3895
1583,4,3,Urban,1984,138759.7128
1138,2,1,Rural,2014,92816.31997
2871,4,1,Urban,1985,325892.9928
1230,4,3,Suburb,1990,164209.28
2262,2,3,Suburb,1983,233109.9389
1983,4,3,Suburb,2020,258752.0328
1252,4,3,Urban,1972,142725.6578
2459,3,1,Urban,1967,257794.3502
2942,4,3,Suburb,2014,300236.365
1560,3,2,Suburb,1960,189515.1964
2445,4,1,Urban,1969,231017.9637
2326,2,2,Rural,1981,234217.6652
1071,4,3,Suburb,2009,158568.101
2286,5,2,Urban,2000,334057.1845
2857,2,1,Suburb,1976,185571.894
1221,4,1,Rural,2017,147050.76
2100,4,1,Rural,2013,236132.4144
1061,2,1,Rural,1972,67752.4948
2494,5,2,Urban,2012,241961.9938
2180,2,1,Rural,1954,171115.8752
1805,5,1,Suburb,2019,262134.9286
1124,2,1,Rural,1981,35936.28029
1740,2,3,Suburb,2008,137709.6614
2875,3,2,Suburb,2019,265807.2523
1160,3,3,Suburb,1991,103218.5146
1540,2,1,Suburb,2008,159204.1888
1625,3,3,Suburb,1958,153931.7511
2614,4,1,Rural,2013,275350.286
2558,4,3,Urban,2014,222494.4821
1105,4,1,Rural,1970,47632.31332
2154,3,1,Rural,1971,239332.3825
2380,3,1,Urban,1959,311932.1893
2708,4,3,Rural,1992,300224.8675
1775,2,1,Urban,1956,183645.8814
2877,4,3,Suburb,1958,308961.179
2908,3,1,Rural,2005,284955.7926
2820,5,2,Suburb,1973,376356.6619
1001,4,1,Suburb,2015,193028.3449
1232,4,2,Urban,1981,209975.0431
1368,3,1,Rural,1999,235500.7899
2274,3,1,Suburb,2019,276674.2736
1945,3,1,Suburb,1996,224324.3003
2856,3,1,Suburb,1975,289341.1384
2131,4,1,Urban,1954,245856.4482
2299,3,3,Urban,2002,259541.7248
1179,5,3,Suburb,1984,217699.8714
2748,2,3,Rural,1982,322065.7726
1292,3,2,Urban,2017,229737.4451
1583,3,1,Suburb,2002,129908.9743
1794,4,1,Suburb,2007,305403.2511
1174,2,1,Urban,1956,120851.0971
1122,2,2,Suburb,1981,211133.5186
1226,2,2,Rural,1975,121505.3077
2925,3,2,Urban,1978,341385.6116
1443,4,2,Urban,1967,165168.0916
2836,4,3,Rural,1987,326928.6938
1427,3,2,Suburb,1977,182745.4896
2106,2,2,Urban,2014,216406.7016
1764,2,2,Rural,2017,145054.3307
2681,4,2,Rural,1965,324540.7229
1631,5,3,Suburb,1956,252877.4724
1064,3,1,Urban,2001,104888.7886
2304,5,2,Urban,1951,246676.7651
2818,5,3,Rural,1968,363686.8689
2414,2,3,Rural,1962,268657.1722
1427,5,3,Urban,2014,183438.0968
1617,3,1,Suburb,1984,286460.0954
1924,4,2,Suburb,1978,136474.3654
1811,3,1,Suburb,1989,159227.9987
1106,3,3,Rural,2010,163593.563
2571,3,1,Rural,1993,254451.2441
1658,3,3,Suburb,1962,156803.4921
2285,5,3,Urban,2018,162693.0592
2944,2,2,Rural,1990,261696.3504
2182,4,3,Rural,2004,205689.8102
1264,2,1,Urban,2007,129424.2079
2491,5,1,Rural,1979,310295.0298
2225,2,3,Rural,1993,256536.9775
2956,2,2,Suburb,1996,377637.454
1154,5,1,Suburb,1958,131977.1945
2036,2,2,Urban,2004,246950.6985
2320,4,2,Suburb,1951,249589.0458
1895,5,2,Rural,2021,166049.1591
2857,4,2,Suburb,2019,366972.2466
2521,2,3,Suburb,2020,223192.9983
2620,3,3,Rural,1954,330684.6633
1992,3,3,Rural,2015,221596.2997
2815,5,2,Rural,1985,340932.3835
1244,3,1,Suburb,1989,130848.0725
2323,3,1,Suburb,2004,273003.8011
2385,3,3,Suburb,1971,313850.1623
2377,5,1,Urban,1975,268775.7479
2851,4,3,Suburb,1973,355873.7617
2544,3,2,Urban,2002,274676.2384
1385,5,3,Rural,1977,283839.1383
1758,4,1,Rural,1960,180349.3749
2335,5,3,Urban,2011,257213.4857
1413,3,3,Rural,1981,193019.9808
2301,3,1,Rural,1981,269756.187
2773,2,3,Urban,2000,275547.2888
1714,2,3,Urban,1998,195604.8773
1758,2,1,Suburb,1999,196318.7235
1746,4,3,Suburb,2008,277891.0472
1592,5,2,Urban,1962,144577.0868
2379,4,3,Urban,2008,294629.8113
2548,2,1,Urban,1991,322683.4124
1838,2,2,Urban,1968,184157.7324
1015,3,2,Urban,1992,201029.2248
1992,4,1,Suburb,2008,187272.5738
2068,3,1,Urban,1981,288825.3697
2344,3,3,Rural,1984,356131.9222
1650,5,2,Suburb,1956,292907.0598
2349,2,2,Rural,1971,243218.5881
1147,3,2,Suburb,1996,136817.3562
1354,3,1,Rural,1975,136019.0303
2259,2,3,Rural,2007,276977.3022
1702,2,1,Urban,2021,220042.9754
1612,5,2,Urban,1995,186938.2588
1104,5,3,Suburb,1954,204898.9288
2497,3,3,Suburb,1987,272328.401
2785,3,1,Urban,1977,331248.8128
1395,3,2,Rural,1988,148652.2934
2469,4,2,Suburb,1953,270170.6326
1605,5,2,Suburb,2009,140247.7818
2243,3,3,Urban,2003,260560.2598
2833,2,2,Urban,1954,348681.8614
1850,5,1,Suburb,1956,323234.4285
2988,5,3,Rural,1997,273891.9902
1441,3,1,Suburb,1990,87839.06307
2668,4,3,Urban,1969,313796.0632
1872,3,1,Suburb,1993,174090.1605
1666,4,2,Suburb,1989,256302.0309
2051,4,3,Rural,2014,222677.921
1793,2,1,Suburb,1960,173753.3253
1474,3,3,Rural,1950,163461.5403
1627,4,3,Urban,2003,231351.4919
2328,5,2,Urban,1999,256674.992
2769,3,3,Suburb,2021,274515.0945
2428,4,1,Urban,2010,218612.528
2536,5,3,Urban,2012,321824.4183
1501,2,1,Suburb,1984,198378.8987
1347,2,2,Suburb,1973,111973.1076
2263,3,3,Suburb,1952,205580.1564
2017,3,1,Urban,1989,235968.1152
1569,3,3,Rural,1959,211908.8708
2870,3,3,Urban,1984,296921.9501
1694,3,2,Urban,1999,134438.5115
2360,4,3,Rural,1990,253554.3683
1025,5,3,Rural,1985,110233.4466
2432,3,2,Rural,1994,279645.1723
2100,5,3,Rural,1991,171893.3169
2952,4,2,Urban,1963,345360.7013
1216,4,3,Rural,1973,125745.5355
2351,4,1,Urban,1998,270878.8476
1836,3,1,Urban,1958,251075.189
1773,2,1,Suburb,1994,115784.2947
2046,2,2,Suburb,2020,276956.7248
2779,3,2,Rural,2013,303216.6795
1669,3,2,Urban,1991,184207.9771
1717,3,2,Suburb,1992,179494.5541
1309,4,2,Rural,1984,230371.4694
1598,2,2,Rural,2003,158238.161
1266,2,3,Suburb,1997,143990.9722
2438,5,1,Urban,1999,247269.1861
1645,5,2,Suburb,2004,196929.6082
2290,2,3,Rural,1954,257314.8009
2356,2,3,Rural,1994,274544.6901
2022,4,2,Suburb,1960,246997.5059
2803,5,1,Suburb,1971,260372.5511
1449,3,2,Rural,1993,68204.70299
1564,4,1,Rural,1993,185094.0157
2634,5,1,Suburb,1998,381523.2491
2270,3,2,Rural,2004,233214.1741
2059,3,1,Rural,1966,181165.3958
2424,2,1,Suburb,2002,171152.6108
1027,2,1,Suburb,2014,48103.63437
1219,3,2,Rural,1964,163086.6244
1405,3,1,Rural,1965,70975.66688
2637,2,1,Urban,1962,322631.6788
2798,2,3,Urban,1984,222088.332
1270,2,2,Urban,2011,213390.7412
2759,2,1,Suburb,1958,362917.6569
2674,5,2,Rural,2017,241696.7524
1791,2,2,Suburb,1983,113884.6075
2534,4,3,Urban,1998,316616.9859
1962,4,3,Urban,2003,263477.6854
2309,4,1,Suburb,1951,249868.2456
2477,2,1,Rural,2002,282329.9714
2785,3,1,Urban,1973,283853.8374
1833,3,2,Suburb,2010,137232.8287
1316,5,3,Rural,1984,189328.6584
2613,2,3,Rural,1973,310022.8984
2320,4,1,Urban,2014,226396.053
1337,3,3,Rural,2014,100592.3368
2330,2,2,Rural,1977,244971.638
2451,4,1,Urban,1953,218735.3745
1350,4,3,Suburb,1973,77709.49716
1510,4,1,Suburb,1964,180295.2753
1524,4,2,Urban,1973,182310.8285
2881,4,2,Rural,2001,351901.3225
1491,5,1,Urban,2014,193501.1355
2931,4,1,Rural,2008,433865.5991
2617,5,3,Urban,1980,333760.8187
1008,4,2,Urban,2020,139031.2716
2520,4,2,Suburb,1960,289910.1211
2748,4,1,Urban,1954,308345.5525
2583,4,3,Suburb,1979,236197.6468
1560,5,1,Urban,1997,179723.9934
2844,2,1,Suburb,2005,325091.5402
1439,3,1,Rural,1991,255525.7716
2575,5,2,Rural,1960,313375.2086
2898,5,1,Rural,1983,270375.2654
1791,5,1,Urban,1997,195245.0112
2761,2,3,Suburb,1981,349841.3469
2991,3,1,Suburb,1972,258524.47
2131,2,3,Urban,1991,218027.6253
2268,3,1,Suburb,2010,225391.6575
2278,3,2,Urban,1951,310378.6043
1032,3,1,Suburb,1994,92006.25186
2046,2,2,Urban,1999,278110.0089
1844,3,1,Suburb,1958,191666.2693
1565,4,2,Rural,1985,176143.57
2844,5,2,Suburb,1967,329745.5922
1048,3,1,Urban,2013,113418.9582
1461,5,3,Suburb,2014,214057.7858
1589,2,2,Suburb,2009,74956.46432
1335,2,2,Suburb,1983,84204.90066
2968,4,1,Urban,2017,317433.0324
2381,3,3,Urban,2019,294090.3975
2145,5,2,Suburb,1973,272759.8281
2467,5,1,Urban,1981,307566.4175
1358,5,2,Urban,1977,127034.7404
2625,2,1,Rural,2010,213667.7966
1345,3,1,Suburb,1972,152025.1278
1192,4,3,Rural,1988,105138.0194
2439,4,1,Urban,1990,312261.3082
2400,2,3,Suburb,1950,207120.5546
2486,3,1,Urban,1985,206519.7684
1755,4,1,Rural,1979,245818.4326
2684,4,2,Rural,1964,302343.4841
2169,2,3,Rural,1988,228636.428
1477,5,2,Urban,1970,226241.679
1827,4,3,Suburb,1982,146725.4584
1889,2,3,Suburb,1976,181526.3734
1652,4,2,Rural,1974,225719.8682
1407,4,3,Suburb,1997,209625.1074
1285,2,3,Suburb,1994,151914.7176
2921,2,2,Rural,1981,250570.3143
1850,3,3,Suburb,2006,250514.3407
1110,4,2,Rural,1951,87024.23889
1619,5,1,Urban,1960,150051.37
2902,5,2,Urban,2016,314812.71
1792,3,3,Urban,1974,136345.0565
1049,3,1,Rural,2005,18159.68568
2037,2,1,Suburb,1991,260752.8834
2157,5,1,Rural,1974,231060.8121
1587,4,2,Urban,1985,160314.0046
1595,2,2,Suburb,2005,133161.5913
2366,4,1,Suburb,1991,342581.2162
1669,5,3,Suburb,1968,140514.0017
2309,2,3,Suburb,1994,309796.0101
2957,4,1,Urban,2014,299928.9963
1313,3,3,Rural,1957,192851.8341
1605,4,3,Suburb,1977,228434.8988
1296,4,2,Suburb,1973,137968.0089
2629,2,3,Suburb,2017,281752.3065
1568,5,2,Urban,2013,122055.2857
2187,4,1,Urban,1967,245636.2688
1831,4,3,Rural,1964,274603.7248
2520,4,3,Rural,2002,271222.0514
1609,4,2,Suburb,1992,182872.1878
1015,3,2,Urban,1997,163570.9521
2367,5,1,Suburb,1957,239703.4109
2101,5,1,Urban,2014,246617.9538
2369,2,3,Urban,1961,327209.543
1071,4,2,Rural,1965,131267.9568
1269,2,2,Rural,1983,129613.1625
1286,3,3,Urban,1965,119080.3557
1065,3,2,Suburb,2003,275747.6766
1879,4,2,Urban,1970,246095.4616
1067,2,2,Urban,2013,249638.4597
2216,2,2,Urban,1987,248529.7062
2078,5,3,Rural,2006,258092.4829
1979,2,1,Urban,1965,226166.6598
2402,3,1,Urban,1998,300971.752
1973,3,3,Rural,1984,156488.2867
2191,4,1,Rural,1974,191946.7356
2432,2,2,Urban,1993,306432.0727
1507,2,3,Urban,1973,49017.6568
2560,3,1,Suburb,1953,225002.6623
2666,4,2,Rural,2019,347635.2731
1836,5,1,Urban,1963,145429.3709
2125,5,3,Rural,2016,259829.6042
1885,4,1,Rural,1983,144296.3941
1793,4,1,Rural,1951,113278.5717
2831,5,1,Urban,1956,310655.0685
2829,3,3,Suburb,1984,328494.7913
1421,2,2,Rural,1972,122054.0666
2987,5,3,Urban,1974,261361.4771
1774,4,1,Urban,2017,236513.6657
1477,4,3,Suburb,1956,222807.5985
1925,2,1,Rural,1967,246515.6653
1119,4,2,Rural,2006,120546.1375
2938,3,2,Suburb,2003,342874.0986
2766,4,1,Rural,2003,335588.2216
2314,2,3,Rural,1965,262046.2599
1487,5,1,Urban,1960,132622.687
2184,3,3,Urban,1951,257551.2395
2696,4,3,Urban,1994,289846.6651
1077,2,1,Urban,2001,169943.3223
2061,5,2,Urban,1989,177548.1133
2417,5,2,Suburb,2019,217873.0689
1440,2,3,Urban,1989,258175.7794
2563,5,1,Urban,1977,317359.5699
1461,5,1,Suburb,1974,211423.4719
1611,5,1,Suburb,1989,128351.5873
2317,5,2,Suburb,1970,327927.7406
2423,2,2,Rural,2000,287915.958
2659,2,3,Rural,2002,326368.1664
1916,4,2,Suburb,2020,235528.8116
2115,4,2,Urban,1960,346901.1075
2790,3,1,Urban,1960,401088.401
1608,5,1,Suburb,2009,265087.3634
1005,5,2,Rural,1974,224556.1153
1680,3,3,Urban,1957,161576.3898
1894,2,1,Urban,1975,188763.2702
1270,2,3,Suburb,1957,174180.4185
2643,3,2,Rural,1959,404752.4821
2922,4,2,Rural,2010,237273.8013
1810,4,1,Urban,1997,164502.9891
1558,5,1,Suburb,1999,194121.6061
1098,4,1,Urban,1952,75758.93303
1525,2,1,Urban,1986,216744.9929
1193,3,2,Suburb,2018,212525.7631
2180,3,2,Rural,2015,254499.0317
2923,3,1,Suburb,1970,384283.2898
2689,4,3,Rural,2019,355995.4438
2138,3,1,Suburb,1999,292885.9712
1395,3,1,Suburb,1987,121013.1901
1769,4,1,Rural,1957,237299.0189
2680,2,3,Suburb,1995,333258.0052
2826,5,1,Suburb,2005,294857.682
2023,2,2,Rural,2014,262117.7212
2545,4,3,Suburb,2000,159299.6109
1879,3,2,Suburb,1975,210684.8963
2237,5,3,Rural,2021,298221.3765
1744,2,3,Rural,2019,131563.8177
1682,5,1,Urban,1967,196314.7982
2556,2,2,Rural,1984,326577.4786
1014,2,3,Suburb,1994,111178.2282
2442,4,2,Rural,1988,244061.4263
1367,2,3,Rural,1979,110167.4446
1637,3,1,Suburb,2000,169481.2981
1852,4,3,Rural,1986,212670.931
2876,5,2,Suburb,1993,330841.7733
2236,4,2,Urban,1973,370706.9872
1699,2,2,Urban,1974,185506.8194
2707,5,2,Suburb,2016,268052.0323
2782,3,3,Urban,1987,376512.2576
1004,4,3,Rural,1965,93322.55394
1230,2,3,Suburb,2008,100391.2703
2224,5,3,Urban,1991,185851.4813
2908,3,1,Rural,1954,265810.4188
2425,3,3,Rural,1954,150789.2425
2172,4,1,Urban,2014,224329.2146
2607,5,3,Rural,1974,221505.7086
2515,2,3,Urban,1952,219709.3737
2011,5,3,Rural,1956,217123.4909
2249,3,1,Rural,2018,265984.2654
1585,5,3,Rural,1986,132108.8748
2842,4,3,Suburb,1997,205943.5389
1168,5,3,Rural,1984,158934.8907
1760,5,2,Suburb,1962,256385.315
1791,4,2,Urban,1968,237827.5745
1999,5,2,Urban,1989,272064.1151
1151,4,1,Suburb,2013,194446.773
2015,4,3,Urban,1964,224541.975
1223,4,1,Suburb,2011,151374.3916
1503,3,3,Suburb,1976,150824.6739
2760,5,1,Rural,1997,262830.1093
2573,4,2,Suburb,1990,269364.3279
1043,2,3,Suburb,2020,109298.9798
1696,2,2,Urban,1990,217669.9743
1503,3,2,Urban,1994,90695.12652
2978,4,3,Rural,1986,258569.3008
2264,4,1,Rural,1996,299350.8491
1929,3,2,Urban,2009,218634.5561
1842,5,2,Rural,1984,219119.3477
1350,4,3,Rural,1968,87203.05911
2745,4,3,Rural,1956,304823.9783
1022,2,1,Urban,1995,96925.02225
2659,4,2,Rural,1998,297092.3087
1597,3,2,Suburb,1973,169106.2412
2066,2,1,Urban,1963,159148.3861
1465,3,3,Suburb,1976,160555.9564
1039,3,3,Urban,2002,197840.6028
1302,4,3,Rural,2018,118957.3532
2704,5,1,Suburb,1966,254962.2254
1174,4,3,Urban,1953,207084.6687
1998,5,3,Urban,1956,147118.0931
2555,2,1,Suburb,2001,270512.2723
2484,3,2,Urban,2002,235107.2625
1620,3,2,Suburb,1982,231152.6727
2216,4,1,Urban,2003,220118.2773
1243,5,3,Suburb,1964,109456.158
1835,3,3,Rural,1968,164915.0085
1279,3,2,Suburb,1974,223261.0873
2763,5,3,Rural,1967,328274.1113
2059,3,2,Rural,2010,308738.6818
1556,3,2,Rural,2011,165697.3906
1897,3,3,Suburb,1994,225703.9623
2563,5,2,Rural,2016,212774.3057
2177,5,2,Urban,1952,246507.7496
2046,2,1,Suburb,2010,221965.8011
1718,3,3,Suburb,2015,273966.5937
1931,3,1,Suburb,2000,242432.9709
1090,2,3,Urban,1953,81459.61532
1389,5,3,Suburb,1961,139848.0248
2954,5,3,Rural,2010,267799.112
2382,4,3,Urban,2020,265595.7673
1549,5,2,Rural,1994,209131.1954
1930,4,1,Suburb,1996,266850.2811
2251,2,1,Rural,1959,242221.0106
2225,5,2,Rural,1950,205044.8276
2373,2,1,Urban,1994,215221.3557
2844,4,1,Urban,2005,338465.9071
2789,3,3,Urban,2001,361841.4288
2061,3,3,Suburb,2001,216854.7238
1732,2,3,Urban,2005,224527.618
1499,3,3,Urban,2017,136207.2475
2722,2,2,Urban,1970,267753.0456
2066,4,2,Rural,1950,246147.429
1870,3,2,Suburb,2012,217027.7414
2649,4,1,Urban,1982,311637.5326
2795,5,3,Urban,2009,317623.6779
1516,3,1,Suburb,1957,198168.542
1067,3,3,Rural,1983,101889.7711
2763,3,3,Urban,1999,411178.6919
1122,2,1,Urban,1976,186210.1
2708,5,1,Rural,2016,318599.0785
1335,5,1,Rural,1991,177676.8934
2176,5,2,Rural,2008,254016.1048
1973,4,1,Rural,2002,213240.7487
1778,5,2,Urban,1954,274361.7603
2692,2,1,Urban,2005,315689.2432
2185,2,2,Rural,1986,205685.4128
2237,4,1,Rural,2018,252476.1415
2933,4,2,Rural,2000,349366.7006
2399,5,1,Urban,1970,288253.4814
2943,5,3,Suburb,1958,299704.1095
2466,2,1,Urban,1964,223170.9198
1422,2,1,Rural,1952,198277.8119
2561,5,3,Suburb,1953,303092.9171
1938,2,3,Suburb,1967,194269.2709
1803,4,2,Rural,1994,319586.2493
2958,2,3,Suburb,1980,349555.1007
2724,5,2,Suburb,2009,302831.875
2935,4,1,Rural,1993,303506.7936
1633,2,3,Urban,1975,235304.1411
2253,4,2,Suburb,1989,317715.0609
2082,5,1,Rural,1970,205383.4701
1095,2,2,Urban,1991,85816.92941
2285,5,1,Urban,2004,266714.768
1353,3,2,Suburb,1998,146933.0838
2335,5,1,Rural,2011,211615.262
2159,3,1,Urban,1998,214811.1653
2885,4,2,Urban,1964,284618.1735
2818,4,1,Urban,1977,281363.4998
1966,3,2,Urban,2007,260959.7082
1922,4,1,Rural,2018,253621.0692
1472,4,3,Rural,1956,309585.7091
2655,5,3,Urban,1971,228451.9275
1429,3,2,Urban,2006,202330.1915
2960,2,3,Suburb,2013,373379.0036
1974,4,3,Rural,1957,165093.0254
1536,4,1,Rural,1983,71776.39816
2877,2,3,Urban,2016,263803.311
2169,5,2,Suburb,1996,195572.7582
2547,5,2,Rural,2009,264975.7904
1086,5,1,Suburb,1967,198139.6183
2970,2,3,Urban,1988,247126.4399
1108,5,1,Rural,1953,119711.7753
2446,4,3,Suburb,1977,268471.9141
2368,5,3,Rural,1958,330102.5361
2289,4,3,Urban,1999,270512.9935
2757,2,1,Rural,1958,306695.2498
2609,5,1,Urban,1977,313166.1826
1993,5,3,Suburb,2006,201833.4008
2517,4,2,Suburb,1955,281149.3749
2356,2,3,Suburb,1989,272409.5714
1821,5,2,Urban,1998,196695.5073
2436,2,3,Suburb,1975,216535.7343
2637,4,3,Urban,2018,313036.4196
1936,4,2,Suburb,2002,196419.3695
2004,5,2,Urban,1971,281112.4263
1648,2,1,Rural,2006,105842.4727
1190,4,2,Suburb,2018,179638.2613
2996,2,3,Rural,1964,332060.5476
1932,3,1,Urban,1988,239708.8195
1141,3,3,Urban,1987,79544.15271
2892,5,1,Suburb,1955,281019.869
2096,2,3,Rural,1968,286022.2985
1839,2,2,Urban,1951,252668.7664
2190,4,3,Suburb,2000,359461.4968
1167,2,3,Rural,1978,141370.0432
1565,2,1,Suburb,1974,176657.6459
2282,4,2,Rural,1997,281634.2798
2462,5,2,Urban,1984,288841.5328
2134,4,3,Urban,1994,235921.215
1743,3,3,Urban,1969,231848.7417
1672,2,1,Rural,2002,153435.5619
1863,2,1,Rural,2021,257291.9016
1838,5,2,Suburb,2014,145958.1841
1530,3,2,Urban,1975,168356.8445
2313,2,1,Rural,1954,168739.302
1973,4,1,Urban,2009,236269.6104
1561,2,3,Rural,2003,203267.5576
2533,5,3,Rural,2015,318304.6246
1174,4,1,Rural,2013,87487.285
1301,2,1,Suburb,1967,173828.6803
2719,5,1,Urban,1982,279611.7794
1184,3,3,Rural,1959,113033.0724
2362,4,2,Rural,1955,203839.5661
1509,4,1,Suburb,1988,106788.4398
1818,3,3,Urban,1988,230213.6747
2333,4,2,Rural,1990,240149.7393
2530,5,1,Urban,1992,264310.147
2369,3,2,Suburb,2012,247840.2141
2104,2,3,Suburb,1951,234005.6588
2397,5,3,Urban,2016,221810.9115
1155,3,1,Urban,1998,139225.7918
1786,2,2,Urban,1954,172096.2721
1794,5,2,Urban,1992,296583.0066
1431,5,2,Rural,1951,203127.0904
2523,4,2,Suburb,2010,284628.9145
1760,4,3,Rural,2000,90434.88726
1146,3,2,Rural,1970,27461.86731
1480,2,1,Rural,1962,86868.12302
1434,5,3,Rural,1971,285440.8243
2542,5,1,Suburb,1975,329617.0683
2692,3,2,Suburb,2007,283935.9126
2706,4,2,Rural,1985,345406.295
1068,5,3,Rural,2017,166515.0646
2629,5,2,Suburb,1984,365762.6562
2904,4,1,Suburb,1984,297237.2446
1874,2,3,Suburb,1962,221286.7805
2911,2,2,Suburb,2001,300785.8436
1185,4,1,Rural,1962,177307.3335
1903,5,2,Suburb,2016,235853.2453
1681,4,2,Rural,1986,178820.9125
1203,2,2,Urban,1966,171314.1169
1553,3,2,Rural,1957,198290.5871
1012,3,1,Suburb,1990,139171.4267
1665,2,3,Rural,2006,188558.4428
2297,2,1,Suburb,2012,173697.4559
2321,2,1,Urban,1963,264327.2966
1050,4,3,Suburb,1967,22907.13182
1499,3,3,Suburb,1965,119171.4584
1368,2,2,Suburb,1978,219062.5311
1723,5,2,Suburb,1952,149146.4861
2679,3,1,Rural,1995,308504.5475
1356,4,2,Suburb,2001,238251.1217
2026,5,3,Urban,1969,254698.6497
2277,4,3,Rural,1987,272639.0945
2498,2,2,Suburb,1961,211167.6248
1846,2,1,Urban,1984,268818.6696
2529,2,2,Rural,1967,264270.5004
1255,5,3,Rural,1969,179268.2866
2633,2,3,Suburb,1955,298399.1369
2708,3,1,Urban,2002,252171.3362
2173,2,3,Rural,1996,284042.6261
2511,3,1,Suburb,2020,333335.8515
1278,5,1,Suburb,1953,224222.8296
2082,4,2,Urban,1977,136812.1881
1445,4,2,Suburb,2013,164811.0674
1112,3,1,Urban,1972,87265.44142
1835,5,2,Rural,2017,268785.6181
1754,3,3,Rural,1981,255802.2134
2845,2,1,Suburb,1998,358821.5355
2592,2,1,Urban,1959,252872.7174
2512,2,2,Rural,1988,331933.5847
2430,4,1,Urban,1982,296434.3217
1366,3,1,Rural,2021,148245.0872
2083,5,1,Urban,1966,307744.1536
1328,3,2,Rural,1971,192735.1957
1727,3,1,Urban,1984,89022.45186
2492,3,1,Rural,1993,192855.7905
2768,2,1,Suburb,2007,257011.7478
2005,2,2,Urban,1967,229708.5749
2590,3,1,Suburb,1998,356774.1672
2908,2,1,Rural,1993,374048.5311
1719,4,2,Urban,2006,189076.1041
2086,2,1,Rural,1986,222280.7103
1183,4,1,Rural,2017,75396.0578
2022,4,1,Suburb,1958,276977.805
1310,3,1,Suburb,1950,167856.2915
2816,3,1,Suburb,1961,291433.3945
2561,2,3,Rural,1953,250343.436
1176,5,1,Suburb,2017,176813.0439
2598,3,3,Suburb,1963,310309.7884
2452,4,3,Urban,2007,296590.6524
2096,4,3,Urban,1967,357973.5403
1846,2,3,Suburb,2007,240902.1899
2190,4,3,Suburb,1975,248062.4073
2248,3,2,Suburb,1968,318203.3117
2600,2,2,Suburb,1972,191625.0587
2604,2,2,Rural,2005,333501.8941
2975,5,3,Rural,2011,349907.7471
1008,2,1,Urban,2020,126473.9127
1235,5,1,Suburb,2014,149913.3147
1709,3,1,Urban,1992,196767.9954
1923,4,1,Rural,1990,196076.1275
1684,3,2,Suburb,1980,184161.9607
1793,2,3,Suburb,1953,123981.9401
2051,5,2,Rural,1979,225692.1803
1807,4,1,Urban,1988,199539.8929
2934,2,3,Rural,1995,320549.157
2669,3,1,Urban,1997,264259.5519
1026,2,2,Suburb,1984,179621.2651
1549,5,2,Rural,2010,188297.1122
2219,3,2,Rural,1954,264188.4104
2226,2,1,Rural,1967,209689.7951
1084,5,3,Suburb,1984,140142.9308
2855,2,3,Suburb,2001,329418.4491
2053,5,2,Urban,1996,296829.8367
1465,2,3,Suburb,1962,210881.4852
2122,3,1,Suburb,1970,190625.8603
2922,3,3,Urban,1982,318668.8069
2213,3,1,Rural,1978,263827.1879
1011,3,2,Rural,2004,64915.67203
2626,3,2,Suburb,2005,236911.2664
2012,4,2,Rural,1988,222751.5742
2053,2,3,Urban,1987,188507.1057
2748,3,1,Rural,1999,414174.9978
2061,4,2,Suburb,1987,201873.7332
2876,4,1,Urban,2002,359051.8447
1571,2,2,Rural,2020,206751.7677
2317,5,1,Rural,1983,284224.0685
2383,2,2,Rural,1994,201878.1496
2678,2,1,Urban,1999,292861.318
1913,5,1,Urban,2000,362459.0991
1179,5,1,Urban,1952,163544.7294
1796,3,3,Urban,1955,201356.5162
2135,5,2,Rural,1985,223081.186
2765,5,1,Suburb,1997,261304.9736
2467,2,3,Suburb,1991,292988.9353
2044,2,3,Rural,1981,264785.181
2168,2,3,Rural,2004,296192.3864
2522,5,1,Urban,2005,237145.9407
2169,4,1,Suburb,2020,240932.7114
1440,3,3,Urban,1967,202999.9968
1886,2,2,Urban,2009,110422.3518
1420,4,1,Rural,1982,190951.9025
2339,3,1,Urban,2004,182525.5268
2189,2,2,Rural,1954,185607.1538
2675,4,1,Suburb,1983,316212.0472
2226,3,2,Suburb,1989,187182.5783
2519,2,2,Urban,1995,215415.305
2779,2,1,Urban,1972,396490.3769
2648,4,3,Suburb,1951,217633.4522
1467,5,1,Suburb,1981,243911.6271
1712,5,3,Suburb,2004,235033.5917
1384,2,1,Rural,2020,189727.2273
1313,4,3,Rural,1964,268973.223
1770,5,2,Urban,1963,194361.1955
2278,5,3,Urban,1997,326279.3261
1958,5,3,Urban,1971,112361.3047
1916,4,1,Urban,1972,283418.6458
1022,4,2,Suburb,1971,114492.3864
2928,3,3,Urban,1968,323411.4044
2781,5,3,Urban,2014,297570.7928
1338,4,1,Urban,1984,147177.1352
2516,3,2,Suburb,1994,176766.1678
1822,2,3,Urban,1984,266182.3164
2534,3,1,Urban,1988,276916.8336
1365,5,2,Suburb,2004,61974.65381
2395,4,3,Rural,1982,293397.374
1914,5,3,Urban,1976,164947.4451
2853,5,3,Urban,2018,387996.7638
2622,2,3,Rural,2019,324142.8413
2242,4,3,Rural,2021,165152.9938
1474,4,2,Urban,1976,195705.2027
2446,2,3,Urban,1987,214070.6508
2379,4,3,Rural,2021,284945.129
2483,3,3,Urban,2003,300346.7971
2526,5,3,Urban,1971,295251.5099
1026,2,1,Rural,1989,161171.3911
1941,2,2,Suburb,1970,349695.6025
1801,5,2,Rural,1967,233210.5356
1800,2,2,Rural,1963,289247.4492
1859,4,3,Suburb,1991,267252.0393
2246,4,2,Urban,2003,296525.571
1863,5,3,Urban,1964,233737.7097
1689,2,3,Urban,1952,172234.9521
2171,3,1,Suburb,1955,258908.9028
2447,5,3,Rural,1951,323433.4924
1738,4,2,Suburb,1954,139405.6367
2374,4,3,Suburb,1979,233138.5438
2209,4,2,Rural,1989,230759.9978
1414,3,3,Rural,1996,197023.069
2829,4,1,Rural,1964,387031.2249
1981,5,3,Suburb,1983,191342.2933
1428,5,2,Rural,1968,143572.0313
1040,5,1,Urban,1998,82299.89796
1904,4,3,Rural,1957,182430.5541
2011,3,1,Suburb,1963,211678.5638
2416,3,3,Rural,1998,296353.4914
1702,4,1,Urban,1961,199979.8797
1078,2,3,Suburb,1982,126266.4589
1716,2,2,Rural,1982,255019.5558
2919,5,3,Rural,1999,317421.6515
2813,3,2,Rural,2004,300494.7603
2807,4,3,Urban,1964,325544.4476
1543,3,3,Rural,2005,182536.59
2473,3,2,Rural,1981,266602.2768
1473,2,2,Suburb,1963,123916.242
2165,3,2,Urban,1969,182597.368
2274,3,2,Rural,1959,268375.7781
1293,4,3,Suburb,2020,123368.1712
1609,4,3,Urban,2016,160904.6358
1135,3,3,Suburb,1972,105420.7374
1483,3,2,Urban,1959,207250.1134
2812,4,3,Suburb,2005,267999.2494
2335,2,3,Suburb,1979,171596.176
1813,4,1,Rural,1952,202184.6964
1554,4,1,Suburb,1951,153297.6975
2655,4,2,Urban,1974,283369.445
2755,4,2,Urban,2018,328085.3725
1045,4,1,Urban,1956,169845.8004
2259,2,3,Rural,1950,194358.3547
2071,5,3,Rural,1981,196515.8396
1197,4,2,Urban,1986,72590.80036
1083,4,3,Suburb,2016,127681.0606
1542,2,3,Urban,1968,229756.3075
2184,5,1,Suburb,2011,235963.2708
2451,3,1,Suburb,1973,248078.8933
1070,2,2,Suburb,1972,51441.16498
1519,4,2,Suburb,2013,178652.6775
2992,3,1,Suburb,2021,211298.7536
1897,2,3,Urban,1993,230322.6335
1912,3,1,Urban,1953,333748.1344
2075,2,1,Rural,1977,167469.3548
2068,2,2,Urban,1973,235877.1468
1292,3,3,Suburb,2013,133146.5225
1937,5,2,Urban,1981,326270.6129
1811,3,2,Suburb,1991,52041.84697
2488,3,1,Rural,1967,280072.1115
2908,5,1,Urban,1955,289488.9059
2573,3,2,Urban,1976,340254.2731
1866,5,1,Urban,1992,141077.2631
1379,5,1,Suburb,1984,169191.7822
2006,5,3,Rural,1990,326107.8072
2766,4,3,Suburb,1950,264742.2807
2501,2,2,Urban,2017,314075.8046
1261,4,3,Rural,1954,148948.1753
1579,2,2,Suburb,1998,92826.16783
2202,4,3,Rural,1991,169101.583
1356,5,1,Suburb,2016,157665.2469
2442,4,1,Rural,1962,304128.4567
1697,2,2,Suburb,1999,263458.701
2976,4,3,Rural,1962,376567.1741
2224,3,1,Urban,2010,233331.9943
2925,3,2,Urban,1971,279811.9755
2036,5,3,Urban,1997,239591.2888
1442,4,1,Suburb,1968,138538.4117
1725,4,3,Rural,1996,64799.19295
2755,2,2,Urban,2003,286148.6744
1285,2,2,Suburb,2019,145613.0721
2779,4,2,Suburb,1971,260521.0213
2891,2,1,Suburb,1994,199229.0656
2281,3,2,Rural,2018,251154.2961
1569,3,3,Rural,1957,185630.7623
2571,5,1,Rural,2004,241903.9459
1839,3,2,Rural,1951,302919.937
2964,2,2,Rural,2006,310514.1739
2513,2,1,Suburb,2018,221353.8073
1497,2,2,Suburb,2019,223892.1594
2928,2,3,Suburb,1985,262321.7803
2917,4,1,Urban,1991,363879.8626
1704,4,3,Rural,2015,234610.599
2356,4,3,Suburb,2004,207638.4887
1561,4,2,Rural,1967,251432.0731
2998,3,1,Urban,1972,305282.3217
1031,2,2,Urban,1985,95799.7572
2633,3,3,Suburb,2003,250899.2228
1042,2,2,Urban,1958,59333.87878
2916,4,2,Rural,1996,336758.3002
2374,3,3,Rural,2017,273233.4389
2357,2,2,Suburb,1953,201782.1039
2845,4,3,Urban,1997,299769.159
1558,5,1,Suburb,1970,100672.1424
1269,2,3,Suburb,2000,195143.746
2967,5,1,Rural,1959,290596.1248
2846,2,3,Suburb,2004,268397.2216
2436,4,3,Rural,1984,295805.4351
1942,3,2,Suburb,2020,167307.4776
2598,2,1,Rural,1964,320310.6711
2042,5,3,Rural,1960,250236.6235
2370,4,2,Suburb,1983,253692.8122
2928,2,2,Suburb,1959,211304.6175
2636,5,1,Suburb,2017,428631.2389
1036,2,2,Urban,1957,4810.72432
2642,5,2,Suburb,1966,232785.6982
1091,2,3,Rural,1980,148242.5429
2843,3,1,Rural,1982,287600.4297
1184,3,1,Rural,1975,236154.4364
1727,3,1,Suburb,2011,219317.2884
2051,3,1,Urban,1955,176960.1569
2571,4,2,Urban,2009,375995.1549
1371,3,1,Rural,1970,178462.1889
1831,2,2,Urban,2010,218694.2968
2553,4,2,Urban,2007,302361.696
1344,2,2,Suburb,1966,235624.5891
2442,5,2,Rural,1957,290685.5184
2219,3,1,Rural,2016,211179.6429
1077,2,2,Urban,1957,120447.8114
1166,2,3,Rural,1951,88206.11043
2113,2,3,Suburb,2020,277884.8629
1263,5,3,Urban,1984,65352.95232
2495,5,3,Urban,2020,349918.9824
2231,5,2,Suburb,1985,199839.897
1723,2,3,Suburb,1952,171474.8533
2294,5,3,Suburb,1980,218672.4573
2286,3,2,Suburb,1959,199625.6594
2529,5,1,Urban,1999,303053.618
2808,5,1,Rural,1983,345894.3653
1511,2,1,Suburb,2000,190143.8092
2877,2,1,Rural,1973,198628.9295
2749,2,2,Rural,1985,323657.4326
2909,2,2,Suburb,1963,257986.1014
1575,3,1,Rural,2012,242257.9516
2547,2,3,Rural,1982,343256.4812
1721,4,2,Rural,2003,157393.4081
2335,4,3,Rural,1987,139505.6753
2197,2,3,Urban,2016,233829.2386
1430,2,3,Urban,1976,148737.1092
1767,3,1,Suburb,1981,224812.4576
1462,4,1,Rural,1977,184432.1887
1100,5,1,Urban,1964,172839.7167
2039,3,3,Suburb,1959,208024.8272
2732,5,3,Rural,1966,376249.7925
2281,2,2,Rural,1989,272581.4482
2919,4,2,Urban,1994,273535.9778
1243,5,1,Suburb,1996,197262.2285
2371,4,2,Rural,2011,294989.0138
2272,5,3,Urban,1959,209704.1206
1104,3,3,Urban,2010,71652.60347
1693,2,3,Suburb,1998,163098.3142
2690,4,1,Urban,2018,295716.6391
2310,3,2,Suburb,2007,192582.8
2192,4,3,Suburb,2008,272628.4877
2443,5,1,Suburb,1981,327161.5826
2070,5,1,Suburb,1967,169640.6052
2066,2,2,Rural,2010,188120.9966
2344,5,3,Rural,1977,313506.3558
1817,2,1,Urban,1969,230197.1799
1220,2,1,Urban,1981,168799.3975
2536,3,3,Suburb,2003,272190.0913
2735,2,1,Rural,1952,303703.4156
2464,3,1,Urban,1952,329380.4496
1143,4,2,Suburb,1981,202610.266
1889,5,2,Urban,2006,200157.4541
2051,5,2,Rural,1958,240834.6759
2877,5,2,Suburb,1965,358522.274
2873,2,2,Urban,1978,328490.298
1789,3,3,Rural,1959,201472.2127
1552,3,1,Rural,1998,211443.4312
1843,3,3,Rural,2018,194016.6341
1658,2,3,Rural,1965,209189.4715
2880,5,2,Suburb,1962,324279.3229
2713,5,3,Rural,1956,267469.6575
2850,3,1,Suburb,1974,239675.5574
1836,2,3,Rural,1973,308174.2296
2018,5,3,Rural,2001,174408.2571
2953,2,2,Rural,1999,315113.64
2190,4,3,Rural,1952,255763.4984
2658,4,3,Urban,2016,302560.0507
2609,2,2,Rural,1984,321017.8524
1750,4,1,Suburb,1985,179152.6425
1248,5,2,Rural,2000,140937.1533
1774,3,2,Urban,1982,205085.982
1763,2,3,Suburb,2004,111677.0438
2380,4,2,Suburb,1972,214467.526
2134,3,2,Urban,1986,298486.9786
1691,5,1,Rural,2000,170643.9745
2723,5,3,Rural,1961,208983.4835
1819,2,1,Suburb,1994,116719.3243
1718,3,1,Suburb,1995,147274.3415
1233,5,2,Suburb,2000,127119.7471
1023,2,1,Suburb,1985,91057.37715
2049,4,1,Urban,1973,298997.0064
2404,3,2,Suburb,2019,275219.838
2753,5,2,Suburb,1971,365007.8257
2005,4,3,Suburb,2013,245083.2213
2369,3,2,Rural,1998,279250.1354
2401,3,2,Urban,1980,247392.477
1521,3,2,Rural,2008,230474.3541
1016,5,3,Rural,1985,82544.53078
1244,3,1,Urban,2008,135743.2124
1717,4,2,Rural,1966,131371.7637
1769,5,3,Suburb,2020,238895.0883
2647,3,2,Suburb,2008,362551.3798
1716,4,1,Suburb,1963,217776.5289
2562,5,1,Urban,1964,159927.5498
2992,3,2,Suburb,2017,433227.3565
2606,2,2,Suburb,1974,263378.0703
2711,2,3,Rural,1991,323519.4169
2225,3,1,Suburb,1958,243676.0478
2271,2,2,Urban,1966,214937.7853
1117,5,2,Rural,1980,82478.45237
1008,3,2,Urban,1967,151408.471
1597,4,2,Urban,1964,235416.5304
1022,2,3,Rural,1982,87777.16813
2990,3,3,Urban,1987,255006.0543
1239,5,1,Suburb,2019,136836.1756
2608,3,1,Urban,1975,368982.7254
1026,4,3,Rural,2005,172612.7943
1983,4,1,Rural,1968,214658.8152
2884,3,3,Suburb,1972,255120.9664
2104,3,2,Suburb,1999,246661.8627
2619,3,2,Urban,1975,350687.8084
1198,3,3,Rural,1998,152606.16
2578,5,2,Rural,1991,301028.3561
1774,3,2,Suburb,1972,236964.6145
1091,5,3,Urban,2005,145741.1082
1850,3,2,Suburb,2000,181403.5455
2982,5,1,Suburb,1988,346315.5728
2107,4,2,Suburb,1964,268551.3095
1299,2,1,Rural,2016,169162.6094
2958,3,3,Rural,2021,265734.5091
1295,3,1,Rural,1991,155471.5186
1646,4,2,Rural,1997,98454.14689
2477,2,1,Urban,1996,269940.0407
2304,4,2,Rural,1995,255458.2471
2000,4,2,Urban,1991,247922.3258
2082,3,1,Rural,1987,199982.0582
1908,3,2,Rural,1998,238743.559
1870,4,1,Rural,2020,257439.5697
2365,3,2,Rural,2003,247603.9389
1752,3,3,Urban,1998,126402.6201
2488,3,3,Suburb,1968,295373.9813
2903,2,1,Suburb,1952,279884.3366
1341,2,1,Suburb,1992,162576.1359
2633,3,3,Rural,1994,288737.0665
1061,4,3,Suburb,1983,51610.24237
1775,2,3,Urban,1991,210686.105
1624,4,3,Urban,2004,237895.3139
2452,5,2,Urban,1985,251355.1863
2681,5,1,Suburb,1986,191854.9365
2751,3,1,Urban,2011,315532.6205
1255,4,3,Rural,1957,141956.8504
1827,4,1,Urban,1973,298720.1701
2013,5,1,Suburb,1958,169233.199
2851,2,2,Suburb,1971,403145.2051
2897,4,2,Suburb,1988,360648.6032
2793,4,1,Suburb,1981,302258.0403
2729,2,2,Urban,1990,254132.9385
2370,3,3,Urban,1995,224634.9387
2549,5,1,Rural,1968,278339.5513
2327,4,2,Urban,1970,320061.5455
1614,3,2,Rural,1976,122052.9737
1244,3,1,Suburb,1954,134926.9731
1756,3,1,Rural,1960,153561.1444
1823,2,3,Urban,1990,184278.3695
1779,3,2,Suburb,1984,236829.0257
2759,4,1,Urban,1953,297367.5554
1731,3,2,Suburb,1972,217494.8709
2846,3,2,Rural,1953,303561.921
2435,3,2,Urban,1997,187173.5354
1877,5,2,Suburb,1977,95189.10721
2240,4,1,Urban,1959,213528.1403
1515,5,1,Suburb,1960,246663.2951
1473,5,3,Urban,2020,244999.381
1035,3,1,Rural,1950,96358.42343
2201,3,2,Urban,1983,277222.1076
2410,3,3,Urban,1983,307438.7122
2792,2,1,Suburb,2005,347392.4836
2040,4,1,Urban,2011,239694.353
2734,2,3,Rural,1985,251111.8743
1829,4,1,Urban,1970,318092.9722
2071,3,1,Suburb,1977,253257.908
2085,4,1,Urban,1965,234839.5813
2092,4,2,Rural,2008,237306.6808
2682,5,3,Urban,1977,306778.7468
2894,4,3,Suburb,1993,365540.2827
1365,4,2,Urban,1978,128850.9206
2185,5,3,Rural,1951,302541.5054
2762,2,1,Urban,1965,275371.9294
1944,4,2,Suburb,1998,190783.336
1975,2,2,Rural,2004,239133.4319
2511,2,2,Urban,1951,362962.5592
1430,3,3,Rural,1961,221244.4488
1858,4,2,Suburb,2007,195820.5206
2512,5,2,Rural,1975,408552.2534
1229,5,2,Rural,1999,191019.5817
1369,3,3,Rural,1979,205881.2301
1177,5,3,Suburb,1963,144165.3583
2880,4,3,Rural,1964,282422.6929
2433,2,2,Urban,2014,238589.7805
1567,2,1,Rural,1966,198461.1707
2613,5,3,Urban,2021,364163.933
2293,5,1,Rural,2000,266043.1967
2229,5,1,Urban,1963,267982.3355
1792,2,3,Suburb,2002,249587.5281
2763,4,3,Suburb,1998,189574.8552
1899,4,1,Rural,1998,91406.40317
2774,4,3,Urban,2001,296846.2239
1974,4,1,Rural,1995,126637.7539
2823,4,1,Rural,2019,248827.843
1081,3,2,Rural,2004,131547.7734
1845,5,1,Urban,2000,168276.5162
1761,4,2,Urban,1970,154861.2056
2216,3,2,Rural,1962,302560.8571
1617,4,3,Suburb,1988,206168.0966
2212,5,3,Suburb,1951,152419.3847
2299,4,1,Suburb,1976,306349.0629
2097,4,3,Urban,1966,243118.5922
2033,4,3,Urban,1993,281264.8159
2658,5,3,Rural,1974,232466.4708
1215,2,3,Urban,1983,153031.3473
1289,5,1,Rural,1988,151597.6353
1444,2,2,Suburb,1962,187496.3896
1922,3,2,Rural,1950,208318.8175
1551,3,2,Urban,1959,114437.4305
1192,4,3,Suburb,2013,133464.9718
2662,4,3,Urban,1982,308333.2248
1288,4,1,Suburb,1967,48925.45185
2987,5,2,Urban,1999,250462.7815
1582,4,1,Urban,1987,167017.1446
2672,2,2,Suburb,1980,323525.4714
2167,3,1,Suburb,1991,214304.7926
2412,3,1,Suburb,1988,160485.6612
2889,3,1,Rural,1957,293147.8797
2915,2,2,Rural,2011,299625.6029
2430,4,3,Urban,1994,237187.4801
2834,2,2,Urban,2017,292511.7141
2393,2,3,Suburb,2008,245594.7582
1856,5,1,Urban,1995,202004.8211
2464,5,2,Suburb,2000,287784.7611
2970,3,3,Suburb,1963,280105.2235
1780,2,2,Urban,1986,108514.9357
1895,3,2,Suburb,1980,89983.14718
1919,2,2,Urban,1981,246742.6023
2674,3,1,Suburb,1983,229313.0507
1563,3,3,Rural,1984,196769.598
2552,4,1,Suburb,2004,321897.428
2700,3,3,Urban,1958,272701.3525
1012,5,1,Rural,2009,196369.0411
2725,2,2,Urban,2019,353011.2083
1986,3,1,Suburb,1969,281056.2168
1339,2,2,Suburb,1973,235434.4919
1864,3,3,Urban,1998,286287.4981
2897,5,3,Urban,2000,377949.8489
2887,4,2,Rural,1971,210396.2686
2799,4,2,Rural,1972,296991.2042
1311,2,1,Rural,1970,178890.4931
1732,3,1,Urban,2004,188065.5605
2127,5,1,Urban,1973,193758.897
1338,2,3,Urban,1983,189168.6205
2221,4,2,Urban,1959,356549.0408
1299,2,3,Urban,1963,158930.7145
2467,2,2,Suburb,1993,237646.8923
1358,3,2,Suburb,1988,215537.6916
2391,5,3,Suburb,1991,274682.0998
1168,4,1,Rural,1995,184264.4842
2172,4,1,Suburb,1982,145666.0825
1760,5,3,Urban,2018,185521.6451
1767,3,2,Suburb,1961,185422.1742
1981,5,3,Urban,1965,158337.717
1041,5,1,Suburb,2004,82960.06354
1201,3,2,Rural,2009,133751.8123
1969,3,3,Urban,2014,230731.064
2267,4,1,Urban,1991,264619.3764
2692,4,2,Suburb,2019,333133.3304
1463,3,3,Suburb,1954,241182.7932
1448,2,3,Rural,1990,197468.994
1912,4,1,Urban,1958,133431.5193
1797,3,3,Suburb,2014,197154.0139
1793,3,3,Suburb,1997,154201.2955
1436,2,3,Urban,2016,122733.7359
2916,5,3,Rural,1979,337567.178
2773,3,1,Urban,1990,297828.9391
1530,2,2,Urban,2011,216581.9399
1564,2,2,Rural,1966,140570.1519
2620,4,3,Urban,2017,333104.5053
2296,3,1,Urban,2006,226702.8334
2453,4,3,Suburb,1994,231524.4154
1871,5,3,Rural,1977,262528.06
1212,5,3,Rural,1973,255070.2181
1948,4,3,Rural,2006,227431.2291
2896,4,2,Suburb,1992,269145.1432
2127,3,3,Rural,2013,266398.1705
1191,3,3,Urban,1982,132846.8689
2964,3,3,Urban,1977,346468.7984
2712,5,2,Urban,2015,312477.1741
2682,4,1,Rural,1980,365934.4759
2403,2,1,Rural,1963,304550.3518
2990,4,1,Rural,1968,365523.8919
2104,2,1,Suburb,1983,313932.8696
1704,3,1,Suburb,2001,225778.63
1548,3,3,Urban,1986,204684.8173
2400,4,3,Urban,1958,225456.1197
2861,2,1,Rural,2008,225035.7412
1153,5,2,Rural,2003,179937.0251
2665,3,3,Rural,1981,371015.425
1570,3,1,Suburb,1987,256756.6715
2759,4,2,Urban,1987,274606.1352
2784,4,1,Urban,1995,243507.8623
1239,5,2,Suburb,1954,144201.8017
1373,4,1,Rural,1957,71731.26254
2924,5,3,Rural,1967,264427.5436
1804,2,1,Rural,2019,193956.8884
1798,5,1,Urban,1954,230331.6671
2227,2,1,Urban,2015,227215.2897
1610,3,1,Rural,1950,111437.5456
2373,4,1,Suburb,1983,329719.8535
1687,3,2,Rural,1983,183971.3211
1773,5,3,Suburb,1993,219344.2985
2806,5,3,Urban,1959,275230.542
1142,5,3,Urban,1990,157416.7696
2212,2,2,Urban,1989,316234.54
1271,3,1,Urban,1951,121263.7119
2555,3,3,Rural,2016,317158.9009
2868,5,2,Urban,1980,347148.8798
2323,4,1,Suburb,1980,210025.1659
1425,3,3,Rural,2004,151660.9966
1045,4,2,Rural,1971,186052.4245
1094,3,2,Rural,1967,210523.7659
2953,5,3,Rural,2012,398223.1285
1063,5,1,Suburb,2019,164801.0654
1412,3,2,Urban,2008,143750.2533
2666,2,2,Suburb,1995,252324.6719
2032,2,1,Rural,2009,226633.3135
1458,3,2,Suburb,1981,137463.4078
2738,5,1,Suburb,1951,229283.2537
2432,3,3,Rural,1950,297133.8913
1469,4,1,Suburb,1982,179888.4333
1809,5,2,Rural,1960,203944.6597
1505,2,1,Urban,1978,158394.2936
2709,2,1,Urban,1960,337414.9175
2096,3,1,Rural,1979,296486.8463
1083,4,1,Suburb,1984,173293.5275
1058,5,2,Suburb,1976,184895.1946
2044,2,3,Rural,1967,176824.1157
2481,3,3,Rural,1977,342476.1281
1917,3,1,Rural,2004,202148.8938
1156,5,3,Urban,2002,204416.3632
2854,3,2,Rural,1987,215047.5171
2352,3,2,Suburb,1972,322686.9184
2596,3,3,Rural,1953,205394.8594
1575,2,3,Rural,1995,270135.0816
1836,2,2,Suburb,1978,158951.273
1679,4,1,Suburb,1989,178269.3391
1202,5,1,Suburb,1993,84516.21763
2664,5,2,Rural,1994,244528.089
2780,5,3,Urban,2010,362532.0885
2129,5,3,Rural,2021,243177.0382
2856,3,3,Urban,2021,254870.4993
2145,5,3,Suburb,2021,252238.7604
1317,4,3,Rural,1979,182412.7095
2205,5,3,Suburb,1951,257825.4264
2638,5,3,Suburb,2001,302142.0307
2339,3,3,Rural,1987,230173.488
2837,3,1,Suburb,2011,264436.7089
2796,3,1,Rural,2019,132676.4874
2648,4,3,Suburb,2017,399364.1613
1405,3,3,Rural,1975,235194.1041
1985,5,1,Rural,1983,204292.6108
1948,4,2,Rural,1980,140005.917
2093,2,1,Suburb,1960,205013.427
2183,3,3,Rural,1952,198748.6692
2263,4,1,Suburb,1952,236622.6755
2546,2,3,Suburb,2001,279223.8119
2161,3,1,Suburb,1950,192423.231
1494,2,1,Rural,1995,134512.9563
1678,3,1,Rural,1955,232462.199
2270,4,3,Suburb,2005,356322.7881
2889,3,2,Rural,1975,331119.1715
2566,3,3,Suburb,2010,250565.6918
2547,4,2,Suburb,2019,326229.4231
2266,4,2,Suburb,1987,232908.0929
2643,5,2,Urban,1996,326545.1937
2359,5,2,Suburb,1971,243906.6802
2445,4,2,Rural,1952,282811.039
1834,3,2,Suburb,2005,213758.161
1193,2,3,Urban,1975,126213.0384
1307,4,3,Urban,2015,95541.17988
2668,2,1,Urban,1971,275335.0612
2930,5,2,Suburb,2006,320117.0225
1505,5,3,Rural,1977,205692.3349
1280,4,3,Urban,1964,179396.1116
2826,4,3,Suburb,2019,372336.3012
1674,3,3,Rural,1970,158266.0144
2813,5,1,Suburb,1974,340084.0096
1932,5,3,Urban,1961,232105.0883
2462,4,1,Rural,1995,242725.3878
1714,2,2,Rural,1965,220985.5861
1607,3,1,Rural,2012,156119.0517
1482,4,3,Urban,1988,152179.486
2246,2,2,Rural,1977,69006.30739
2772,3,1,Rural,2006,392585.2049
1116,2,1,Rural,2009,89873.61143
1967,3,1,Suburb,1951,262332.4239
1191,3,3,Rural,2011,100534.819
1787,3,2,Suburb,2002,161419.4922
1617,5,1,Rural,1951,178048.2711
1515,4,3,Rural,1973,218077.056
2553,5,2,Suburb,1959,335627.4933
1306,5,1,Rural,1973,171473.6633
2987,3,2,Suburb,1964,348141.0703
1531,4,3,Urban,1954,207722.4178
1121,4,2,Suburb,1989,160985.5762
1648,4,2,Urban,1991,200983.2286
1591,4,2,Rural,1998,158098.1242
2177,3,1,Suburb,1964,229883.9295
1869,4,1,Urban,2014,262345.0524
2560,2,1,Suburb,1991,290735.9695
2475,2,1,Suburb,1951,289357.1742
2192,5,1,Suburb,1986,286818.5967
1058,3,1,Urban,1973,200238.3326
1300,5,1,Urban,1961,188820.8845
1552,5,3,Urban,1985,161408.3336
2573,4,3,Rural,1960,312238.2723
2140,2,2,Suburb,1993,131136.0206
2810,2,2,Rural,1963,311530.74
2805,4,3,Urban,1978,284603.8229
2150,4,3,Rural,2015,262842.2138
2428,3,2,Urban,1984,299703.4305
1398,2,3,Rural,2012,133550.6717
1514,5,3,Suburb,1981,167105.3736
1804,5,3,Suburb,2003,264120.1814
2908,3,2,Suburb,1991,328793.2502
1497,2,2,Suburb,2009,112261.405
1941,4,1,Urban,1997,293043.4401
1527,5,2,Suburb,1963,194292.8347
1397,2,1,Rural,1950,147474.8235
2288,2,3,Suburb,1983,225496.0616
2774,2,1,Rural,2009,239385.6365
2286,4,3,Rural,1950,223518.7198
2421,5,1,Urban,1954,215025.7539
2669,4,3,Urban,1963,294700.7727
2748,2,2,Rural,1951,246182.7618
2550,2,1,Urban,1971,231215.5137
1435,5,1,Urban,2010,252612.1451
1839,5,3,Urban,1979,166129.9793
2953,4,3,Urban,1960,302199.01
1359,4,2,Suburb,1964,175891.0807
2152,4,1,Suburb,1986,260069.9032
1863,2,2,Rural,1966,205715.1907
1633,5,2,Rural,1985,168466.3106
2264,3,2,Rural,2001,168390.0822
2650,5,3,Urban,2014,302796.723
2732,5,2,Suburb,2009,365344.3568
2245,5,2,Rural,1950,176090.1723
1213,3,3,Suburb,1958,135314.164
1915,4,3,Rural,1968,126349.1189
1591,3,2,Urban,1983,214819.228
2798,5,1,Suburb,1958,339984.7394
1134,5,1,Rural,1983,106768.544
2841,2,3,Suburb,1991,304382.5263
1753,5,2,Suburb,1962,230404.708
1385,3,1,Urban,2008,178663.8064
2326,3,1,Suburb,1982,267559.4491
2805,3,2,Urban,2007,311245.5911
2310,4,1,Suburb,1973,362130.1343
2585,2,1,Urban,2013,334265.753
2212,4,3,Suburb,1984,258250.0298
2320,3,1,Rural,1964,250552.0292
2549,4,1,Urban,1970,298743.1052
1388,2,3,Suburb,2011,236438.2607
2482,2,1,Urban,2004,300304.2017
1743,2,3,Urban,2016,283859.7279
2284,2,2,Urban,2014,287205.1387
1703,3,1,Rural,1995,198207.2379
1924,5,1,Suburb,1956,181408.6693
2738,3,3,Rural,1996,357724.4372
1772,3,1,Urban,1992,165666.5124
2136,3,1,Suburb,1967,326051.3371
2909,3,3,Urban,1955,252407.4186
1863,4,1,Suburb,1996,143714.7097
2059,2,3,Urban,1990,236569.831
1078,5,1,Rural,2015,147535.908
2298,5,2,Urban,1950,333112.4552
2983,5,3,Urban,1997,392351.6823
2301,3,2,Suburb,1951,280214.1363
1673,2,2,Rural,2020,201321.4655
1311,2,3,Urban,1978,159951.3821
2552,5,2,Rural,2014,313443.8022
1203,5,1,Rural,1976,149202.3716
1984,3,3,Suburb,1976,164438.6319
2975,5,1,Suburb,1951,215868.3116
1016,3,2,Suburb,1997,122923.0578
2737,5,3,Rural,1966,291470.6194
1475,2,2,Urban,1988,53286.43583
2534,2,1,Suburb,1988,348748.6786
2016,2,3,Rural,1957,180140.1761
1209,4,2,Rural,1995,137702.7578
1498,5,3,Urban,1952,155464.3854
2425,4,2,Rural,2014,260581.7739
1428,2,1,Suburb,1978,202329.0751
2101,5,3,Suburb,1980,248944.7972
2591,4,2,Suburb,2020,357649.2915
2103,2,2,Suburb,2000,219252.1145
2329,2,1,Suburb,2007,170794.6748
1057,5,3,Rural,1970,105160.0429
2553,5,2,Suburb,1975,207166.7698
2231,3,1,Suburb,2012,233085.5973
2534,5,3,Suburb,2010,258920.8652
2158,2,2,Suburb,2009,241873.4613
2867,3,2,Urban,1999,296519.6065
1993,3,3,Rural,1951,133630.2197
1521,5,3,Rural,2018,199809.3714
1580,2,2,Suburb,1955,159790.2506
2876,4,1,Urban,1977,303287.7212
1898,2,1,Urban,2011,176441.4337
2106,2,1,Urban,1968,278636.6498
1620,5,3,Suburb,1997,132174.3258
2067,4,2,Urban,2010,254939.3643
2506,3,1,Urban,1977,225231.2298
1965,4,3,Suburb,1963,322287.5197
1909,5,2,Suburb,2019,281581.8078
2667,2,2,Urban,1951,314537.0574
1492,2,3,Rural,2020,225051.0776
1498,4,3,Suburb,1983,246429.7792
2041,4,1,Rural,1959,165731.7968
1604,5,2,Rural,2007,216761.798
1947,4,2,Rural,1985,201563.1132
1293,5,2,Suburb,2014,232176.4543
2999,3,2,Rural,1981,263076.2758
2171,4,1,Suburb,1976,268347.8949
2495,2,2,Suburb,1983,224955.6518
1171,4,3,Rural,1962,228636.63
2586,2,1,Urban,1960,266777.6901
1530,3,2,Urban,2014,197071.4428
2143,3,1,Suburb,1958,266406.2704
2859,4,1,Rural,1983,254752.0184
2760,5,1,Rural,2020,317697.5996
1065,2,3,Urban,2018,198400.336
1140,3,1,Rural,1970,155867.5562
1445,4,2,Suburb,2000,108826.378
2529,3,2,Suburb,2002,242620.4872
1188,4,2,Rural,1951,232629.6609
1157,2,1,Urban,2002,184986.9084
2633,4,2,Rural,1977,336632.7223
1669,2,1,Suburb,1954,141562.0479
2970,3,1,Suburb,1960,313683.1116
1245,2,1,Suburb,1957,113459.5665
1855,2,2,Urban,1963,159206.8672
1943,5,1,Suburb,2016,267728.944
1747,3,3,Suburb,1956,166458.6963
2056,2,3,Rural,2020,176497.0357
2384,5,1,Rural,1986,321351.9317
2776,5,2,Urban,1985,402168.2542
1329,2,1,Urban,2003,151003.3779
1511,4,1,Rural,2015,106376.5385
1849,2,3,Suburb,1951,203124.4311
2810,4,2,Suburb,1985,251690.6138
2094,2,2,Suburb,2004,202955.9862
2336,3,1,Rural,1978,254199.2761
2938,5,2,Suburb,1973,365679.4781
2751,2,1,Rural,1976,297486.9342
1078,2,1,Urban,1975,85316.12473
1168,2,3,Suburb,2020,212714.5613
1809,4,2,Rural,2011,240998.1379
1982,3,2,Suburb,1950,299432.6953
1179,3,3,Rural,1958,142860.161
2651,2,2,Suburb,2012,304382.4713
1259,5,1,Urban,2000,92482.39798
2509,5,2,Urban,1962,325354.4828
2795,2,2,Rural,1982,243451.3995
2028,4,2,Rural,2004,202158.9038
1296,5,1,Urban,1965,137409.8949
1619,3,2,Rural,2010,197261.2709
1854,5,1,Urban,1990,165589.3938
1359,5,3,Suburb,2021,292431.0761
1116,2,1,Urban,2017,68198.48947
1356,5,3,Suburb,1996,69423.39145
1956,2,3,Rural,1956,210330.7482
2866,3,1,Urban,2018,324670.4523
1438,5,1,Suburb,2011,239421.8526
2354,2,3,Urban,1992,307251.3572
2548,2,3,Suburb,1991,319073.5884
2677,3,2,Rural,1967,327419.1802
2211,5,1,Rural,2001,286366.2616
2991,4,3,Urban,2014,335394.2414
2304,5,1,Suburb,2006,201918.0113
2534,2,1,Rural,1972,210818.5199
2489,2,3,Suburb,1977,253217.9791
2138,3,3,Rural,1975,232169.209
2963,3,1,Suburb,1953,371155.9898
2259,4,2,Suburb,1979,259508.4123
2361,4,3,Suburb,2002,244407.4187
1521,2,1,Suburb,1965,290966.3579
1198,4,2,Rural,1967,184791.2184
2787,4,1,Suburb,1962,267436.9466
2073,4,1,Suburb,2008,210683.9691
2963,5,3,Urban,1966,209416.3314
2165,5,2,Rural,2009,340572.5112
2806,2,1,Urban,2001,348992.0465
2551,5,2,Urban,2014,334220.4303
2537,4,2,Suburb,1988,253902.4827
1669,4,3,Urban,1988,282903.5412
2053,4,1,Suburb,2000,242078.8063
2105,5,1,Urban,1982,145536.3622
1030,3,3,Rural,1961,119286.845
2771,4,3,Rural,1959,274906.4807
2007,4,1,Urban,1965,195316.9093
1332,3,3,Urban,2009,70045.76805
1659,3,1,Rural,1963,199185.8648
1176,2,2,Suburb,1963,70077.59717
1369,2,2,Urban,1969,211005.0838
1546,5,3,Suburb,2019,136294.6825
1534,3,2,Suburb,1979,126200.3259
2129,2,1,Suburb,1986,167299.6928
1096,4,2,Rural,1966,184463.7793
1229,2,2,Rural,2011,138308.2951
1226,4,2,Urban,1980,145313.4541
1370,4,1,Urban,1955,154649.4428
2123,4,3,Rural,1993,291076.8079
2468,5,1,Suburb,1975,350062.1447
2491,3,3,Urban,2017,260623.5847
1054,5,2,Urban,2015,59141.13821
2218,2,2,Rural,2006,269206.7727
2543,2,2,Urban,1975,296561.7036
1423,3,1,Urban,1976,107689.75
1314,3,2,Urban,1992,19804.14683
2151,2,1,Suburb,1976,185384.4171
1031,3,1,Rural,1954,219420.7526
1092,3,3,Suburb,2003,65039.64668
1518,4,3,Rural,1992,191051.8448
2281,5,3,Suburb,1958,332379.6748
1852,5,3,Urban,1955,166135.9353
2925,5,1,Suburb,1977,311393.7578
2243,4,1,Suburb,1956,253518.5818
1751,4,3,Rural,1998,248936.2281
2129,3,3,Urban,1976,200737.7988
2571,3,3,Rural,1965,208471.8727
1415,4,3,Urban,1967,234651.101
1556,4,3,Urban,1950,184709.5846
2833,2,3,Urban,1993,239855.9158
2332,4,3,Suburb,1967,299438.8384
1365,4,2,Suburb,1965,189271.9106
2544,5,3,Urban,1969,381478.243
2482,2,3,Rural,1981,205535.601
1598,5,1,Rural,1983,153598.8941
2393,5,3,Suburb,1983,291445.8039
1330,2,3,Rural,1950,225675.2322
1688,2,3,Urban,1950,267295.0782
2665,2,1,Rural,1962,327850.8156
2730,3,1,Urban,2009,257761.2835
1010,2,2,Rural,1977,82224.43286
1817,5,1,Suburb,1957,225188.5745
2530,2,1,Rural,2016,160204.5878
1418,3,2,Suburb,1952,243695.8031
2145,5,1,Rural,1951,277145.4616
1910,2,2,Suburb,1982,296249.7281
2258,2,2,Rural,2008,192479.4516
2354,5,1,Urban,2008,222310.8992
2566,5,1,Rural,1994,364368.267
1347,2,2,Rural,1996,137824.4628
1957,3,2,Rural,2020,252762.4634
1411,5,2,Urban,1983,67424.95983
2247,4,2,Urban,1956,229211.9145
1152,2,1,Suburb,2009,122388.9681
2235,5,3,Rural,1998,285133.0553
1091,5,2,Urban,1996,158916.8559
2944,2,1,Suburb,1996,321152.7015
1330,2,2,Rural,1977,166103.1401
2490,2,3,Urban,2006,284909.9905
2883,3,1,Urban,1973,276804.1797
2664,4,1,Rural,1967,266758.652
1954,5,3,Urban,1970,289896.383
2732,2,3,Suburb,1954,288125.4895
1969,2,1,Suburb,1965,172946.8858
1553,3,3,Urban,1982,233676.2602
2901,4,1,Urban,2002,294602.5004
1929,5,3,Urban,1995,268312.0402
2251,4,2,Suburb,2018,215829.7859
1193,4,2,Suburb,1999,64047.49849
1529,2,1,Urban,2003,149685.8226
1844,2,1,Suburb,1977,155581.7806
2266,2,1,Rural,1958,226729.2016
2412,3,2,Suburb,2010,245287.7217
2299,3,2,Urban,1976,268574.2749
2473,3,1,Suburb,1998,254568.525
1638,2,3,Rural,1967,184204.6624
2610,2,1,Urban,2015,192752.4214
2597,2,1,Suburb,1959,360362.4437
1477,4,1,Rural,1965,251029.1084
1479,3,3,Suburb,1969,208937.9066
1287,3,2,Rural,1989,172806.768
1697,4,3,Rural,1957,205808.9423
2713,5,2,Suburb,2004,215070.921
2701,4,2,Urban,1966,401126.564
1694,4,3,Rural,1999,147273.141
1539,2,2,Urban,1978,144527.2601
1329,5,3,Rural,1975,202325.8418
1469,4,2,Rural,1982,274995.1082
2782,5,1,Rural,2000,342897.6073
1848,5,2,Urban,1952,226945.1949
1533,2,3,Suburb,2020,154199.4694
2962,5,2,Rural,1961,367548.0887
1466,2,1,Suburb,1969,147207.5405
1976,3,3,Rural,2011,178162.6977
1419,4,1,Rural,1992,85114.79178
2631,2,1,Rural,1997,307172.5681
2145,2,1,Rural,1977,275970.0011
1761,4,3,Suburb,1996,171628.5301
2005,2,2,Suburb,2000,261798.1467
1890,5,1,Urban,1966,273042.563
1307,2,3,Rural,1987,37865.24699
2955,2,2,Suburb,2005,226165.8456
1923,5,2,Suburb,2021,222917.2183
1333,4,3,Suburb,2002,145594.1877
1953,2,3,Suburb,1968,216435.0813
2443,3,2,Urban,1969,247877.5932
2349,4,2,Rural,1965,262261.5288
2021,3,1,Rural,1989,210875.2422
2672,3,2,Rural,1971,295221.4526
1788,3,1,Suburb,1964,191497.7158
1831,2,1,Rural,2005,182665.7808
1843,5,2,Urban,2017,311479.1836
2596,2,3,Urban,2006,207067.5987
1249,3,2,Suburb,1994,260261.8885
2118,3,1,Suburb,1963,185864.7746
2319,5,2,Rural,1974,243668.0702
1183,4,2,Urban,1991,126612.2452
2283,3,3,Suburb,1987,325641.8129
1798,2,1,Rural,1986,217220.8483
2690,3,1,Urban,2008,324275.0604
1185,3,1,Suburb,1977,211116.2718
2432,4,1,Suburb,1978,219983.3476
2092,5,3,Rural,1979,253839.0117
1837,3,3,Suburb,1987,306453.54
2796,4,1,Suburb,1980,253289.8208
1626,4,2,Rural,1995,243402.8458
1858,3,1,Suburb,2018,180681.5169
1007,3,2,Suburb,2005,116779.032
2288,5,1,Suburb,2008,287675.4847
1782,2,3,Suburb,1956,157503.4946
2507,2,3,Rural,2012,298962.4359
2784,5,1,Rural,1955,331424.657
2640,4,2,Rural,2007,319618.117
1774,4,2,Urban,2009,202098.4933
2759,5,2,Suburb,1995,259870.2548
2863,2,3,Suburb,1961,315213.1995
2006,4,2,Urban,2000,241861.7928
2394,2,2,Urban,1957,328496.9084
2806,4,2,Urban,1986,378645.6442
1676,2,3,Suburb,1959,156092.0523
2106,5,1,Urban,2010,300930.561
2830,2,3,Rural,2003,315817.7705
2669,4,3,Urban,1987,358983.0449
1210,4,1,Rural,1963,184360.4275
2336,4,1,Urban,1984,318599.6131
2627,3,2,Rural,2006,262287.1213
2360,3,2,Suburb,1957,252700.2366
1489,4,1,Suburb,2004,179647.7886
2426,5,2,Rural,2015,270217.5644
1638,4,1,Rural,1955,246124.2394
1190,5,2,Urban,1965,164360.0087
1670,4,3,Rural,1972,252822.2758
1842,4,2,Suburb,1959,244009.543
1334,5,1,Suburb,2003,141704.1101
2545,2,1,Suburb,1987,322514.3007
2642,3,3,Urban,1993,229222.4598
2110,4,2,Urban,1971,253621.5619
1578,5,1,Urban,1964,206513.1375
1061,5,2,Rural,2009,165556.1688
1386,3,1,Rural,1980,177617.4962
2169,3,2,Urban,1952,270891.7698
1152,2,3,Rural,2015,178038.3174
1618,4,2,Urban,1994,172523.2138
2683,3,2,Urban,1974,322202.8717
1697,2,1,Rural,1981,185471.5291
2372,4,2,Suburb,1974,200114.3539
2877,4,1,Rural,1952,301227.455
1177,5,1,Urban,2011,237365.5605
2912,3,2,Urban,2017,236665.2577
1846,2,1,Suburb,1968,216429.0757
1486,2,3,Rural,1960,206979.0465
2801,5,2,Urban,2016,285341.5487
2684,2,3,Suburb,2006,271317.7954
2270,2,2,Rural,1972,157901.1704
2277,4,1,Rural,1953,318650.4916
1499,3,3,Rural,1981,190186.7671
1540,5,3,Urban,1954,263383.9744
2375,3,1,Urban,1980,261518.5824
2535,2,2,Suburb,1995,198351.9114
2801,2,2,Suburb,2016,326095.1059
1012,2,2,Rural,2010,173265
2582,3,2,Suburb,1974,268434.3929
1150,5,3,Urban,2007,237975.5519
2073,5,1,Urban,1965,233405.1563
2238,4,1,Urban,2016,264386.6845
1990,5,3,Urban,1985,300389.7909
1643,4,1,Suburb,1980,159257.0343
1371,2,1,Urban,1956,156116.1588
2136,5,1,Urban,1954,158962.7273
1251,4,3,Suburb,1963,164895.8302
2986,4,3,Urban,1958,321355.6633
2364,3,1,Rural,2019,250207.2499
1052,2,3,Suburb,1987,158884.8448
2153,5,3,Urban,1950,201924.1771
2859,5,3,Suburb,1981,311432.3128
1192,5,2,Urban,1963,200781.1911
1590,4,3,Rural,1968,259939.6115
2080,5,2,Urban,1990,220529.4358
1096,5,1,Rural,2011,227145.6637
1197,5,1,Rural,1969,232349.5204
2670,2,1,Rural,1982,250127.1105
1146,2,3,Suburb,1970,141175.216
2707,4,2,Rural,1979,328423.5762
2598,3,3,Rural,1978,233679.9612
2600,5,1,Rural,2008,231447.9447
2318,5,2,Suburb,1970,277703.3678
1722,4,3,Rural,2003,225970.4387
2644,5,3,Rural,2020,289846.5805
2817,3,1,Urban,1951,251382.9747
1683,4,3,Rural,2002,232655.264
2035,2,3,Suburb,2007,213247.5739
2941,3,1,Urban,1970,319768.7662
1332,5,2,Suburb,1990,110324.72
2243,3,3,Urban,1993,273111.2883
2421,2,1,Rural,2001,259922.6599
2365,4,3,Rural,1978,244890.9357
2821,3,2,Rural,2019,214500.902
1511,4,2,Rural,1999,263492.0685
1171,4,1,Suburb,2015,98426.17083
2491,5,1,Rural,1968,381370.0643
2771,5,3,Urban,2013,302091.4706
2189,4,1,Rural,1951,288861.5224
2722,2,1,Suburb,2017,322239.7779
2193,4,1,Suburb,1963,183040.4237
1563,2,3,Rural,2007,260305.8104
1511,3,1,Rural,1999,159499.7602
2854,4,2,Rural,1968,356639.5316
2212,3,1,Suburb,2017,129128.3197
2143,4,3,Suburb,1993,218681.7626
1104,3,3,Urban,1981,130351.8305
1673,2,2,Rural,1983,224770.944
1806,3,2,Suburb,2010,199651.782
2064,3,3,Rural,1980,318457.4164
1888,5,3,Rural,1998,135131.14
1875,4,3,Urban,1961,171181.204
1676,4,3,Urban,1982,160008.3336
1320,4,2,Suburb,1967,98655.43923
2909,4,3,Urban,2003,309583.1939
1334,5,2,Suburb,1964,76388.2713
2183,2,3,Rural,2002,168983.0397
1263,3,2,Suburb,1957,48561.75642
1864,3,3,Urban,2001,249591.969
2553,2,1,Suburb,2017,226468.8327
2708,3,3,Rural,1987,284161.7884
2500,5,2,Rural,1967,298731.5665
1351,4,3,Rural,2015,144376.9756
2568,4,3,Suburb,1973,186488.8917
2796,5,1,Rural,1963,342464.9248
2233,4,3,Urban,1996,236007.4702
2519,3,1,Suburb,1980,362686.5481
2918,2,3,Suburb,2009,309865.7785
2865,2,1,Rural,1950,307784.4265
2405,3,1,Urban,1954,235022.9224
1675,2,1,Suburb,1999,186948.0307
2504,2,3,Suburb,1967,318195.5741
1918,4,1,Suburb,1967,290030.3988
2959,3,3,Rural,2020,371275.2564
1004,5,2,Urban,2012,14683.97846
1033,2,3,Suburb,2007,92600.57519
2815,3,3,Urban,1968,255231.1141
2168,5,2,Rural,1976,275758.4305
1350,5,1,Rural,1952,114075.8179
1582,4,3,Urban,1978,192135.4321
1464,4,3,Urban,1958,125817.0086
1347,2,3,Rural,2011,190346.6179
2765,3,1,Urban,1966,326979.4979
1124,3,1,Urban,1987,130864.1345
2813,4,2,Suburb,2002,348820.3151
2294,4,3,Urban,1989,314603.8883
1356,4,2,Rural,2018,163343.7959
1526,2,1,Rural,2012,214085.2326
2777,3,1,Rural,2017,368731.157
1497,2,2,Urban,1982,189401.6833
2176,3,1,Urban,1979,228200.4448
1052,4,3,Suburb,1999,180973.2106
1148,2,1,Suburb,1972,160232.5678
1502,5,1,Urban,1964,126190.8681
1869,2,2,Urban,2010,174921.6176
2473,2,1,Urban,2019,328940.0024
1218,5,1,Suburb,1987,159208.4723
2648,5,2,Rural,1962,317922.2968
2823,4,3,Rural,1985,302008.596
2300,5,2,Suburb,1997,335633.1112
1451,5,3,Urban,1989,138922.5534
2451,2,3,Urban,1955,311400.6152
1082,2,2,Suburb,1985,172983.6338
2985,4,2,Rural,1974,392480.9726
2241,5,2,Suburb,1999,261351.7011
1737,3,1,Rural,2017,238410.719
2805,2,3,Suburb,2002,339803.7538
1526,4,3,Suburb,2011,169655.9208
1403,2,3,Rural,1973,191456.449
1289,2,2,Urban,1971,160913.9678
1419,3,3,Suburb,1950,241622.1179
1338,4,3,Suburb,2017,157623.5294
1776,3,3,Urban,1976,244214.8358
1710,3,3,Rural,1987,230902.3112
2693,4,2,Suburb,1982,253338.6261
2868,5,1,Urban,1956,289399.7853
1986,3,1,Urban,1955,170857.5991
1958,5,2,Urban,1962,249630.0328
2442,2,1,Rural,1963,303071.7171
2932,4,3,Suburb,2004,349038.1863
2230,4,1,Suburb,1962,291441.6973
1685,2,1,Urban,1951,208868.4947
2719,2,3,Urban,1992,225069.0223
2288,2,3,Urban,1976,258698.5731
2781,3,3,Rural,2002,327505.1114
2059,3,2,Suburb,1956,279954.2472
1372,3,1,Urban,2004,180943.6124
2511,3,2,Suburb,1971,317949.0952
2282,3,2,Rural,2005,280011.3903
1993,5,3,Rural,1986,244870.6061
1530,5,1,Urban,1992,90106.87806
1923,3,2,Suburb,2003,230299.151
1022,4,3,Urban,2004,177742.6183
1103,4,2,Suburb,2000,75641.81806
1240,5,1,Suburb,2008,104634.2329
2004,5,3,Urban,1970,274486.8892
1902,4,2,Rural,2002,268981.1111
2896,4,1,Suburb,2000,241537.8874
2739,4,1,Suburb,1995,294674.9513
2276,5,2,Urban,2012,293739.234
2165,5,1,Suburb,1999,226576.7255
1813,4,3,Urban,1998,222550.9557
1654,5,3,Urban,1967,94814.66579
2474,3,3,Rural,1973,324605.2645
1782,4,3,Urban,1965,175979.235
1306,2,2,Rural,2014,170895.3155
2523,4,2,Suburb,1983,256047.8122
2645,5,1,Urban,1978,188126.1065
1007,2,1,Urban,1964,30343.71585
2092,2,1,Suburb,1950,216692.1749
2725,4,3,Suburb,1997,310559.5802
2714,3,2,Suburb,2002,317897.9388
1574,3,2,Suburb,1993,163460.5115
2091,5,1,Urban,2000,151205.3467
2741,2,2,Rural,1954,222086.6259
1911,3,2,Rural,1980,181543.3382
2431,5,1,Rural,1971,263481.0383
1517,2,2,Suburb,1956,199789.0295
2142,5,3,Suburb,1979,237249.2196
2848,3,2,Suburb,1989,260008.6037
2054,5,3,Rural,1986,186000.9446
2541,5,3,Suburb,1967,302010.217
1482,3,1,Urban,2011,180855.8512
1206,3,1,Rural,1951,118103.1986
1668,5,1,Urban,1983,169174.4953
1578,3,2,Suburb,1973,166792.352
2994,4,1,Suburb,1993,411973.1205
1386,4,3,Suburb,1959,122858.9155
1411,4,1,Rural,2009,83306.48872
2865,2,3,Urban,1980,286774.0224
2393,4,3,Urban,1956,285465.9476
2376,4,2,Rural,1998,228110.7834
2967,4,3,Rural,1991,369236.9466
2359,3,2,Urban,2000,184374.1748
1890,3,2,Rural,1960,196772.9871
1905,3,1,Rural,2005,203622.1792
2312,3,2,Rural,2007,263672.4579
1962,3,3,Suburb,1971,216909.1163
1964,4,3,Suburb,1951,209411.198
1139,4,3,Suburb,1953,98515.15087
2976,3,3,Urban,1982,327435.5501
1299,5,3,Rural,2008,95320.57819
2036,3,1,Suburb,1950,149329.4484
1663,4,1,Urban,1995,139988.3907
2451,4,2,Suburb,1992,236542.8979
1824,3,3,Urban,1951,212716.9284
2887,2,3,Rural,1996,392138.4175
1399,5,2,Rural,2006,170665.1619
1991,3,1,Rural,2003,224517.3891
2132,4,2,Suburb,1970,220248.5163
2508,5,3,Urban,1965,306580.8719
2911,2,1,Rural,2010,283327.7125
2379,5,2,Urban,1984,220411.9603
1148,3,2,Urban,2007,105621.7504
2902,4,3,Urban,2020,296701.6998
2739,4,3,Rural,1990,361312.0734
1306,4,1,Rural,1989,162788.6746
2556,5,3,Rural,2002,352004.2242
2083,3,2,Rural,1953,212769.0631
1434,3,3,Rural,1985,189957.1252
1020,5,2,Rural,1964,144367.7436
1874,5,3,Rural,2014,159777.3391
1381,2,1,Rural,1977,173593.7239
1244,4,1,Suburb,1969,122024.8987
2925,5,1,Urban,2005,348397.2316
2096,4,3,Urban,2014,326971.2943
2472,2,1,Suburb,2011,233260.566
2099,3,2,Rural,2009,213610.6397
1697,4,3,Rural,1952,229368.4563
1589,5,1,Suburb,1966,204362.9173
1389,5,3,Urban,2005,122119.0653
2600,2,3,Suburb,1994,359019.6325
2365,4,2,Rural,2005,201703.9495
2313,3,3,Urban,1986,256102.4523
1567,3,3,Suburb,1984,241407.755
2354,5,3,Urban,2011,247922.7301
1258,2,2,Rural,1992,187191.6724
1425,5,1,Rural,2018,132634.5458
2725,5,1,Rural,2009,293392.1032
2029,5,3,Suburb,2004,202461.8944
1005,5,1,Rural,1967,180080.6467
1190,2,3,Urban,2000,161331.3354
1147,5,1,Urban,1961,122212.7357
1404,4,1,Suburb,1975,143601.9942
1257,5,2,Suburb,1993,208083.2512
1729,5,2,Suburb,2007,244035.6705
2502,3,2,Urban,1980,211125.0535
1089,3,1,Suburb,1983,130917.2209
1823,2,1,Suburb,2017,101486.8856
2887,2,1,Urban,2019,367194.9354
1009,4,1,Suburb,1998,200890.7537
2110,5,2,Rural,2003,194197.1226
2785,3,2,Urban,1985,372365.3377
1837,4,1,Suburb,1980,145933.3293
2174,4,1,Urban,1989,249373.3932
1987,2,2,Rural,2003,229637.0069
1624,3,1,Urban,2006,121294.8396
1029,5,3,Rural,1997,115126.0728
1127,2,2,Suburb,1969,148147.4825
2101,4,2,Rural,1973,138056.9708
1420,4,1,Rural,1986,259200.6534
2078,3,3,Rural,2004,235010.0458
2503,3,1,Rural,1973,200177.7583
1304,5,3,Urban,2019,111673.3949
1545,3,1,Urban,1999,224733.3643
2128,3,2,Rural,1962,267618.281
2195,2,2,Suburb,2009,257476.4138
2522,2,3,Urban,1995,235464.9568
1021,5,3,Rural,1995,139005.941
2310,2,1,Rural,1987,245599.5849
1390,5,2,Urban,2007,183616.4712
1616,2,1,Suburb,1970,236942.9175
1148,4,1,Rural,1950,202668.5667
2295,2,2,Suburb,1972,199358.8223
2811,5,3,Rural,1988,297154.8038
1298,2,2,Rural,1998,189231.0412
1171,3,2,Suburb,1952,155645.2947
1046,4,3,Urban,1961,300139.6732
1625,2,2,Suburb,1978,206439.3437
2810,4,3,Suburb,1969,344254.896
2839,4,2,Rural,2013,350540.6651
1206,4,3,Urban,1991,123292.369
1452,4,3,Suburb,1985,177968.8168
2418,3,1,Urban,1981,224402.0161
2998,3,2,Urban,1995,468493.8778
1924,5,1,Urban,2000,131062.122
1753,5,2,Suburb,1982,201185.2454
2324,5,1,Rural,2007,364614.9983
1707,5,1,Urban,1957,156978.9857
2008,4,1,Rural,2017,312874.1494
1675,4,1,Rural,2006,145954.1893
2199,4,1,Suburb,1995,180855.2177
1854,3,2,Suburb,2004,287229.0488
1782,3,1,Suburb,1981,176843.6268
2133,4,1,Suburb,1968,200681.8356
1683,4,2,Rural,1957,129333.6559
1962,4,3,Rural,1986,317796.7315
1863,4,2,Suburb,2007,277394.0015
2225,3,3,Rural,1986,220011.5858
1167,2,2,Suburb,1979,169974.6943
2637,5,1,Rural,1961,272744.83
1085,5,3,Rural,2007,96521.12526
2677,2,1,Suburb,1971,314579.1062
2982,3,3,Suburb,1972,306325.1662
1848,3,1,Rural,2015,199233.3135
2748,2,3,Rural,1985,348546.1303
2074,5,1,Suburb,2001,238530.7123
2135,5,3,Rural,2008,198322.4169
2486,2,3,Urban,2009,279048.2446
1441,2,1,Urban,2013,49762.91433
1270,4,2,Urban,1981,157515.5562
2600,2,2,Suburb,1998,285816.0664
1343,2,1,Suburb,2015,99382.86752
2206,5,1,Urban,1953,288022.796
1502,4,2,Rural,1957,144291.4837
2867,4,3,Rural,2014,312205.7018
2033,5,1,Suburb,1958,216249.6915
1493,5,1,Suburb,1976,237844.4154
2257,3,1,Suburb,1977,171601.3933
2321,4,1,Urban,1950,250632.3888
1243,2,2,Urban,1991,107993.4449
2532,4,2,Urban,1955,370186.2863
2374,3,1,Suburb,1984,252906.5278
1266,2,2,Urban,1964,86500.83236
2653,3,2,Rural,1959,262322.9103
2679,5,2,Urban,1995,359693.5568
1892,3,3,Suburb,2014,235200.5254
1200,5,1,Urban,1969,111211.7198
1238,3,1,Urban,1979,115360.3083
2357,5,1,Rural,1991,317845.9857
1914,4,1,Urban,1959,138969.7825
2438,5,2,Urban,2001,310370.7106
1968,4,2,Suburb,1972,229765.3735
1483,5,3,Rural,1969,133119.89
2460,3,1,Rural,1983,283572.8134
1245,3,3,Urban,1987,106053.5114
2881,3,3,Rural,1950,231112.0793
2031,5,3,Suburb,1968,224099.554
1151,5,3,Rural,2013,133317.3504
2415,3,2,Urban,1991,341944.9854
1210,4,3,Urban,1994,96198.83897
1366,5,2,Urban,1994,74619.25611
1943,4,2,Suburb,1966,146551.533
2693,5,3,Suburb,2014,301804.1135
2593,3,1,Rural,2009,227798.28
1085,4,2,Urban,2002,72238.22106
2078,2,1,Suburb,1982,206072.2851
2736,5,2,Suburb,1979,278152.8131
2657,4,2,Rural,1963,332761.3102
1445,3,3,Urban,1989,211334.3524
1619,4,3,Rural,2003,167243.5593
1303,2,1,Urban,2020,136895.1944
1131,2,2,Urban,1970,236694.6913
2444,4,1,Rural,1999,398842.1691
1903,2,3,Suburb,2002,340654.8767
2408,5,3,Urban,1957,285041.3591
1987,2,1,Urban,1991,197717.0737
2221,4,1,Suburb,1965,179338.837
1046,4,2,Suburb,1997,180963.4946
2763,5,1,Rural,1976,324711.3423
1756,5,1,Suburb,2005,171780.0882
2226,4,3,Suburb,1993,269637.4471
2284,3,3,Rural,1968,224572.8379
1689,5,1,Rural,1982,157798.8951
2047,3,3,Rural,1981,251686.9659
1686,2,3,Urban,1976,267985.9532
1785,2,3,Urban,1974,271802.7003
1339,5,3,Urban,2008,63414.71357
1411,5,2,Suburb,1983,193942.9148
2996,4,2,Suburb,2021,327147.003
2284,2,1,Rural,2006,242151.4286
1285,5,2,Rural,2010,161463.9243
2536,4,1,Urban,2020,264395.3805
2109,3,2,Urban,2009,112692.0798
1849,4,2,Suburb,2007,240025.7632
1429,2,1,Urban,1967,199016.8798
2604,4,1,Rural,1951,308741.4544
1030,4,1,Urban,1961,119228.8312
2733,5,3,Rural,1950,235746.4451
1602,4,3,Urban,2017,199212.6473
1439,2,3,Rural,2020,150940.8101
1984,4,1,Rural,1973,338342.6812
2372,4,3,Rural,2010,240613.7674
2918,2,2,Suburb,1989,384502.3631
1411,3,2,Suburb,1979,152691.354
1527,3,2,Suburb,2001,105456.5339
1309,2,2,Rural,1971,133444.9405
1948,3,3,Urban,2009,221468.9633
2419,4,3,Suburb,1971,248973.6874
2811,5,2,Urban,1969,299547.2002
2361,2,1,Suburb,2002,264137.1353
1673,4,2,Urban,1977,192063.8285
1436,5,2,Urban,1954,213541.1735
1703,4,1,Rural,1993,230610.3293
1662,2,1,Suburb,1995,164028.8552
1364,4,3,Rural,1972,102595.4358
1922,2,1,Rural,1959,208596.2056
1112,4,1,Urban,1956,167424.7982
2808,5,3,Urban,1983,285296.9859
1175,5,3,Urban,1995,128836.7201
2172,5,2,Rural,2000,272438.7021
2201,3,2,Suburb,1968,301331.0899
1935,4,1,Rural,1964,345141.3837
1381,4,3,Suburb,2015,189845.6262
2246,5,1,Rural,1994,261065.4365
2282,2,1,Rural,1974,208831.3348
2808,3,2,Rural,1984,409764.7067
2212,4,1,Rural,1957,352096.7251
1305,4,1,Suburb,1968,169533.2588
2401,3,2,Urban,2018,216601.9074
1601,3,2,Rural,1987,82837.84089
1342,5,3,Urban,1956,163627.0243
2797,3,2,Suburb,1990,254339.2129
1155,5,3,Urban,1961,233655.9018
1711,3,3,Urban,2000,177632.4164
2078,3,2,Rural,1994,266528.9338
2789,4,2,Rural,1982,334772.8992
2465,5,2,Rural,1951,188656.8028
2708,3,1,Urban,1954,292839.3419
2223,3,2,Urban,1999,265394.8547
1402,4,3,Rural,1993,215669.9209
1613,2,3,Urban,1960,69508.7984
1796,4,3,Suburb,1991,334898.4221
2686,5,2,Rural,2017,272063.5704
1622,2,3,Urban,1982,93879.12926
2951,3,3,Suburb,2014,322021.7668
2801,5,1,Suburb,1980,304008.796
1602,2,2,Suburb,1962,155348.1992
1176,5,2,Suburb,1984,147590.7545
1448,4,3,Suburb,1983,248039.086
1742,2,1,Rural,1999,131320.8455
2564,2,3,Suburb,2011,371040.4127
2978,2,1,Urban,1959,365531.9493
1300,3,3,Urban,1958,193917.029
1706,4,3,Suburb,1958,157308.9385
1306,2,2,Suburb,1985,167246.7808
1750,5,1,Rural,2012,300102.6882
1868,3,1,Suburb,1985,240664.9617
2919,4,1,Urban,1989,255137.4275
2290,4,2,Rural,1987,176488.4416
1213,4,2,Urban,1970,69327.2556
2617,4,3,Suburb,1962,358073.3477
2663,3,1,Suburb,1985,231006.5677
1482,4,1,Urban,2013,180659.8692
2285,5,3,Rural,1988,314070.3204
2090,5,3,Rural,2001,260522.3698
2597,5,3,Rural,2010,204405.6942
1132,2,3,Rural,2007,99583.60063
2672,4,1,Rural,1974,305010.5925
2563,5,3,Rural,1995,275324.4278
1511,4,1,Suburb,1984,246970.8119
1210,3,1,Rural,2009,122235.2484
1987,5,1,Urban,1957,255782.725
1986,2,3,Suburb,2010,244280.8112
1716,2,3,Urban,1964,181820.0419
1252,3,3,Rural,1987,147603.8384
1037,5,3,Rural,2002,124399.9949
2066,3,2,Suburb,1990,322934.2212
1628,2,3,Rural,1962,236153.7395
2428,2,2,Suburb,2004,372766.9071
1986,4,3,Suburb,1994,221339.5989
2725,3,2,Rural,2018,202649.0933
1045,2,3,Suburb,2004,12884.88429
2477,5,3,Suburb,1980,215208.0265
2701,5,1,Urban,1961,327645.146
1304,2,2,Urban,1989,189175.5077
2738,3,3,Rural,1968,337065.3545
1232,3,2,Urban,1970,282897.1358
1244,5,1,Rural,1990,89925.7075
2744,2,2,Rural,2016,283611.0666
1759,5,3,Suburb,2008,259181.1654
2318,3,1,Suburb,1956,250598.0533
1838,2,3,Rural,1982,136063.4559
2406,5,1,Urban,1955,311847.4938
1157,2,1,Rural,1951,116620.4059
2428,4,2,Rural,1956,256422.4043
2024,5,3,Suburb,1992,208309.5638
1216,5,3,Suburb,1962,119822.4861
1927,4,1,Suburb,1965,252568.1344
1506,3,3,Urban,1966,238140.6632
1760,5,1,Rural,1957,316975.2696
1903,5,2,Urban,2008,194964.7975
1580,3,1,Suburb,1961,193574.3579
2053,2,3,Urban,1969,273002.9322
1626,4,1,Urban,2014,263753.4452
1519,3,3,Suburb,1954,130386.0245
2904,2,2,Rural,2004,297329.326
1274,4,2,Urban,1997,154794.5596
1491,2,1,Urban,1967,129702.7792
1826,5,2,Rural,1988,187293.0399
1950,4,2,Urban,2021,166122.9737
1925,2,1,Urban,1956,266851.3193
1846,4,3,Rural,1970,201209.0548
2059,2,1,Rural,1950,190474.0873
2334,2,1,Urban,1963,197583.899
2067,5,3,Rural,2001,257371.4245
2178,3,2,Rural,1982,324994.2985
2100,4,1,Urban,1964,227483.7063
2613,5,1,Suburb,1999,296677.763
2636,4,3,Urban,1962,313739.048
2461,3,1,Urban,1982,265865.9567
2455,5,3,Rural,2015,198093.6045
2565,3,1,Suburb,2002,263988.9511
1038,5,1,Suburb,1950,106905.8279
1238,5,3,Suburb,1993,189571.3936
2036,5,3,Rural,2014,259166.1688
1121,5,1,Rural,2012,132963.3355
1143,2,3,Suburb,1965,155304.9982
1683,4,1,Suburb,1968,188520.0459
1454,2,3,Rural,1983,111332.706
1367,2,2,Rural,1988,122821.9203
1758,2,2,Urban,2009,208691.2283
1246,5,2,Urban,1964,125325.6815
1922,5,2,Rural,2001,293199.5115
2068,3,1,Suburb,2000,204158.0875
1764,4,1,Rural,1995,147908.1401
1374,3,2,Suburb,2018,248022.1437
2314,3,2,Rural,1985,271994.5163
1206,4,2,Urban,2003,239024.6992
2947,4,3,Urban,1963,346195.864
1518,3,1,Urban,1953,138252.8367
2981,3,2,Rural,1987,317416.2143
1241,3,2,Rural,2016,122025.4804
2645,5,1,Suburb,1982,352158.2551
2137,4,2,Rural,1989,248793.8072
1818,4,2,Rural,2007,359004.6625
1301,2,1,Urban,1956,158411.2678
2299,5,1,Suburb,2004,392104.6654
2119,5,3,Urban,2019,226979.9333
2317,4,1,Rural,2005,209885.6096
1700,5,2,Urban,1958,225178.8647
2383,3,1,Urban,2020,235505.8162
1287,4,1,Suburb,1999,216726.6217
1153,4,2,Rural,1956,169693.5873
2593,5,1,Suburb,1992,247149.5593
1422,4,3,Urban,1991,178501.8744
2939,5,1,Suburb,2018,409325.5042
1849,5,1,Suburb,2015,263724.5374
1049,5,2,Rural,1983,66732.2073
2230,3,3,Suburb,1988,335253.9268
1563,5,3,Urban,1956,249110.476
1853,5,1,Suburb,1998,243404.2796
1882,2,3,Urban,2020,281641.7983
1661,2,2,Suburb,1999,197050.3845
1564,3,1,Suburb,1987,145104.3968
1212,3,3,Suburb,1957,222364.843
2089,5,2,Rural,1955,182730.0693
2255,2,2,Suburb,1994,204932.6337
2908,3,2,Urban,1983,412409.1822
1810,4,1,Urban,2011,166257.6045
1849,4,2,Rural,1993,234879.8649
2686,5,2,Suburb,2006,316132.3981
2740,2,1,Urban,2009,223871.7072
2343,4,1,Suburb,2006,235119.5833
2790,2,2,Rural,2012,231367.6796
2160,3,1,Suburb,2016,242315.7064
1880,2,3,Suburb,1972,176024.8617
2670,5,1,Urban,2018,344241.0341
2960,2,2,Rural,1968,419421.891
2589,4,1,Rural,1995,264592.9171
2088,2,1,Rural,1965,266942.7795
2537,2,2,Suburb,1973,79968.12803
2155,2,2,Rural,2017,262469.3407
1333,3,1,Urban,1988,216275.6877
1031,5,3,Urban,2014,120795.7575
1867,4,3,Suburb,1968,117006.4106
1897,4,2,Rural,1972,245437.6422
2895,2,3,Rural,1980,327060.4847
2521,2,1,Urban,1956,301751.6122
2266,3,2,Urban,1972,258914.6794
2215,5,1,Suburb,1979,263648.4087
2165,4,3,Suburb,1996,185214.9624
2683,5,3,Urban,1988,341714.226
1600,4,3,Rural,1985,274638.2465
2584,2,2,Rural,1964,216590.4932
2671,3,3,Suburb,1982,287048.8345
1987,3,2,Urban,1984,185254.032
2214,2,2,Urban,1972,214114.2322
2965,2,2,Urban,2007,326172.3148
2172,2,2,Rural,1977,247899.4196
1598,5,2,Rural,1992,170633.9536
2439,2,2,Suburb,1954,333284.7795
1519,5,3,Urban,1963,229915.7205
2758,2,2,Rural,1956,322115.8718
1868,3,1,Rural,2002,297902.3602
1015,5,1,Suburb,1952,125784.2446
2831,3,1,Urban,1962,277049.8043
2129,2,3,Suburb,1952,265726.837
1282,2,2,Rural,2007,130104.1496
2127,4,3,Rural,1984,320916.4247
1360,5,3,Suburb,2006,163218.2754
2681,5,2,Suburb,2017,346236.3451
2058,5,3,Suburb,2001,194094.1276
1112,5,2,Urban,1951,100489.4719
1307,3,2,Suburb,1961,125735.1499
2934,5,2,Suburb,1951,337550.5278
1958,3,1,Suburb,1988,264392.7024
2076,2,2,Rural,2004,311043.4615
2882,3,2,Rural,2000,295003.5239
2104,5,3,Suburb,2013,246116.236
2639,3,1,Rural,1985,268742.8266
1833,5,3,Suburb,1972,215243.7065
2392,3,3,Suburb,2020,235877.3428
1241,4,1,Suburb,2011,83275.99859
1030,5,3,Rural,1964,138525.6229
2852,3,3,Urban,2007,290229.2614
1703,5,2,Urban,1984,242144.9442
1868,2,1,Rural,2016,169316.0741
2384,3,1,Urban,2002,225214.6993
1232,3,1,Urban,1985,154008.745
2633,4,3,Urban,1984,249493.6234
2057,5,3,Suburb,1962,265269.5754
2266,3,1,Suburb,1973,291492.0882
1950,4,3,Urban,2018,197532.8691
1058,4,1,Suburb,1961,39915.07275
1770,4,3,Rural,1978,239499.3825
2552,5,1,Suburb,1952,269752.6501
2101,5,1,Suburb,1981,177217.5514
1717,3,3,Suburb,1970,119634.0073
1301,5,1,Suburb,2007,179836.3005
2701,5,1,Suburb,1990,247245.4728
1802,2,2,Suburb,1956,307463.8288
1896,5,1,Urban,1952,169600.2404
1111,2,1,Urban,2021,143805.739
2436,3,2,Suburb,1956,273064.9298
2923,4,1,Suburb,1965,245412.4784
1316,2,1,Suburb,1970,221121.3095
2888,3,2,Rural,1964,261597.9917
2168,2,3,Suburb,1986,361709.9899
1667,5,1,Rural,1979,142643.9455
1689,3,3,Suburb,2004,275372.5057
2881,4,1,Suburb,2006,278220.2046
2671,2,1,Urban,1995,340621.1863
2953,5,3,Rural,2020,351559.0209
2850,3,2,Suburb,2021,217702.9976
1017,5,2,Suburb,1996,226939.7787
2374,3,1,Urban,2019,194858.6085
2978,2,2,Urban,2016,315982.455
2178,3,1,Suburb,2008,192574.8612
2807,2,1,Rural,1965,297808.5911
2529,3,3,Urban,1977,316417.3012
1777,5,3,Suburb,2018,197040.6441
1359,5,2,Suburb,1979,100378.0321
1331,2,3,Rural,1999,121367.5938
2941,4,1,Urban,2007,325505.7059
1527,2,2,Rural,1961,120525.1859
1011,5,3,Suburb,1990,174492.2705
2098,3,2,Urban,1951,179965.6937
1211,4,2,Suburb,1971,176004.4977
2714,5,1,Suburb,1986,268001.4335
1640,4,2,Suburb,2009,311259.8466
1282,2,1,Rural,2002,169843.6017
2218,5,1,Urban,1999,299257.4559
1779,2,2,Urban,1954,175027.1745
2053,5,3,Rural,1993,283322.2529
2032,5,3,Suburb,1952,236999.8027
2332,2,2,Urban,2000,242699.7046
2468,5,1,Rural,1978,299256.3768
2333,4,1,Rural,1957,191300.9449
1676,4,2,Suburb,1994,168200.0204
1704,2,2,Urban,1977,153915.8557
1425,3,3,Urban,1956,268175.8549
2840,4,1,Rural,1955,378313.9223
2795,5,1,Urban,2001,274257.6431
2727,2,2,Rural,1955,325462.2171
1590,3,1,Suburb,1971,158391.6759
2714,2,2,Suburb,1972,324686.627
1090,4,1,Urban,2009,184282.9582
1455,5,3,Suburb,1982,167900.8244
1443,4,1,Urban,1964,130655.3628
2750,2,2,Rural,1960,299410.3415
1078,5,2,Urban,1970,137401.6016
2498,3,1,Suburb,1961,279313.1525
1926,4,3,Suburb,1962,253730.3414
1102,2,3,Urban,1989,145419.3121
1622,5,3,Suburb,2001,231233.6387
2479,2,2,Urban,1973,252751.9547
1989,3,2,Urban,1999,228248.4388
2337,3,3,Rural,1952,219664.3067
2270,4,1,Suburb,2007,227418.9775
1233,3,1,Suburb,1985,183442.7284
2617,3,1,Suburb,2004,176525.3105
1643,4,1,Urban,1976,250958.4645
2258,2,2,Rural,1959,251881.2232
1789,4,3,Urban,1972,155791.6397
1386,4,3,Suburb,2002,204969.8967
1846,5,1,Urban,1988,229303.7629
2634,3,3,Suburb,2009,313162.5605
2966,3,2,Urban,1961,328655.8428
1037,2,1,Urban,1967,85528.73197
2184,3,3,Suburb,1951,230856.0241
2485,2,2,Urban,1990,271800.3884
2967,5,3,Suburb,2017,361142.4171
2472,2,2,Urban,1990,237016.1133
2140,2,3,Urban,1968,208107.921
1240,5,3,Suburb,1999,223259.7558
2049,4,2,Suburb,1974,242754.8999
2671,5,3,Suburb,1994,310637.3599
1561,3,1,Suburb,2010,280123.1793
2999,3,3,Suburb,1989,362154.4711
1805,5,3,Urban,2014,303720.5785
2929,2,2,Urban,1980,340780.0288
1297,5,1,Rural,2017,180576.4542
1804,3,3,Rural,1969,311403.3286
1153,5,3,Rural,1998,114627.0547
1731,2,3,Suburb,1951,138494.5336
2675,3,3,Suburb,1957,341510.9548
1467,4,2,Urban,1958,159068.1378
1048,5,3,Urban,1975,158301.124
2677,5,2,Urban,2007,312459.2697
1045,5,1,Suburb,1956,113511.3128
2698,5,2,Rural,1979,276868.5936
2308,3,1,Suburb,1994,256721.9296
1779,2,1,Rural,1959,166955.2173
2651,4,1,Urban,2014,316668.8332
1081,5,3,Urban,2006,155291.5218
2067,3,2,Rural,2009,295618.7018
2729,5,1,Suburb,1952,298408.7992
2793,4,2,Urban,1995,344846.7279
1954,5,1,Rural,1981,256087.298
1272,2,1,Suburb,2017,185350.4127
1393,5,1,Rural,1979,206914.3909
2809,5,3,Urban,1991,306139.3223
1789,5,2,Suburb,1968,166187.9231
1594,2,3,Urban,1989,188257.3604
1057,3,2,Suburb,2012,161834.4587
1564,2,1,Urban,1980,121769.8076
1000,3,2,Suburb,1954,156127.4744
1215,2,2,Rural,2017,124777.5176
2340,2,2,Urban,2004,300033.473
2251,5,3,Urban,2015,275702.6066
2496,2,1,Urban,2013,332357.4156
2507,3,2,Urban,1998,360171.8847
1765,3,2,Rural,2011,150117.9028
1670,3,2,Rural,2014,150372.5999
2310,3,1,Suburb,1970,278308.4244
1510,2,2,Suburb,1957,204183.5121
2601,5,2,Rural,1955,283696.7415
1914,4,1,Suburb,1992,218834.7633
2844,3,3,Urban,2003,262628.0831
2995,2,2,Suburb,1967,277937.1047
2481,5,2,Suburb,1986,273610.411
1094,2,1,Suburb,1956,201133.4655
1492,3,2,Rural,1989,134827.5671
1764,3,1,Suburb,1983,237285.5851
2021,5,3,Urban,1988,242060.1609
1149,2,1,Urban,2017,226664.1529
2046,3,2,Suburb,2009,213479.5599
1755,3,1,Urban,1996,215002.1592
2238,4,1,Suburb,1965,234281.269
1398,4,1,Suburb,2000,170696.0685
1409,3,1,Urban,1956,219383.0913
1130,4,3,Rural,1955,38002.23473
1854,4,1,Urban,1976,287593.6757
1147,3,1,Suburb,1959,116064.8343
1380,2,2,Suburb,2010,111341.7514
2132,2,2,Urban,1970,351349.5117
1551,2,1,Urban,2021,170563.0152
2144,5,1,Rural,2013,282363.1933
1294,2,3,Suburb,1968,155377.2759
2143,5,2,Urban,1979,262145.2611
1455,5,3,Urban,2019,156314.2739
2553,4,1,Rural,2006,339941.8119
1168,5,3,Urban,1979,270140.9103
1709,5,3,Rural,1993,173449.7882
2946,5,2,Urban,2016,424519.2549
2166,5,2,Rural,1962,277431.5369
1036,4,2,Suburb,1967,79183.7046
2721,3,2,Suburb,1957,223185.0373
2284,5,1,Rural,1981,308376.0826
1230,3,2,Suburb,1953,116282.0096
1253,2,1,Suburb,1992,160505.717
1328,2,2,Urban,1997,186963.8433
2926,3,1,Suburb,2002,385752.6295
2320,3,3,Rural,2005,239100.2881
1979,2,2,Rural,1962,200709.569
1009,4,2,Suburb,2014,175135.7193
1445,4,3,Rural,2000,191703.0762
1921,5,2,Urban,1996,242045.2505
1835,4,1,Urban,1967,217624.9035
2253,4,3,Rural,2002,237564.1999
2559,5,2,Suburb,2000,332855.2282
1077,5,2,Urban,1987,177638.7185
2448,4,1,Urban,1967,363683.6874
1192,3,2,Suburb,2008,94963.8643
1400,5,1,Suburb,2014,215732.468
1108,3,2,Urban,2017,141487.4028
1791,2,3,Suburb,1982,305027.9441
2946,5,1,Rural,1976,327573.2729
1262,3,1,Urban,1951,163718.7771
1328,5,2,Suburb,2018,126153.5413
1362,5,1,Suburb,1992,159056.6234
2890,5,1,Urban,2012,395947.6956
2401,5,3,Suburb,2002,262828.3904
2803,3,1,Suburb,2000,307473.0906
2364,3,3,Suburb,1992,274723.6061
1258,3,1,Urban,1964,144958.1731
2358,2,3,Rural,1971,282937.4412
1084,5,3,Suburb,1968,192598.8792
2545,5,3,Urban,1953,348187.307
2824,3,3,Urban,1969,324415.4454
2837,3,3,Rural,1972,289816.6285
2594,5,2,Suburb,1994,290225.1274
1307,5,1,Urban,2007,250183.7077
1261,2,2,Suburb,2019,86340.92477
2921,5,1,Suburb,1997,358975.4729
1796,3,1,Urban,1998,183790.5432
1630,2,3,Rural,1987,121378.9088
1679,4,1,Urban,1970,149403.9318
1864,4,2,Suburb,1974,215405.0515
2724,5,1,Rural,1978,345887.7274
2475,3,1,Urban,1990,316663.621
2274,5,2,Suburb,1973,361524.133
1323,3,2,Suburb,1964,77845.32587
1924,3,2,Urban,1955,250455.3852
2252,3,3,Rural,1956,144197.1783
2725,4,3,Urban,2003,323338.0019
2851,5,1,Suburb,2003,378603.5566
2659,5,1,Suburb,1978,357791.0684
2619,4,3,Urban,2006,237182.9547
2320,3,2,Urban,1993,151806.8064
1726,2,2,Rural,2015,120638.991
2260,2,2,Suburb,1963,175195.6544
1977,4,3,Suburb,1971,195132.313
2648,2,2,Urban,1964,332063.5986
1216,3,1,Suburb,1999,122475.2795
2856,3,3,Suburb,1997,304698.0537
2269,5,2,Urban,2013,296461.7633
1447,3,1,Urban,1992,162867.264
2870,3,1,Suburb,1962,351053.6445
1318,3,2,Rural,1992,145241.3376
1993,2,3,Urban,1950,180025.7878
2455,2,3,Urban,1988,270517.2248
2427,4,2,Rural,1962,272533.2041
2909,4,3,Suburb,1957,352304.2207
1036,2,1,Suburb,1960,123702.0366
2599,5,2,Rural,2019,257726.2181
1730,5,3,Rural,2017,146563.2242
2365,2,3,Rural,1997,275008.8109
2010,4,3,Urban,1973,193679.2697
2412,5,2,Urban,2013,286119.1716
2057,3,2,Urban,2019,243454.8757
1038,5,1,Rural,1966,202848.1738
2602,5,2,Rural,1964,305230.1571
1208,5,2,Suburb,1962,152217.8979
1829,4,3,Rural,1957,189548.2933
1855,4,3,Suburb,1987,240357.9962
2175,2,2,Urban,1958,226301.8595
1898,5,3,Suburb,2016,177921.2891
2388,4,3,Rural,1989,208647.7633
2222,4,2,Urban,2008,209843.9449
1600,2,2,Suburb,1962,132400.4774
1759,3,3,Suburb,1992,229629.546
2858,3,1,Suburb,1979,308434.4169
2102,5,1,Suburb,1961,200750.7727
2500,3,2,Urban,1995,164647.3999
1433,2,1,Urban,1969,116251.543
2820,4,3,Rural,2005,312662.4014
1841,3,3,Urban,1955,231813.1328
1031,5,2,Rural,2009,79725.56974
2110,5,1,Rural,1970,260757.4391
2574,4,3,Urban,1981,297484.6053
1392,5,3,Rural,1953,167285.3398
2636,2,1,Urban,1989,298046.0613
2267,3,3,Suburb,2007,297740.5696
2255,5,3,Rural,1981,276507.2322
1909,3,1,Urban,1996,182986.8431
2603,4,1,Suburb,2001,229151.7822
1191,3,2,Rural,1990,197276.8355
2939,2,1,Suburb,1978,317839.6002
2563,4,2,Suburb,1987,310595.6895
1269,5,1,Suburb,1996,159878.916
2963,4,2,Urban,1959,354087.0314
1737,3,3,Suburb,2017,210586.5479
1076,3,2,Suburb,2014,176786.0175
1734,3,2,Suburb,1981,112840.6142
1883,3,3,Suburb,1982,239607.2622
2190,4,1,Suburb,1980,166861.2542
1283,4,1,Rural,1954,182803.6261
2727,3,2,Suburb,2018,279857.9468
2112,5,1,Rural,1985,215416.532
1543,4,2,Rural,1958,177539.0366
1648,2,3,Rural,1997,228590.3978
2179,4,1,Suburb,1950,230045.5444
1249,2,1,Suburb,1967,114087.4911
1094,5,1,Suburb,1967,235005.0191
1016,2,3,Rural,2011,43643.30691
1116,2,2,Suburb,1967,122382.0179
1982,5,2,Urban,2008,235297.0282
1332,3,3,Urban,1973,153675.5615
2846,4,2,Rural,1998,295300.3002
2545,5,2,Urban,1994,214841.7313
2103,2,3,Urban,1971,266588.5939
1645,3,1,Suburb,1950,184257.921
2455,4,2,Urban,1970,188501.5814
2226,5,3,Rural,1962,156092.7663
1115,4,2,Suburb,2003,122633.6164
1962,3,1,Urban,2002,169522.0747
2243,4,1,Suburb,1996,176115.2847
2276,3,1,Urban,2011,256677.6913
2192,5,1,Suburb,1951,262798.6706
1846,3,1,Urban,2017,179491.7069
1315,5,1,Suburb,1977,153453.8967
2740,3,1,Rural,1979,278130.5792
1809,4,1,Urban,2001,199812.8492
1371,3,2,Rural,1990,205758.1272
1759,3,3,Urban,1972,180861.3731
1876,4,3,Rural,2000,209762.6119
1976,2,2,Suburb,2007,198602.5639
2606,3,3,Urban,2003,277752.3092
1155,5,3,Suburb,1991,124228.4014
1613,3,1,Urban,1952,199282.5382
2036,2,2,Urban,1963,100919.8457
1507,5,1,Rural,1983,270631.6018
1464,4,1,Urban,2016,206761.3026
1782,4,1,Rural,1965,118149.942
1803,4,2,Urban,2017,240154.1517
1219,5,2,Urban,1999,204367.4447
1014,3,2,Urban,2000,142117.9823
2773,5,1,Rural,1957,343899.5691
1116,5,2,Rural,1952,120644.7502
1330,2,1,Rural,2017,229270.9847
1055,5,3,Suburb,1973,176423.067
2374,4,1,Urban,2003,297537.2873
2155,5,3,Suburb,2015,277740.125
2249,2,3,Rural,2003,206108.0372
1307,5,2,Suburb,1988,114913.1311
2498,5,1,Urban,1950,239779.9033
2929,4,2,Rural,1974,343006.0805
1221,5,2,Urban,1986,148838.3274
2196,3,3,Rural,2005,278202.3944
2363,4,3,Suburb,2008,184973.4245
1796,2,1,Rural,1959,196723.3878
2529,2,3,Rural,1960,261008.6218
2844,2,1,Rural,1962,276720.3083
2180,5,1,Rural,1984,260473.0345
1150,3,2,Urban,1998,178777.5256
2720,4,3,Suburb,2003,272206.9544
2201,3,2,Urban,2000,242374.9108
2556,3,3,Suburb,1963,246918.5627
1111,2,3,Suburb,2014,101767.0543
1682,2,2,Urban,1953,236046.2965
2161,3,1,Urban,2014,258021.6634
2256,3,2,Urban,1980,144207.6814
1331,4,3,Suburb,2014,200065.9733
2565,2,2,Suburb,1983,273205.2768
1892,2,2,Urban,2006,185393.1559
2330,5,3,Rural,1958,276982.0377
1160,2,3,Rural,1962,128344.4766
2425,4,1,Rural,1961,248090.9462
2613,5,3,Suburb,1979,320932.3041
1277,4,3,Suburb,2000,231677.1755
2343,2,3,Rural,2006,229293.4778
2556,2,3,Rural,2012,378119.9158
1896,3,3,Urban,1965,184985.1197
1496,3,1,Urban,1953,160604.4647
2386,4,3,Rural,1969,308224.3611
2395,5,2,Rural,1964,297888.2341
2915,2,2,Rural,1964,371275.729
1654,3,3,Suburb,1987,81238.91552
2059,3,2,Suburb,1985,209109.045
1302,2,1,Rural,2000,132167.9881
1437,2,2,Suburb,1974,248869.2408
1725,5,1,Suburb,1954,226780.1691
2055,3,1,Suburb,1952,144948.308
1185,5,2,Rural,2001,176244.2056
2197,5,2,Urban,1982,311926.2378
2589,2,3,Suburb,1974,265490.2834
1672,5,3,Rural,1969,162280.5422
2273,2,3,Urban,1985,257425.644
2000,4,2,Rural,1960,198859.272
2786,5,1,Rural,1999,322213.8617
2958,3,1,Suburb,1989,326790.938
1278,3,3,Rural,1966,193415.6958
1682,4,1,Suburb,2011,183168.0981
2718,4,2,Urban,1988,201462.1629
2025,5,2,Urban,1955,249054.4882
2217,3,1,Suburb,2006,235212.0646
2189,3,2,Urban,1959,249726.5965
2782,2,1,Suburb,1954,276433.8018
2010,2,3,Suburb,2009,216872.6989
1924,3,2,Urban,1956,172904.6006
2779,2,2,Urban,1996,277182.2667
2133,2,3,Rural,1968,247543.8441
1379,2,1,Suburb,1953,111538.0677
1834,4,2,Urban,1993,315716.5371
1998,3,2,Urban,1967,143804.7967
2606,3,1,Urban,1996,242624.0435
2699,3,3,Rural,1977,269235.5505
1284,2,2,Urban,2003,16633.55636
2910,5,3,Urban,1974,363633.9504
1420,5,1,Suburb,1952,182625.2182
1112,2,1,Urban,1957,193790.3881
2017,4,3,Rural,1955,119777.2015
1227,4,1,Suburb,2020,106026.2342
2494,3,3,Urban,2020,209470.2379
2836,5,2,Suburb,1987,368727.4168
1527,4,3,Rural,2007,195357.3699
1495,5,3,Rural,1950,151563.2407
1030,5,3,Rural,1999,126300.635
1161,4,2,Urban,1994,189049.0073
2841,2,1,Urban,1969,262578.7594
1704,3,2,Rural,1997,97486.80251
1721,3,3,Rural,2012,149188.9525
2401,4,2,Urban,2003,238412.9042
1445,2,1,Urban,1972,91383.13202
1743,4,2,Rural,1979,220950.7599
1426,4,3,Rural,2013,306489.0895
2719,5,2,Suburb,2006,321251.6845
1503,5,2,Suburb,1977,219941.6598
2550,3,3,Urban,1966,274971.3452
2967,5,3,Rural,2008,307680.0908
2840,5,1,Urban,1967,361478.774
1720,2,2,Suburb,1958,203777.8709
1683,4,1,Urban,2002,135266.8923
2801,4,3,Urban,1975,346674.0135
2555,2,3,Urban,1965,289201.484
1581,5,1,Urban,1997,255024.7865
2543,5,1,Rural,1952,291175.023
2964,4,2,Rural,2006,296169.2459
2057,3,1,Urban,1973,214308.0847
1735,4,2,Suburb,1954,202657.7438
1690,3,3,Rural,2015,159977.7076
1757,5,3,Urban,2012,152081.7097
2513,3,2,Rural,1989,207690.9617
2795,3,2,Urban,1979,241818.8329
2643,3,3,Rural,1976,296594.696
1753,3,2,Rural,1958,208943.5457
2446,3,1,Urban,1990,285975.4672
2491,4,2,Rural,1978,272553.4054
1023,2,3,Rural,2006,137353.4806
2239,5,2,Urban,2012,266103.9758
1054,4,1,Urban,1979,175890.088
2049,2,2,Urban,1972,221991.0819
2304,4,2,Urban,1999,280484.8078
1803,2,2,Suburb,1970,289300.5565
1326,4,3,Rural,2003,159476.8966
1969,5,2,Urban,1996,312211.1558
1185,5,1,Urban,1951,190507.3102
1494,3,3,Suburb,2011,237828.2096
2035,2,2,Rural,2006,261109.567
2664,4,3,Suburb,1997,223023.1139
2907,3,2,Urban,1958,292817.7443
1433,4,3,Rural,1979,127583.484
2944,5,2,Rural,1983,321616.4141
1207,5,1,Rural,1983,76960.49161
1132,2,3,Rural,2015,231992.086
2362,4,2,Urban,1987,325042.3544
2219,4,2,Suburb,2002,135665.9723
2285,3,2,Rural,2006,251299.714
2305,5,3,Suburb,1973,328915.2132
1368,3,3,Suburb,1964,261391.7243
2126,3,2,Suburb,2013,188722.7662
2655,2,2,Rural,1998,265795.2754
2206,3,2,Urban,2016,286087.8374
1422,2,3,Rural,1951,164319.1519
2032,5,1,Suburb,1956,215051.2424
2580,3,1,Suburb,1985,284087.2358
1243,3,2,Suburb,1956,117643.6051
1781,3,3,Suburb,2018,117756.1128
1623,3,2,Urban,1952,223540.5638
1566,5,2,Rural,2004,180012.9428
2416,2,3,Suburb,2003,233620.2934
1526,5,1,Urban,2021,175917.4191
1036,2,3,Urban,1977,87865.48961
1177,2,2,Rural,2005,90155.67234
1638,3,1,Suburb,1962,71374.8714
2652,3,3,Urban,1954,282857.3321
1851,3,1,Rural,1983,165490.3725
1071,2,3,Rural,2018,84475.60969
1351,4,3,Urban,1955,222630.2623
1622,4,1,Urban,1951,106532.1079
2172,4,1,Suburb,2001,242074.913
2720,5,2,Rural,1964,302688.5467
1104,2,2,Rural,1987,134128.4218
2682,4,1,Suburb,1990,426250.17
1220,2,2,Suburb,2014,38001.85427
2849,2,2,Rural,1986,318095.8109
1862,5,3,Rural,2016,227180.3638
2397,3,2,Suburb,1987,292032.8228
1517,3,3,Urban,1959,142884.0819
2283,5,2,Rural,2005,310165.8286
1298,5,1,Urban,2007,149337.2546
1860,2,3,Rural,1959,228689.4465
1041,4,2,Rural,1999,188108.5345
1770,2,1,Urban,1990,157304.8423
1896,2,3,Suburb,1963,234020.4802
1491,4,2,Suburb,2015,170012.7302
2462,3,1,Rural,1983,293903.1267
2806,2,3,Urban,2007,282529.3477
2070,3,2,Urban,1973,231103.8821
1084,3,2,Urban,1963,172833.8243
2709,3,3,Rural,2020,198354.0919
2081,2,1,Rural,2012,320745.3618
1990,4,3,Urban,1963,213098.5771
1710,4,1,Urban,1955,253014.2893
1208,3,1,Urban,1960,188797.5622
2271,3,3,Urban,1976,255106.5811
2234,4,1,Rural,2003,207348.2115
1038,5,2,Suburb,2002,145253.8345
2275,5,3,Suburb,1974,367715.9819
2666,3,1,Suburb,1985,170069.564
1925,4,2,Suburb,1967,273435.8525
2826,5,1,Suburb,2005,284983.1892
1761,4,3,Suburb,1959,65190.67922
2976,2,2,Urban,2000,223686.2008
2436,3,1,Urban,1987,213546.3775
1945,5,3,Suburb,1970,169817.7182
2469,3,1,Suburb,1982,255113.9051
1051,2,3,Rural,1974,131825.4154
1373,4,2,Rural,2016,200539.9895
2549,3,3,Rural,1968,324366.3138
1930,5,2,Suburb,2005,196566.3524
1155,2,1,Rural,1997,206870.6464
2977,5,1,Rural,1990,364325.4001
2565,4,2,Suburb,2001,370650.5375
2113,5,1,Suburb,1957,270843.2124
2926,5,2,Suburb,1996,290203.2943
1678,5,1,Urban,1989,163004.6728
1350,2,1,Suburb,1994,83273.07367
1068,5,3,Rural,2010,97629.4788
2186,5,3,Suburb,2004,250282.9558
2265,2,3,Urban,2021,212518.827
2518,2,2,Urban,1993,255038.8755
2406,2,3,Rural,1968,285556.1378
2075,4,3,Urban,1971,220254.872
1653,2,3,Rural,2012,343641.7504
1062,4,1,Urban,1952,115234.0459
1508,2,2,Urban,1997,288730.6627
1291,2,3,Suburb,1976,111399.2885
2114,3,3,Urban,1969,200092.537
2687,3,3,Urban,1999,390311.9508
2447,3,1,Suburb,1960,313096.3223
2692,3,2,Suburb,1966,283380.1217
1820,2,3,Urban,1999,158352.6817
2388,2,3,Suburb,1977,309433.9715
1149,4,3,Urban,1999,152952.1283
2863,2,1,Urban,1952,374665.4317
2294,4,1,Urban,2016,203229.7559
1880,5,3,Suburb,1965,210070.8265
2604,5,1,Suburb,1959,320978.6663
2139,2,2,Urban,2003,255487.0927
1703,5,3,Suburb,2015,164612.1939
1515,2,2,Rural,1998,184382.9012
2610,4,2,Suburb,1995,290344.8494
2937,3,2,Suburb,2005,257873.496
2833,5,1,Suburb,1963,380245.4216
2264,2,1,Rural,1965,133139.2847
1029,3,2,Urban,1988,97619.54127
2166,4,1,Urban,2009,286087.8492
1325,2,1,Rural,1990,181635.3507
2718,5,3,Suburb,1972,295319.1113
1948,4,3,Suburb,1978,149247.5221
1015,2,3,Suburb,1960,71706.16304
1110,5,3,Rural,1959,90618.39773
1871,4,2,Suburb,2013,121011.0286
1712,4,1,Rural,1965,274186.8943
1106,3,2,Suburb,1964,233642.0021
1378,3,3,Urban,2005,127154.2531
1161,3,3,Suburb,2012,43750.23736
1282,2,1,Rural,1974,149291.0057
1268,4,1,Urban,1983,154206.3316
1483,3,1,Urban,2017,215729.8148
1666,5,3,Urban,2007,214669.4235
2096,2,1,Rural,1955,229219.6452
2220,3,1,Suburb,1982,186536.264
2266,2,3,Suburb,1968,236884.0068
1597,4,2,Rural,1964,238293.3507
1798,5,2,Suburb,1988,295896.2373
2282,4,3,Rural,1993,265303.5756
1797,5,2,Suburb,2009,232008.9186
2172,4,3,Urban,1995,236702.8706
2890,2,2,Urban,2020,332108.9573
1389,4,1,Rural,1985,82732.19559
1415,5,2,Rural,1983,216070.8155
1425,2,3,Rural,2016,254638.1052
1996,2,3,Urban,2007,213499.7279
2725,5,2,Suburb,1961,321706.2131
2240,5,3,Rural,1990,204696.6966
2951,2,2,Rural,1969,377439.7111
1866,5,3,Urban,1974,205448.0986
1085,4,1,Urban,1968,91132.2184
2239,4,2,Rural,1998,260668.5945
1422,4,2,Urban,1951,145024.7703
2343,2,1,Urban,1970,214182.9972
1117,4,3,Suburb,2012,97934.02339
2949,2,2,Suburb,1962,216201.4527
1958,5,1,Rural,1997,166081.638
1881,4,3,Urban,1990,288736.8636
1991,2,1,Suburb,1980,258465.1789
1414,3,1,Suburb,1972,154674.7353
1598,4,2,Rural,1994,182374.0827
1039,4,3,Urban,1987,65465.20654
2184,2,2,Urban,1961,288006.8848
1702,2,3,Rural,1965,160150.3201
1536,5,3,Rural,1964,222930.1194
1419,2,1,Suburb,2019,135190.2375
1663,5,1,Suburb,1959,157329.7878
1094,3,2,Rural,1995,214519.9499
2465,5,3,Rural,1955,276832.4162
2958,4,1,Rural,1960,361117.5741
2581,2,3,Urban,1952,300197.0023
1972,3,1,Urban,1961,179436.873
1649,3,1,Suburb,1982,239615.8742
2489,2,2,Suburb,1980,213022.6424
1287,4,3,Rural,1989,128062.3156
2888,2,1,Rural,2004,248634.9627
2699,2,3,Rural,1975,280755.9493
1411,2,3,Suburb,1956,162947.789
1399,5,3,Suburb,1959,115379.158
1527,3,1,Suburb,1989,130733.3062
2041,3,3,Rural,1967,220175.5754
1135,4,2,Suburb,1991,193188.9376
2487,3,2,Suburb,1977,222652.9567
1758,2,1,Urban,1956,230750.3774
2271,3,2,Urban,1975,211072.8932
1842,4,2,Rural,1963,233979.3638
1709,5,1,Urban,2016,261595.6652
2024,5,3,Suburb,1982,293620.0387
2725,2,1,Suburb,1957,286538.459
1380,2,1,Urban,1988,155280.2101
1508,3,2,Urban,1992,88974.44758
2483,3,1,Urban,1978,328218.3372
2528,4,3,Suburb,1957,240364.6638
1805,2,1,Suburb,1986,168415.3268
1475,4,1,Rural,1973,197578.6337
2580,5,3,Urban,1963,224340.4002
1953,3,1,Rural,2019,218585.1129
1848,2,3,Rural,1994,289557.5902
1896,3,3,Suburb,2020,270242.0737
1031,2,2,Urban,2016,100708.7739
2927,5,1,Rural,1987,386003.3928
1117,4,3,Rural,2001,157122.1344
2831,2,1,Urban,2007,372658.2176
2207,3,2,Rural,1985,174398.9635
1190,2,2,Suburb,1980,194605.1121
2770,4,2,Urban,1978,349863.6025
2773,5,3,Urban,1963,319935.4189
2751,3,2,Urban,1990,282821.2041
1073,5,1,Urban,1963,52491.4436
1622,5,1,Rural,2000,217878.9765
2126,4,3,Suburb,2006,299193.4564
1870,2,1,Rural,1954,127537.4964
1585,2,3,Suburb,1951,220416.8757
1419,2,2,Suburb,1966,158800.578
1472,2,3,Urban,2011,172156.9722
2787,3,3,Suburb,2006,321875.6866
1113,5,1,Urban,1989,236985.8185
2402,2,1,Rural,1955,253460.7041
2336,5,2,Urban,1968,276703.0062
1329,3,1,Suburb,1997,144104.6137
1338,3,1,Suburb,1975,100188.4004
1237,3,1,Urban,2017,109352.0699
2196,5,1,Rural,1996,239276.3481
1078,2,1,Rural,1955,136760.7907
1463,5,2,Urban,1968,296001.838
2921,2,2,Rural,1965,270225.8122
1604,4,2,Rural,1989,225574.8639
2987,2,2,Rural,1959,371540.4619
2524,2,2,Urban,1970,299189.5024
1561,2,1,Urban,1976,236420.0619
1284,3,3,Suburb,1968,161220.7989
1222,4,2,Suburb,1963,148396.9691
1592,2,3,Suburb,2004,249459.1329
2289,4,2,Urban,2017,216465.4125
2690,5,3,Urban,1983,361271.8608
1372,5,1,Urban,1973,198691.0936
2256,3,1,Urban,1997,329773.2052
1910,5,1,Urban,2020,188609.7457
1827,4,3,Rural,1985,186521.1907
1235,4,2,Suburb,2009,162766.813
1670,4,1,Urban,1958,154787.5959
2940,4,3,Suburb,1967,283459.5271
1827,4,2,Urban,1974,292532.8003
1762,3,1,Suburb,2008,218584.4136
2337,2,2,Urban,2010,279602.1912
2960,5,2,Urban,2020,264793.3092
2965,4,1,Suburb,1957,313818.7747
2836,5,1,Rural,1956,370519.4029
1379,3,2,Urban,1965,210188.6964
1793,3,1,Rural,1999,241675.0578
1613,2,1,Rural,1986,279843.6516
1562,3,1,Suburb,1984,94820.60052
1419,2,3,Urban,1974,204532.6937
1051,4,1,Suburb,1993,142108.3354
2744,3,1,Urban,1999,248482.1368
1818,5,2,Rural,2017,195046.8658
2666,3,2,Rural,1962,306590.0458
2532,3,1,Rural,1952,232934.9486
2805,4,2,Urban,1973,373398.1606
2968,2,3,Urban,2008,335287.4072
1204,2,1,Rural,2004,153045.8197
2000,3,2,Rural,1971,142344.5326
1730,5,2,Rural,1977,219217.9757
1256,3,1,Rural,1994,113861.625
1184,5,2,Urban,1976,111023.7619
1144,4,2,Urban,1992,145986.5966
2713,4,2,Urban,1991,318564.2372
2037,2,1,Suburb,1964,291578.8093
1245,5,1,Rural,1975,167679.7284
1186,3,2,Suburb,1992,210531.5347
2360,3,2,Rural,2005,197927.0364
2282,3,2,Suburb,1987,267240.3234
1865,3,1,Urban,2014,234781.6561
1039,4,2,Rural,1963,108941.8726
1600,5,2,Rural,1971,123552.6967
2660,4,2,Rural,1967,327145.3458
1961,5,3,Urban,2003,281708.1751
2441,2,3,Urban,2008,286109.1569
1985,5,2,Rural,1988,224595.7055
2374,3,2,Suburb,1960,228392.6819
1008,4,3,Urban,1992,142342.0325
1349,3,2,Suburb,1983,217796.714
1083,5,2,Suburb,1956,140464.87
1532,5,1,Urban,1973,182805.1148
1988,2,3,Urban,1960,237992.852
2816,5,3,Urban,1985,229430.4509
1357,5,3,Urban,2015,169052.7955
1377,3,1,Suburb,1994,179105.6545
1171,5,1,Rural,1951,129238.1647
2048,5,3,Rural,1969,287955.7409
1392,4,1,Rural,2004,137753.3318
2126,4,1,Suburb,1986,195765.1463
1701,2,1,Urban,2012,201330.7577
2259,2,2,Suburb,2021,360361.0839
2433,3,3,Rural,1983,250802.1813
2848,3,2,Rural,1982,280611.3703
1548,4,3,Urban,1956,152206.0567
1783,4,1,Suburb,1954,136621.7062
2828,4,3,Rural,2017,254492.2268
1331,2,3,Urban,2010,148893.1696
2687,2,2,Rural,1954,202600.5005
1793,5,2,Urban,1950,252983.6056
2555,2,1,Suburb,2021,357848.9134
1648,5,1,Urban,1993,270155.2509
1982,3,2,Rural,1954,206788.4335
2894,2,3,Rural,2021,330179.7677
2052,3,3,Urban,1960,207889.2478
1542,5,1,Rural,1981,49128.16818
2042,3,1,Rural,2005,247857.3699
2171,3,1,Rural,1969,201718.3639
2494,2,3,Rural,2006,388155.6533
1490,5,3,Urban,1988,150701.5969
1282,5,1,Urban,1985,186409.3995
1861,4,3,Suburb,2008,259434.5721
2876,2,3,Rural,1976,337931.9546
2835,2,3,Suburb,1987,289879.1574
2698,5,3,Urban,1977,346583.8037
1112,2,3,Rural,1993,158750.3899
2478,3,3,Rural,2017,272244.739
2685,4,1,Urban,1999,223480.1761
2353,5,1,Urban,1968,291376.0165
2278,2,2,Urban,2006,311601.3527
2622,2,1,Suburb,2019,326355.0298
2422,3,2,Urban,1973,319103.5328
1861,2,3,Suburb,1974,161607.8619
1609,2,3,Urban,1955,235264.4087
2932,3,3,Suburb,1993,193486.8337
1507,2,1,Rural,2009,170770.5072
2667,4,3,Urban,1987,334778.9161
1465,3,1,Suburb,1986,165025.1717
1823,5,1,Rural,2009,109119.7175
2430,4,1,Urban,1992,256107.4991
1608,2,3,Suburb,1982,219319.4113
2121,3,1,Urban,1985,281198.2781
1289,3,2,Rural,2007,216309.3956
1867,2,2,Rural,1976,181366.2131
2762,5,3,Urban,2007,370318.0911
2680,4,2,Suburb,1973,362083.6111
2179,2,1,Suburb,1975,190994.9565
1781,5,2,Urban,1955,250052.1613
1161,3,3,Suburb,2004,149738.2368
1623,3,2,Suburb,1955,174388.1864
2866,3,2,Rural,1989,315179.3921
2720,2,2,Suburb,1950,326393.0017
1716,5,1,Urban,2012,270093.899
2120,2,1,Rural,1990,219586.7444
2400,2,2,Urban,2001,203845.6542
1566,4,1,Rural,2004,249198.0407
2473,4,2,Suburb,1983,267641.1592
1993,4,2,Urban,1978,200660.619
2140,5,2,Urban,1970,291412.5498
2628,3,3,Suburb,1957,314180.3977
2828,4,3,Rural,1962,317957.724
2987,3,1,Urban,1988,288957.6081
2739,5,3,Urban,2010,297080.5194
2817,4,1,Suburb,1980,328508.5327
2529,4,2,Urban,2010,263984.9718
2212,3,3,Rural,2015,232880.8598
2499,2,2,Rural,1965,225893.3855
2346,5,1,Urban,1976,305308.9132
1595,5,2,Suburb,2001,164076.1082
2993,4,3,Suburb,1966,352758.0912
2203,5,1,Suburb,2010,249716.8084
2809,3,3,Rural,1993,277054.0774
2204,2,3,Rural,2007,333725.0845
1958,2,3,Suburb,1961,221106.1008
2716,5,3,Suburb,1973,246698.195
2012,2,2,Suburb,1981,315768.4789
2818,3,1,Urban,1971,359439.0584
2310,4,3,Urban,1981,237815.5768
1474,4,3,Rural,1972,180908.8939
1617,5,2,Suburb,1965,235247.1218
1640,5,3,Suburb,1977,223919.0572
1261,5,1,Rural,1965,202218.4679
2546,4,3,Suburb,2000,289518.9248
1161,5,3,Rural,2016,129721.0991
2510,2,3,Rural,1951,276614.3096
2982,4,1,Rural,1977,268036.025
1180,3,3,Suburb,1995,129429.6904
1724,5,1,Urban,2019,204861.477
1468,4,1,Suburb,2005,189956.0676
2809,5,3,Suburb,1997,401128.7688
1020,4,2,Rural,2011,78927.91402
2298,4,3,Suburb,2011,338020.4565
1259,4,2,Rural,2019,173769.5986
2356,3,3,Urban,2012,142723.1184
1465,4,2,Rural,1997,235186.4961
2139,2,1,Suburb,2011,222142.7639
2436,5,1,Urban,2002,350283.1017
1536,5,3,Rural,1986,157296.867
1951,5,3,Suburb,1974,209872.9195
2868,4,2,Suburb,1958,352059.2178
1765,5,2,Rural,1971,123537.8795
1958,2,1,Urban,1996,175430.8637
2946,2,2,Suburb,2020,234957.894
2979,2,1,Rural,1958,262086.0112
2746,3,1,Urban,1966,376127.3842
2840,2,2,Suburb,1998,251437.8076
2856,2,3,Suburb,1953,267487.6765
1933,5,2,Urban,1990,85457.23134
1850,4,3,Rural,2012,181817.1535
2971,5,1,Urban,1964,172876.174
2280,3,1,Urban,1973,262716.3169
2191,3,3,Urban,2018,283897.2326
2872,3,1,Urban,1976,329313.8243
1532,2,1,Urban,1978,92130.43147
2621,2,2,Rural,1960,274803.4361
1014,2,2,Rural,1986,139429.7806
1049,4,1,Suburb,1982,108524.2941
1998,5,2,Rural,1974,166130.7297
1303,2,1,Urban,1992,192658.8043
2510,3,1,Urban,1951,210528.2998
1415,4,3,Urban,1994,196157.981
1304,4,2,Suburb,1955,157407.0621
1195,3,2,Rural,1988,214325.2242
2899,2,1,Urban,2016,419984.1121
1812,4,3,Suburb,2020,181813.2195
1799,3,2,Rural,1994,141925.5467
1387,2,2,Suburb,1982,161775.0062
1756,4,1,Rural,1976,200350.1849
2984,4,2,Suburb,2019,355055.7768
2888,5,2,Suburb,1970,281850.4238
1454,5,1,Rural,2011,135612.6262
1712,4,3,Suburb,1990,195502.9424
1704,4,2,Suburb,1965,211485.4192
1847,4,1,Urban,1969,152956.0525
2681,5,1,Urban,1952,291819.6418
2333,2,3,Urban,1965,250367.1993
2150,5,3,Urban,1967,283866.9612
1174,3,1,Rural,1969,131304.6221
2157,4,1,Urban,1979,298625.7603
2089,3,1,Urban,1965,261726.8113
2416,3,2,Urban,1973,175715.9318
2987,3,2,Urban,1950,310067.0959
2388,5,2,Rural,1988,327829.3167
1278,5,2,Suburb,1989,112299.5191
1757,2,3,Suburb,1984,208183.5644
1362,3,2,Rural,2012,175999.2359
2772,3,1,Rural,1986,302333.6676
1170,5,2,Suburb,1962,128947.8336
2074,3,3,Urban,2018,235868.0187
2351,5,1,Urban,1997,236987.1897
2894,4,2,Rural,2001,279389.6473
1664,4,2,Rural,2013,238636.9055
1591,3,1,Rural,1957,161873.2973
1930,2,1,Urban,1963,326025.4033
2168,5,1,Suburb,2008,171858.7632
1273,4,3,Urban,1953,164640.2454
2178,4,3,Suburb,1962,206179.9733
2934,3,3,Rural,1951,356116.1241
1507,5,1,Suburb,1976,121703.0927
2872,3,2,Suburb,1988,364332.9363
1362,5,1,Urban,1966,203300.805
2348,2,2,Urban,2014,200293.057
1847,5,2,Suburb,2019,198012.9468
1654,4,1,Rural,1971,210836.8227
1297,3,3,Urban,1952,203415.5039
1493,5,1,Urban,1969,209206.3648
1545,4,2,Urban,1968,171520.2506
1303,3,1,Urban,1966,255575.3093
2490,3,1,Urban,1953,328671.6441
1903,2,2,Suburb,1985,158692.5757
1238,4,1,Suburb,1957,148722.9165
1649,5,3,Suburb,2016,301664.2786
2789,4,3,Rural,1978,328126.1559
2540,3,3,Urban,1956,281522.2367
1883,2,2,Urban,1991,186220.5007
2199,5,1,Rural,1956,193267.4047
2908,2,1,Rural,1958,299850.5278
1409,2,3,Urban,1975,155061.664
1725,4,2,Urban,1967,125979.841
2387,3,3,Suburb,1957,219378.3661
2046,3,3,Suburb,1978,276233.4309
1317,5,3,Urban,1987,108251.102
1524,2,3,Urban,1974,163739.2156
1904,2,2,Urban,2020,231596.9877
2776,2,2,Rural,2000,319593.1055
2299,4,3,Suburb,1968,337385.2825
2023,3,2,Urban,1958,209506.3788
2627,2,3,Urban,1964,284580.9155
1619,2,3,Rural,2020,267608.2179
1952,3,3,Urban,1961,189373.0408
2252,5,3,Suburb,1968,257990.8503
2687,4,1,Suburb,1987,297565.7528
2131,4,1,Urban,1994,231169.9507
1800,4,3,Urban,1992,260707.3539
1915,3,3,Suburb,2004,96123.9855
2979,4,3,Rural,2011,303198.2105
2199,2,1,Urban,2009,270652.8244
1319,4,1,Urban,1951,111715.4537
2309,3,3,Rural,1989,214529.5583
1875,4,1,Urban,1986,192743.3096
1328,5,1,Rural,1998,234454.5935
2900,5,1,Suburb,1991,329013.2344
1752,3,2,Rural,1992,188967.4164
1656,3,3,Urban,2011,133478.4143
2379,5,1,Urban,2007,278429.522
2037,4,1,Urban,1991,159072.4475
2298,2,2,Rural,1971,138483.0177
1070,3,2,Urban,1954,109525.549
1826,5,2,Urban,1984,97779.51357
2218,4,2,Urban,2008,235270.2117
1864,3,2,Rural,1992,262880.0643
2835,4,2,Suburb,2008,387757.6212
1927,2,2,Rural,1991,252047.6838
2902,3,3,Rural,1992,364253.2629
2546,2,2,Suburb,2001,254397.5461
1105,2,1,Urban,1976,87875.61048
1769,2,1,Urban,1990,216724.2431
1892,5,1,Rural,1962,256990.9127
1195,2,1,Urban,2008,154641.7887
1144,2,2,Suburb,1976,130245.8429
2755,4,3,Urban,2017,241984.1867
2373,5,3,Suburb,1950,170749.2926
2447,5,2,Suburb,1982,277042.5145
1470,5,3,Urban,1993,244296.4239
2709,5,2,Rural,1975,245674.633
1215,2,1,Urban,2014,154616.5862
2116,4,2,Rural,1954,263179.7404
1259,2,3,Urban,2003,167237.8931
1933,2,3,Urban,1995,166168.1381
1574,5,3,Rural,1974,105332.2008
2564,5,2,Urban,2007,242137.8329
2810,3,2,Rural,1979,307413.6239
2882,4,2,Suburb,1979,277438.8892
1284,5,3,Suburb,1991,152196.1387
1483,5,3,Urban,2010,171822.9628
2954,2,3,Rural,2015,297407.8085
1371,2,1,Rural,1981,157963.328
1069,2,2,Suburb,1959,73245.11527
1378,5,2,Suburb,2012,197392.293
2302,4,3,Suburb,1959,209508.88
2766,5,3,Suburb,1967,320751.8889
1301,5,3,Suburb,1985,134675.4863
1254,4,3,Rural,1985,121310.6804
2707,5,1,Suburb,1976,295447.5619
1943,5,3,Suburb,1954,217103.1289
1691,4,3,Suburb,1986,207665.4062
2287,5,3,Urban,1999,280574.9939
2718,3,2,Rural,2016,193878.3433
1833,3,2,Rural,1979,222820.5214
1716,2,3,Rural,1970,209329.5411
1423,5,2,Urban,1991,175903.5908
2784,4,1,Suburb,2015,339646.6846
1212,4,1,Suburb,1965,160594.907
2694,3,1,Rural,1955,224490.9662
2967,2,1,Suburb,1977,387308.4094
1099,5,2,Suburb,2012,163078.8994
2852,4,2,Urban,1987,249127.6443
2135,4,3,Rural,1968,213929.8105
1307,5,1,Rural,2018,134236.3914
1677,2,1,Suburb,1999,202044.0048
1474,3,2,Suburb,1986,207880.9853
2571,5,1,Suburb,2015,292314.5031
1111,5,2,Rural,1951,166895.4472
2110,5,2,Urban,2009,263796.3931
1182,3,1,Suburb,1950,23433.21504
1596,4,3,Suburb,1985,140974.4805
2804,5,2,Suburb,1968,190507.3191
1164,5,2,Rural,1999,108101.0839
1814,5,1,Urban,1995,199667.5275
1089,5,2,Suburb,2001,74892.67252
1454,2,3,Suburb,1984,145113.337
1237,2,1,Suburb,1955,155968.1915
1533,2,2,Rural,1977,178925.5388
2702,4,1,Urban,1977,270151.813
1726,5,3,Suburb,1952,152584.4159
1057,5,1,Suburb,1999,166226.9796
1541,5,3,Rural,1986,222503.5087
2937,5,1,Suburb,1962,384420.4777
2021,3,3,Rural,1982,187916.3918
1617,3,1,Urban,2002,89383.98482
1401,3,1,Rural,2009,178742.2185
2005,5,2,Urban,2000,138154.0503
1841,3,1,Suburb,1965,199656.94
2702,3,2,Urban,1964,236246.2321
2885,4,3,Suburb,2021,309760.5826
2689,4,3,Rural,1961,226261.4337
1838,3,1,Urban,1969,171643.2291
1518,3,2,Suburb,2016,134353.4969
1196,4,2,Rural,1959,152644.9032
2856,3,1,Rural,2020,369093.0685
1045,5,2,Suburb,1959,152094.8586
1529,3,1,Rural,1952,149155.7599
2420,5,1,Suburb,1968,324579.4008
2688,3,1,Rural,2011,304343.007
1999,2,2,Rural,1972,95187.59603
1775,3,1,Urban,1956,167009.3685
1073,2,3,Rural,1951,98629.30736
2439,3,1,Urban,1953,244007.0772
2680,3,2,Suburb,2020,273442.802
2637,5,1,Suburb,2004,276562.838
1334,4,1,Suburb,1975,203570.8591
2870,4,3,Suburb,2004,398898.9174
1632,5,3,Rural,2015,194936.9737
1687,4,2,Suburb,1973,195409.4183
1574,2,1,Rural,1993,233001.3035
1295,2,1,Rural,1993,57171.22746
2107,3,3,Suburb,2018,188178.6826
2038,2,1,Suburb,1983,209223.0387
2890,4,2,Suburb,1981,305444.4579
2157,2,3,Rural,2004,265324.7772
1477,3,3,Rural,2007,148776.346
1632,2,2,Suburb,1964,188979.7697
1318,4,1,Urban,1968,240855.1314
2415,5,2,Urban,1963,311301.548
1478,3,3,Suburb,2015,295676.3926
2663,5,3,Suburb,1994,284518.1487
1367,2,2,Rural,1956,146682.529
1366,3,3,Urban,1997,192069.8741
2311,3,1,Rural,1963,249689.0547
2836,2,3,Suburb,1975,292170.0959
1377,3,2,Rural,1988,127425.309
2715,2,2,Suburb,1966,298558.7421
1462,5,3,Suburb,1963,155449.8774
2617,5,2,Suburb,1953,301479.1581
1012,4,2,Suburb,1966,95814.30249
1535,4,1,Rural,1992,207128.8489
2191,2,3,Rural,1982,203939.3459
1269,2,1,Rural,1968,111132.7857
2994,5,2,Rural,2020,259303.4487
2093,3,2,Urban,2018,297925.553
2341,2,1,Urban,2004,231482.9357
1375,3,3,Rural,1954,176599.8834
2112,4,2,Rural,1998,152326.1841
2724,5,2,Suburb,1989,337151.8948
1256,2,2,Urban,1952,27925.88034
1216,4,3,Urban,2005,231588.5716
1449,2,1,Rural,1980,135106.2407
1893,4,1,Rural,1999,217381.7005
2567,5,3,Rural,1986,278544.2793
2164,2,2,Suburb,1986,232070.6749
2184,2,2,Suburb,1974,216912.7614
1031,3,3,Urban,1974,149591.5026
2847,3,2,Urban,2010,429563.5367
2175,2,1,Suburb,2012,223040.9576
2882,5,1,Suburb,1994,415296.5489
2283,3,2,Rural,2008,302298.241
2751,2,3,Suburb,1959,315189.5829
2302,2,3,Suburb,1987,301876.336
2308,4,2,Rural,1993,351362.2412
1609,5,2,Suburb,1984,96614.71579
1916,3,2,Rural,1967,203902.0233
1541,3,3,Suburb,1974,261053.3016
2625,4,3,Rural,1984,282724.1031
1147,2,3,Urban,2020,118183.0966
1655,3,2,Rural,2001,162647.5459
1066,2,3,Rural,1973,114074.925
2968,3,3,Rural,1986,295188.969
2892,3,1,Rural,1968,312453.9121
1569,2,2,Urban,1984,103149.9021
2963,2,1,Suburb,1995,296079.4182
2816,3,3,Suburb,2002,298593.2561
2302,4,1,Rural,2003,163944.0551
1747,4,1,Rural,2000,187838.7455
1442,4,2,Suburb,2006,208317.618
1896,4,1,Urban,2005,195055.2477
2888,4,2,Rural,1956,278877.2747
1398,2,1,Rural,1998,151295.7218
2151,3,1,Urban,1975,284505.5979
2360,4,3,Rural,1984,282045.3343
1481,5,2,Urban,1977,226582.4593
2744,3,3,Urban,2002,283426.6826
1947,5,3,Suburb,1978,229840.5438
1185,2,2,Urban,1968,165850.7757
1168,3,2,Urban,1978,147056.3604
2707,2,2,Urban,2016,226430.9491
2283,5,2,Rural,1958,233116.2519
2740,3,3,Suburb,1997,215810.2634
2987,3,1,Rural,2004,332471.5429
2670,2,1,Rural,2020,318974.3752
2581,3,2,Suburb,1993,315644.4338
1506,5,3,Suburb,1997,157118.2695
1520,2,2,Urban,1974,127400.01
2494,5,1,Suburb,1987,287713.4331
1160,3,3,Rural,2002,131758.998
2312,5,2,Urban,1970,341261.2901
1339,3,2,Urban,2003,102269.6856
2923,5,2,Suburb,2001,316417.0742
2856,5,2,Rural,1958,267899.7881
2525,4,2,Urban,1950,246085.7702
2129,3,2,Suburb,2019,268426.8386
2825,4,1,Urban,1979,315886.6357
2498,4,3,Suburb,1968,254935.5226
2876,2,3,Rural,1990,403421.3142
2623,2,1,Suburb,2013,266144.1523
2486,5,3,Suburb,2008,305422.2974
2506,3,2,Rural,1972,193333.5636
1703,2,3,Rural,1997,151726.4568
2176,4,1,Suburb,1977,203157.1943
1822,3,1,Suburb,1981,300662.4915
2672,5,2,Rural,1971,246604.4494
1784,5,2,Urban,1966,240799.9636
2172,2,3,Urban,2004,265639.4168
2211,2,2,Suburb,2004,298137.4879
2676,2,3,Rural,1992,263798.7686
1130,5,3,Urban,1989,196245.1084
2475,4,2,Rural,1973,214841.4279
1515,2,3,Urban,2017,180672.1992
2514,5,3,Suburb,1978,350858.9507
2499,3,3,Urban,2007,227840.6639
2286,5,3,Rural,1975,259446.0748
2561,3,1,Urban,2003,332794.589
2482,3,1,Rural,1963,237331.5027
1535,4,1,Suburb,1971,223077.6095
2801,2,3,Suburb,2006,321308.7572
1740,3,2,Suburb,1953,159165.0962
1780,2,1,Rural,2012,160096.2532
2660,5,3,Rural,2001,193679.4861
2707,2,1,Urban,1996,289614.1177
2769,5,1,Rural,1999,297850.9133
2318,3,1,Urban,2002,317692.6805
2938,4,1,Urban,2004,308543.5539
2458,3,3,Urban,1990,249986.8329
2298,5,1,Suburb,2005,236408.9677
1587,3,3,Suburb,1972,137091.8641
2331,4,2,Urban,1985,329098.4137
1725,2,2,Rural,2013,272348.6282
1942,5,1,Rural,1971,184277.4635
1996,2,2,Rural,2006,185151.4431
1375,4,2,Urban,1954,142078.4058
2181,3,3,Urban,2003,212530.3666
2837,4,3,Urban,1989,334037.0929
1203,5,1,Rural,1988,182620.9375
1988,5,2,Suburb,1978,145824.2716
1660,3,2,Rural,2003,280994.8572
1074,5,3,Urban,1993,160486.901
2403,4,1,Suburb,1993,214913.1738
1740,5,2,Rural,1968,156981.8154
1303,2,2,Rural,2021,112107.9021
2085,4,1,Rural,2004,239948.7027
1569,4,3,Urban,1980,312553.0564
1785,5,3,Urban,2017,294259.5559
2131,3,3,Urban,2010,245778.0563
2210,3,2,Suburb,1991,245848.169
1986,3,2,Rural,1953,166448.6492
1228,5,3,Rural,2000,154634.2906
2071,5,3,Rural,1979,260538.0514
2854,5,2,Urban,1975,284625.1698
1267,4,3,Rural,1998,93291.59178
1726,4,2,Suburb,1981,217980.0629
1801,5,3,Suburb,1989,198480.7242
1253,3,3,Suburb,1979,156710.8979
1956,2,2,Rural,1954,266387.9595
1869,3,1,Suburb,1951,181634.7602
1086,4,3,Rural,1983,40275.64667
2204,4,1,Suburb,1980,262530.3134
2048,3,1,Rural,1979,281901.3206
2981,3,3,Suburb,1975,298046.6783
2411,4,3,Suburb,2003,285084.9677
1221,4,1,Suburb,1958,77741.72622
1989,5,1,Rural,1963,120800.486
1396,2,3,Suburb,1980,200712.9596
1937,5,2,Urban,1957,168547.8673
1510,5,3,Suburb,2005,151731.0278
1560,3,2,Suburb,2012,186846.5727
1845,3,1,Suburb,1977,222054.3264
1439,2,1,Suburb,1972,152388.7453
2198,5,1,Suburb,1972,289647.1037
2927,5,3,Suburb,1988,244920.7412
1310,4,2,Rural,2002,157930.6849
2297,4,3,Rural,1971,258808.8329
1034,2,1,Urban,1983,152149.1653
1216,3,3,Urban,1955,108708.2813
1720,4,2,Rural,2008,210219.8176
2695,2,3,Urban,1953,314487.3449
2015,5,3,Suburb,1961,278268.7534
2431,2,2,Rural,1954,357416.3304
1518,2,2,Suburb,2019,119740.6786
1268,4,1,Urban,1974,133153.8483
1637,4,2,Suburb,1954,90683.77769
1474,5,1,Urban,2008,81847.83442
2903,5,3,Rural,2021,347409.6412
2348,5,1,Suburb,1965,279983.7091
2379,2,3,Rural,1988,329663.2479
1089,2,2,Urban,2009,205884.0975
2065,4,1,Suburb,1980,155953.6711
2388,5,1,Urban,2001,235138.5097
2694,4,1,Suburb,2016,318170.2108
2225,5,2,Suburb,1991,296458.0401
2389,5,3,Urban,2011,223115.159
2817,4,1,Rural,1955,237415.408
1981,4,3,Suburb,1972,224407.4701
2867,4,3,Rural,1990,250526.0899
1287,5,3,Rural,2010,176930.7479
2626,2,1,Rural,1955,287592.3948
1480,4,3,Rural,1999,153038.6656
1636,4,1,Suburb,2017,108869.3118
1500,2,3,Rural,2006,163770.5919
2661,2,3,Suburb,2006,329812.7022
1051,3,1,Rural,1984,106600.3918
2939,4,1,Rural,2012,286531.4436
1102,3,2,Urban,1984,71401.13998
2384,3,2,Urban,1966,260810.4023
2447,2,2,Urban,1987,197692.7814
1698,5,3,Suburb,1991,259254.3194
2228,5,2,Rural,1991,251231.2628
2037,2,2,Urban,1974,217946.5585
2963,3,2,Rural,2008,303967.3342
2639,3,3,Suburb,1978,250883.0894
2652,3,2,Suburb,1955,308713.3648
1469,3,1,Suburb,1963,178732.2428
2489,4,3,Urban,1993,381304.6914
2327,3,3,Suburb,1997,271014.0274
2628,2,1,Urban,1984,366119.4755
1426,3,2,Rural,2019,113722.1136
2679,3,2,Suburb,2005,268398.8386
1109,2,1,Urban,1957,160500.8233
2698,3,2,Urban,1979,371782.2226
2588,5,2,Urban,1977,267716.2892
2953,2,2,Urban,1976,266740.5616
1514,4,3,Rural,1994,256344.4608
1067,4,1,Suburb,1965,208364.372
2269,2,2,Urban,1963,155515.0151
1388,4,1,Suburb,2012,208319.7818
2673,4,3,Urban,2009,306643.9406
1307,4,2,Urban,2006,123655.6761
2948,2,1,Urban,2009,293742.8594
2375,3,3,Urban,2000,227357.5367
2822,4,3,Urban,2014,307032.6986
2089,5,1,Suburb,1995,284541.015
1459,3,2,Rural,1971,230396.1987
1346,3,2,Suburb,1973,245102.2727
1324,4,1,Suburb,1999,142747.9301
2956,4,3,Suburb,2015,355115.0144
1666,3,1,Urban,1955,197771.4394
2622,4,1,Suburb,1950,292242.822
2056,2,3,Rural,1986,276131.0728
1067,2,1,Urban,1950,169506.45
1186,4,3,Suburb,1974,153653.2879
1191,3,3,Rural,1999,119745.2017
2236,4,1,Rural,2006,251163.1758
2623,5,1,Suburb,2015,265152.988
1427,2,1,Suburb,1990,161960.5326
2374,3,2,Urban,1955,240927.2373
2131,5,3,Suburb,1993,321331.455
2263,4,3,Urban,2017,282903.6525
1215,2,3,Urban,1987,181402.8327
1176,5,3,Suburb,1965,125155.7819
2588,3,3,Rural,1991,299474.9156
2353,2,2,Rural,2007,259458.4479
1560,4,3,Rural,1996,184204.6343
1880,4,2,Suburb,2014,157564.7377
1625,2,1,Urban,1969,266909.2185
2473,5,1,Rural,2010,321659.8475
1606,2,2,Suburb,1991,202689.6373
2470,2,3,Rural,1976,246771.0482
2560,2,3,Rural,1996,323781.5876
2667,5,3,Rural,1952,349625.3911
1178,2,3,Suburb,1981,104318.8737
1394,3,3,Urban,2020,151225.5436
2168,4,2,Rural,2003,208417.2425
1875,5,2,Suburb,2013,213856.307
1961,3,2,Rural,1967,163514.8289
1197,2,1,Urban,1990,107925.4639
1968,3,1,Urban,1954,144025.2557
2860,5,2,Suburb,1995,313878.8807
2107,4,2,Suburb,2002,255370.9261
1668,5,1,Rural,2000,151900.7449
2108,2,2,Rural,1997,235748.4758
1456,2,1,Suburb,2005,91744.33011
2499,4,1,Rural,1952,221382.4994
2276,5,2,Suburb,1964,286213.6295
2910,5,2,Suburb,1961,313298.7886
1071,5,1,Urban,1983,197883.0811
1222,3,2,Suburb,1952,141118.709
1275,4,3,Urban,2021,164901.0811
2818,5,1,Rural,1992,330612.0665
2799,4,1,Rural,2008,309124.3292
2269,3,3,Rural,1951,252384.4
2364,5,3,Urban,1968,255882.5987
1572,3,3,Suburb,1986,72251.91341
1923,2,2,Suburb,1972,205679.1264
1470,2,3,Rural,1966,116369.9018
1453,2,3,Suburb,1985,178336.6914
2794,4,2,Urban,2013,355510.0449
2988,5,3,Rural,1975,254329.4202
1968,5,1,Urban,2018,272084.5306
1006,3,3,Suburb,1977,128710.7499
1187,3,3,Urban,1974,121926.4312
1003,2,2,Suburb,2008,146619.2791
2766,4,2,Urban,1992,295949.2377
2668,4,3,Urban,1963,277906.4265
1906,3,3,Rural,2008,138959.7276
2148,3,1,Suburb,1964,224219.1129
2038,5,2,Rural,1968,269929.2401
1959,5,1,Rural,1997,188379.4511
1524,3,1,Rural,2005,188862.467
1629,5,3,Rural,2001,130833.9823
2263,3,3,Urban,2010,205257.0091
1774,4,3,Suburb,1979,168760.0229
1359,2,1,Rural,2015,67603.47379
1517,3,1,Urban,1961,162372.5952
2975,3,2,Urban,1957,354618.1713
2343,5,2,Urban,1972,294900.8867
2254,3,2,Rural,1971,242293.583
2969,4,2,Suburb,1975,311358.2394
2053,2,2,Urban,2020,183770.1866
2557,5,2,Suburb,1997,385731.0572
1920,4,1,Suburb,1985,188264.3542
2179,2,3,Urban,1968,243938.5555
2653,5,2,Rural,1961,294840.0081
1851,4,1,Rural,1990,166843.5405
1934,3,1,Rural,2013,165301.2785
2986,5,3,Urban,1990,404711.1562
1900,3,2,Suburb,1952,279075.7216
2728,5,3,Rural,1995,319263.198
1398,2,3,Suburb,2013,126057.459
2369,5,3,Urban,1981,301049.0019
2218,5,2,Suburb,1954,251301.1067
1167,4,2,Urban,1979,96274.39404
1376,5,2,Suburb,1986,190536.8651
2512,2,1,Urban,1960,373939.9104
2774,4,1,Suburb,1956,256161.1344
2385,3,1,Urban,2011,291581.0859
2505,5,2,Suburb,1952,311545.9842
2267,2,3,Rural,1974,329705.4086
2604,2,3,Urban,1986,201798.1886
1606,5,1,Rural,1992,146818.8758
2010,5,3,Urban,1993,229086.3937
1588,3,1,Urban,1957,242498.5834
2194,3,3,Rural,1980,197815.7782
2536,3,2,Suburb,1993,239068.6985
2429,3,1,Suburb,2009,253017.2267
2597,3,1,Suburb,1974,224489.4307
2230,3,3,Suburb,1954,235904.1957
2177,4,2,Suburb,1975,220038.2363
2809,4,2,Suburb,1954,248687.4828
1047,2,2,Rural,1963,147101.1868
2672,4,2,Urban,2011,353996.6221
2024,5,1,Urban,2014,233095.9087
2770,5,2,Rural,2013,197752.1417
2928,5,3,Suburb,1980,345502.323
2791,2,1,Suburb,1972,235429.1065
2430,4,3,Rural,1979,237772.8901
2130,5,2,Urban,1974,258832.3833
1172,4,1,Rural,1952,150440.8509
1505,5,3,Suburb,1963,167597.8727
2153,3,2,Urban,1974,172505.2005
1397,4,1,Rural,1991,67221.65427
1293,4,2,Suburb,1988,179086.9077
1551,5,2,Rural,2006,198006.3486
2470,4,2,Rural,1973,338648.6912
1849,3,2,Rural,2002,176614.6538
2039,5,3,Rural,1966,214451.3677
2662,3,2,Rural,1994,215016.0642
1884,5,1,Urban,2011,209676.6145
2372,4,3,Urban,1960,295431.8144
2003,5,2,Rural,1963,218859.712
2226,2,1,Urban,1961,243241.1254
1133,5,1,Suburb,1956,210375.812
1770,4,3,Rural,1982,201977.4915
2549,3,3,Urban,1994,315828.1694
1507,3,3,Rural,1997,156189.6491
2089,2,3,Rural,2002,222938.4894
1479,5,2,Suburb,1998,155145.6556
1862,5,3,Urban,1967,303568.9538
1458,3,3,Urban,1986,233708.2885
2365,3,1,Rural,1953,259293.9249
2730,4,3,Suburb,1984,327350.1323
1625,2,1,Suburb,2006,226697.5024
1158,3,2,Suburb,2002,221489.1148
1160,5,1,Rural,1965,100258.9352
2277,3,2,Suburb,2016,229674.9311
2920,4,1,Urban,1968,396877.989
1939,5,1,Suburb,1955,225653.2811
2550,4,3,Suburb,1963,290351.7402
2572,4,1,Urban,1993,278913.953
1154,4,2,Urban,2008,169931.6334
1485,2,1,Urban,1962,172840.5274
1431,5,3,Urban,2005,143655.8619
2050,5,3,Suburb,2012,208432.5685
2003,4,2,Suburb,2012,252206.3159
2035,2,3,Urban,1960,218048.3711
1066,3,1,Urban,2010,160659.3076
1541,5,2,Suburb,2016,213765.1244
1095,3,3,Suburb,1978,138726.4883
1214,5,1,Rural,1953,182557.5232
1193,4,3,Urban,1989,164753.1113
2670,5,3,Suburb,1965,311856.1723
2313,4,2,Suburb,2012,188408.248
2567,5,2,Urban,1974,272837.3727
1884,4,2,Urban,1984,185298.0432
1038,3,1,Urban,2001,132657.8775
2887,3,3,Rural,1955,368651.0446
1938,3,2,Rural,1962,246797.1944
1938,5,1,Rural,2010,207621.6263
1205,2,1,Rural,1952,194489.5881
2922,3,1,Urban,1970,302453.069
1941,5,3,Rural,2018,218714.08
2951,4,2,Urban,2017,363214.0195
1554,2,3,Urban,1954,156195.4702
1483,2,1,Suburb,1952,148450.156
2360,2,3,Suburb,1996,283093.0655
2519,3,2,Urban,1997,256197.7812
1770,3,1,Rural,1994,259946.9308
1248,3,3,Rural,1986,201031.925
2097,3,2,Urban,1953,193337.8271
1372,4,2,Rural,1984,110224.9436
2854,5,2,Rural,1951,290277.3943
1878,2,2,Rural,1996,311098.2224
2831,5,1,Rural,2010,341158.0397
2809,2,1,Rural,1955,246570.2326
1834,2,3,Suburb,1990,279320.1645
1870,2,2,Urban,1966,303578.3145
1701,2,2,Suburb,1959,206906.6843
1137,4,1,Rural,2019,40765.08825
1947,4,3,Rural,2012,228864.3435
1456,2,3,Urban,1994,187125.0086
1813,2,1,Suburb,1961,290191.1885
1822,3,1,Urban,1998,226309.2614
1941,2,1,Suburb,1951,224112.0254
2866,5,1,Suburb,1966,343940.2417
1443,4,1,Rural,2008,249286.3844
1352,5,1,Rural,1956,145159.6249
1995,3,3,Rural,1969,253406.1805
1793,4,1,Suburb,2009,216898.8409
1410,3,1,Urban,2010,116866.7301
1677,3,3,Suburb,2010,140163.8403
2813,5,3,Suburb,1965,327337.1378
2561,2,2,Urban,1966,266594.2984
1452,4,2,Suburb,1970,123510.2274
1418,4,3,Urban,1992,183250.108
1449,2,1,Rural,1950,202789.8798
1994,5,3,Urban,1960,200162.0052
2608,3,1,Rural,1980,246470.7702
2138,5,1,Suburb,2014,171516.5388
1050,3,1,Suburb,1991,124607.5123
2392,4,3,Rural,1981,311033.6536
2937,2,1,Rural,1956,264574.9571
2706,2,3,Suburb,1982,288428.3848
2803,4,1,Rural,1962,244776.419
2538,3,1,Urban,1956,316087.149
1209,5,3,Rural,1989,106436.6268
1887,3,3,Urban,2018,167897.353
1997,2,1,Urban,1956,262914.8539
2926,5,1,Suburb,1952,362830.8787
1992,5,2,Suburb,1966,316983.6265
2925,3,3,Suburb,1960,447752.2778
1849,3,2,Rural,1951,154728.5581
2836,3,2,Suburb,1979,374780.1853
2918,5,2,Rural,2000,184421.7747
2877,4,3,Urban,2016,289821.0742
1626,5,1,Rural,2003,146583.6426
1678,2,1,Urban,1987,166122.3085
2458,4,3,Urban,1978,291110.4009
1776,4,2,Suburb,2017,151641.1207
2250,3,3,Suburb,1981,265305.1905
1662,5,1,Rural,2000,218456.6186
1267,2,3,Suburb,1965,225167.1323
1115,5,2,Urban,1971,127184.4736
2623,3,3,Rural,2004,304756.8308
2853,5,1,Rural,2006,319936.6273
1753,2,1,Urban,1984,220567.0703
2383,3,1,Suburb,2021,156309.4362
2352,5,2,Rural,1991,334614.8022
2868,2,1,Rural,2001,231543.0125
2063,2,1,Rural,2002,200613.7565
1181,3,3,Suburb,2019,148999.8509
2513,3,3,Rural,1964,337333.9693
2232,4,2,Urban,1970,243219.7381
1902,4,2,Suburb,1962,187466.7164
2296,2,3,Urban,2019,291935.2674
2142,3,1,Rural,2016,327632.2124
2405,3,3,Suburb,1997,251291.2816
1945,5,3,Rural,1954,179717.026
2559,5,1,Urban,1990,210848.8677
1257,5,3,Rural,1997,86912.13642
2506,5,3,Suburb,2021,298109.7136
1508,4,1,Rural,1992,159737.4368
1091,5,1,Urban,1965,177821.9747
2184,3,2,Suburb,1961,221219.7138
1148,2,2,Suburb,1958,30354.73581
1116,2,3,Suburb,1968,115562.1647
1457,2,2,Rural,1992,144047.107
1564,4,1,Urban,1972,189562.5568
1813,2,1,Rural,1965,172335.8357
1044,4,2,Suburb,1977,119609.5787
2800,4,1,Suburb,1961,264244.4316
1773,2,1,Rural,1970,102301.1198
2842,4,3,Urban,2008,367947.9502
1233,5,1,Urban,1980,92816.37731
2398,5,3,Suburb,1993,225053.2047
2570,5,1,Urban,1996,393573.6767
2873,4,3,Rural,1962,290751.0271
2972,5,2,Suburb,1967,285935.9851
2938,2,3,Rural,1985,367559.7529
1196,2,1,Suburb,1985,33564.68676
1024,4,3,Suburb,1953,4295.932176
1394,4,3,Rural,2004,145189.0834
1713,5,3,Suburb,1972,224366.921
2808,3,2,Urban,2017,387406.0123
2059,2,1,Suburb,1968,255862.9146
2497,3,3,Urban,2000,332289.749
1222,5,2,Suburb,1978,187318.6714
1863,4,3,Urban,1986,216855.0115
2812,5,3,Urban,2001,330070.6381
1529,3,1,Rural,1951,172135.1718
2211,5,2,Urban,1954,338906.4753
2425,4,3,Suburb,1978,264299.6149
1256,3,1,Rural,1978,3000.859614
1653,5,3,Suburb,1992,123581.5183
2159,4,1,Suburb,1990,267612.191
2985,5,2,Rural,2004,264255.4103
2842,5,2,Rural,1981,315185.7426
1590,4,2,Suburb,1987,204316.4304
1443,4,3,Suburb,2009,211765.1423
1417,5,2,Urban,1992,189162.9482
2315,2,2,Urban,1960,215069.8321
1573,5,1,Rural,2001,43742.19692
1128,4,2,Urban,1972,89272.1659
2010,2,1,Suburb,1966,158999.7386
1340,4,2,Urban,2018,169507.9471
1809,5,3,Suburb,2011,126736.6296
2280,3,3,Urban,1986,253484.4262
1991,4,2,Suburb,1987,277522.6378
2747,4,1,Rural,1994,292767.8757
2589,3,3,Suburb,2004,323073.8482
2710,4,3,Suburb,1977,249182.571
1099,4,3,Rural,1974,165019.711
1038,4,1,Suburb,1959,112638.9385
2949,3,2,Rural,2015,320041.9086
1262,5,3,Suburb,1953,96774.21096
1149,4,3,Suburb,1968,205967.7956
2656,2,3,Suburb,1996,243045.023
1689,5,3,Rural,1967,211957.7139
1812,5,3,Urban,2011,321146.3497
2353,2,3,Urban,2010,228465.893
2143,2,2,Rural,2013,212772.0458
2607,2,3,Rural,1957,240086.5535
1218,3,3,Suburb,1992,197583.3248
1905,4,3,Rural,1966,265380.2309
2933,5,2,Rural,1989,388736.4248
2837,2,1,Suburb,1964,381359.4826
2146,4,1,Urban,1996,168556.8568
1243,4,3,Suburb,1998,150993.6268
1885,3,2,Suburb,1999,192035.7862
1586,5,2,Urban,1980,143380.7254
1517,4,1,Urban,1975,211343.2619
2044,2,1,Suburb,2007,186838.7692
1189,2,2,Rural,1961,214019.6251
2248,3,3,Rural,1991,285628.4235
1914,2,2,Urban,1991,158596.3265
1614,2,1,Suburb,1996,173952.6306
1855,3,2,Rural,1953,235540.9255
1465,3,3,Suburb,2017,239849.6554
1098,2,3,Urban,1979,55728.20815
1829,5,1,Suburb,1989,249077.1361
2386,5,2,Urban,1999,315411.6724
1996,3,2,Urban,1958,230579.2692
2106,5,3,Rural,1982,309076.8706
2716,5,2,Urban,2001,213554.8114
2687,5,3,Urban,1994,289559.2518
1055,3,3,Rural,1952,82931.24845
2725,5,2,Rural,1951,302583.4923
2953,2,1,Urban,1953,316454.1378
2045,2,2,Rural,2006,228335.307
1579,3,2,Suburb,2010,100869.626
1184,5,1,Suburb,1960,209497.0059
1521,4,2,Urban,1970,192447.966
2601,4,3,Rural,2003,277751.3953
1263,2,2,Suburb,1984,88415.73424
2248,2,3,Rural,1991,306053.2141
2658,4,1,Suburb,1958,395697.532
2061,3,2,Suburb,1963,334586.6299
2002,5,2,Urban,1951,244752.6882
1122,4,1,Rural,2010,188133.44
2853,5,1,Rural,1964,339219.5643
2179,4,3,Urban,1960,206752.8544
2929,2,1,Rural,2006,339107.9803
1300,5,3,Rural,2016,223404.9234
1832,3,1,Suburb,1956,112456.7827
2090,5,3,Suburb,1950,195023.0275
2928,5,1,Rural,2000,276587.6549
1644,4,3,Rural,1990,224776.2817
1873,3,3,Rural,2009,141142.7438
1393,2,2,Suburb,1968,140191.6842
2675,5,3,Suburb,2011,303575.9078
2617,5,2,Suburb,1979,254930.0936
2593,4,2,Urban,1965,311939.8395
1660,2,1,Urban,1967,224706.7948
2428,4,2,Rural,1980,171696.6975
2472,3,3,Rural,1984,238415.0479
2154,2,1,Suburb,1977,247421.3216
1068,3,3,Rural,1961,206793.5295
2368,4,2,Urban,1973,283885.5675
1761,2,2,Urban,1990,193399.9235
1319,3,2,Rural,2018,91538.4503
1176,3,2,Suburb,2011,160579.5245
1583,4,3,Rural,2015,199705.4561
2552,2,3,Urban,2001,334794.6241
2864,3,1,Rural,1976,338439.7798
2183,5,1,Urban,2006,220542.9896
1581,2,3,Suburb,1973,267993.7387
2648,2,3,Suburb,2017,282369.7707
2767,5,2,Suburb,2013,301648.9513
2556,2,2,Suburb,1969,325390.7541
2158,2,1,Suburb,1958,237225.2007
2798,5,1,Rural,2012,304545.0653
1110,4,1,Urban,1974,120868.1463
1998,3,3,Suburb,2010,177953.5796
1757,5,1,Suburb,1991,222989.8551
1282,2,3,Urban,1952,120383.5111
2543,3,3,Rural,2006,238522.8848
2992,3,1,Urban,2010,327872.3448
2819,3,3,Rural,1958,294681.9556
2742,4,3,Urban,1992,359562.447
1193,2,1,Rural,1992,220420.925
1966,2,1,Suburb,1972,165126.0503
2070,3,1,Rural,1966,213054.0499
1977,3,1,Rural,1962,201177.8093
1341,4,2,Urban,1969,144918.8422
2265,4,2,Suburb,1999,242474.0514
1521,3,2,Rural,1967,178059.1534
2393,2,1,Urban,2003,247398.2518
1800,5,2,Urban,1965,140350.9741
1902,4,1,Urban,1962,163582.7118
1130,2,2,Urban,2011,150763.8042
2293,4,3,Suburb,2010,229601.7035
2963,2,1,Urban,1989,281592.914
1813,3,2,Rural,2003,216045.3414
1060,4,2,Suburb,2017,160763.3652
1163,5,1,Urban,2018,277954.3509
2548,3,3,Suburb,2003,258139.8373
1271,4,2,Suburb,2007,225662.0645
2743,3,1,Urban,1968,349499.3236
2781,5,2,Suburb,1978,216434.9514
1132,4,3,Urban,1983,215234.2633
2267,4,1,Urban,1954,244631.0455
2829,4,2,Rural,1963,235411.7735
1997,2,2,Suburb,2006,255967.3809
2457,2,1,Suburb,1959,370956.0664
1037,4,3,Suburb,1990,89795.08448
2894,3,2,Suburb,1973,317688.6447
2591,3,3,Urban,1988,318004.2077
2342,4,1,Urban,1962,202034.7765
2533,5,2,Rural,2012,234234.4536
2399,5,2,Urban,1955,314718.008
2583,5,3,Urban,1989,316405.4246
1616,2,3,Suburb,1992,250415.0304
1473,2,3,Suburb,2021,224780.0153
1058,2,1,Urban,2002,127422.8697
1588,2,3,Rural,1959,183659.3898
2963,3,2,Rural,1972,341949.2405
1498,4,1,Rural,1975,121582.7807
2241,4,1,Rural,2014,211165.927
2918,4,1,Suburb,1996,265082.4718
1566,3,2,Suburb,1983,103368.2583
1566,5,3,Rural,1953,175485.9359
2152,5,1,Rural,1979,285829.3842
1903,2,1,Urban,1952,118674.4156
1382,2,2,Suburb,2001,155678.2092
2411,3,2,Urban,2013,290618.9771
1084,3,3,Rural,1975,130910.2308
2533,5,3,Rural,1963,311864.467
2749,4,3,Urban,1951,225152.8575
1626,4,2,Urban,2007,183986.1573
2460,3,1,Urban,1994,250298.5924
1825,3,1,Rural,1999,211926.6245
1292,3,2,Suburb,1953,168662.112
2072,2,3,Rural,1958,218171.0437
2090,4,1,Urban,1959,268614.3911
1786,3,1,Rural,1957,214302.6669
1128,3,2,Urban,2008,174828.4949
1028,2,3,Rural,1968,154100.083
2366,3,1,Suburb,1971,273948.9124
2568,4,3,Suburb,1974,210670.8961
2142,2,2,Urban,2002,323576.9204
1691,3,2,Suburb,1974,155462.8852
2960,4,3,Rural,1964,258413.4245
2686,4,1,Urban,2017,327247.3663
1132,2,1,Suburb,1976,111109.7972
2350,4,1,Urban,1954,298563.5718
2208,2,3,Urban,1969,197451.1355
2529,4,3,Rural,1974,289031.764
1645,3,1,Rural,2017,176837.9052
1688,2,2,Urban,1976,237916.8281
1533,4,2,Urban,1987,162541.6383
2264,2,1,Urban,1958,281569.2961
2612,4,3,Urban,2012,231788.0282
2739,2,1,Suburb,1995,348498.279
1515,3,2,Rural,2020,243532.9182
2863,2,2,Rural,1969,338948.5049
1959,2,2,Urban,1978,213078.0874
1164,3,1,Suburb,1969,237173.2339
1926,4,1,Urban,2005,193994.6252
1932,5,2,Rural,1965,283470.8766
2663,3,2,Suburb,1985,355939.0947
1556,2,2,Suburb,1995,109435.615
2241,3,2,Urban,1992,282862.0835
2770,3,3,Rural,1981,336936.2011
2671,2,1,Suburb,2017,155351.5132
1679,2,3,Suburb,1984,57992.94655
1992,5,2,Rural,1982,171126.0289
2772,3,2,Suburb,1983,283968.4118
2628,2,3,Suburb,1955,310566.3366
2028,4,3,Urban,2016,243907.4569
2691,4,3,Suburb,1999,331768.9999
1756,4,2,Suburb,1972,207607.3841
2895,4,1,Rural,1968,267363.027
2104,3,1,Rural,2014,255401.4003
2270,3,3,Rural,1995,249010.9249
1854,5,3,Suburb,1973,246324.2999
1492,3,3,Suburb,1993,175076.5857
1648,2,2,Urban,2007,232415.2686
2409,5,3,Rural,1985,327423.5039
2598,3,2,Urban,1950,253564.5411
1991,3,1,Rural,1988,200908.8047
2330,2,2,Rural,1976,183896.4449
1627,2,3,Urban,1986,300690.4243
1624,2,2,Rural,1987,155814.1968
1542,4,2,Rural,2000,158288.1549
1006,3,2,Rural,1965,96252.95943
2949,3,2,Suburb,2010,270759.609
1953,3,2,Rural,2016,271633.5952
1514,5,2,Suburb,1950,188312.8069
2842,5,1,Rural,2000,303057.7625
1754,5,1,Rural,1975,124435.6356
2591,5,1,Suburb,1979,306372.6049
1072,5,3,Urban,1966,100057.2724
1009,2,1,Suburb,1962,110994.154
2596,5,3,Suburb,2003,283314.1857
1561,3,1,Suburb,1975,238631.1203
1121,4,2,Suburb,1995,173969.4822
1686,3,2,Urban,1956,242041.357
1512,3,1,Suburb,1965,99515.71037
1989,2,1,Urban,2010,255995.0853
1440,4,3,Rural,1973,210533.2924
2061,3,3,Suburb,1951,241039.1118
1701,2,3,Rural,1962,172741.4492
1590,4,2,Rural,1979,201366.1414
2368,4,1,Urban,2008,219016.8971
2989,2,3,Rural,1984,340665.6975
2361,5,1,Suburb,1998,279189.2972
2984,2,1,Urban,1963,372016.9593
2725,2,1,Suburb,2012,283924.2621
2207,5,2,Rural,2001,179822.9538
1066,2,2,Rural,1956,109488.9651
1016,2,3,Suburb,1954,216831.9231
2406,2,1,Rural,2003,247229.25
1367,3,3,Suburb,1996,166215.2305
1903,2,1,Rural,1986,239392.263
2339,2,1,Suburb,1996,170684.9739
2520,4,1,Rural,1979,295163.2047
2831,4,2,Urban,1965,272269.7764
1720,4,2,Urban,2017,238447.1948
2368,2,1,Rural,1987,179152.7986
1957,5,3,Suburb,1955,234973.6942
2576,2,3,Suburb,1995,391300.421
1907,3,2,Suburb,1965,231030.9265
1988,3,1,Suburb,2013,248013.6786
1472,3,2,Rural,2008,200241.2463
1114,3,3,Rural,1956,228243.3002
1099,2,3,Urban,1973,163446.7821
2908,4,2,Rural,1978,325730.2531
1437,2,1,Urban,2006,182429.6868
2368,2,2,Rural,1959,285552.6437
1348,2,2,Rural,1983,133497.5778
1138,2,2,Rural,2007,110079.447
1827,5,1,Urban,2019,217117.232
1323,4,1,Urban,1979,197439.3057
1845,4,3,Rural,1973,178118.7869
2325,3,1,Rural,2019,216586.9056
1293,2,1,Suburb,1964,218001.9434
2980,3,1,Urban,1951,369358.4431
2552,4,2,Urban,1989,335298.1519
2857,4,3,Rural,1964,298572.6648
1967,3,3,Urban,1971,198455.6331
2315,4,2,Rural,1968,289339.466
1073,4,3,Suburb,1999,108817.9434
2798,5,2,Rural,1951,279370.8155
1483,2,2,Rural,1973,183453.5985
1015,2,1,Suburb,2007,122991.7779
2549,4,1,Rural,1968,199677.0221
2359,4,1,Urban,2018,267166.8064
1792,5,3,Rural,1962,213042.9793
2896,3,1,Urban,1957,260690.9151
1515,5,3,Suburb,1968,203434.197
1924,5,1,Urban,2018,211087.7473
2150,3,1,Rural,1970,245657.9764
1823,4,3,Suburb,2016,164822.6885
1517,2,3,Suburb,1962,88828.90029
1128,5,1,Urban,1952,78998.92691
1510,5,2,Urban,1955,171564.7992
1422,2,3,Urban,1952,120739.4007
1384,5,3,Suburb,1964,258115.3238
2906,3,1,Urban,1959,362391.7367
1231,2,1,Rural,2012,107869.0118
1958,2,3,Suburb,1970,226834.6673
1824,3,1,Rural,2021,167617.9422
2218,3,2,Urban,2003,295876.6845
1064,2,3,Urban,1954,78572.26301
1832,3,2,Urban,1982,163587.5169
1614,5,3,Urban,1986,142387.6919
2300,4,2,Suburb,1984,222735.2406
2693,5,1,Rural,2009,276918.2792
2247,3,1,Urban,2000,255714.5384
1800,5,3,Urban,1960,255299.625
2967,4,3,Suburb,1967,349696.4608
1277,4,2,Urban,2008,157246.8449
2717,4,1,Suburb,1986,376240.0243
1365,3,1,Rural,2005,168894.2335
1515,3,2,Rural,1981,178432.0981
2238,3,3,Suburb,2015,277081.7871
1438,4,2,Rural,1982,262909.4115
1427,3,2,Urban,2003,139399.2304
1728,2,2,Rural,1987,175704.8294
1395,5,2,Suburb,1979,184112.9582
2232,5,3,Rural,1956,318133.5359
2524,2,2,Rural,1975,207812.6988
2486,3,1,Rural,1998,252207.1007
1585,5,3,Suburb,1970,258430.5183
2250,4,2,Rural,2002,231095.8495
1374,5,2,Rural,1963,249122.5193
2523,5,1,Urban,2000,369719.4623
1947,5,2,Rural,2015,211511.9463
1092,3,1,Urban,1968,122537.4527
2483,2,1,Rural,1973,288642.1935
2600,5,2,Rural,2000,270991.0873
1320,4,3,Suburb,1974,151427.1201
2033,5,3,Urban,1951,191272.0922
1913,3,2,Urban,1983,176924.5432
2326,3,2,Rural,2005,346964.3848
2345,4,3,Urban,1994,287094.1307
2840,5,2,Suburb,1997,283182.7864
2479,5,2,Rural,1983,287691.2314
2301,4,1,Rural,1999,303689.1784
2621,2,3,Urban,1994,318765.4406
2561,3,1,Rural,2019,365384.3633
2753,2,3,Suburb,1961,288383.6212
2416,2,1,Rural,1958,212062.1285
1916,5,3,Rural,1959,279656.8832
1094,4,3,Urban,1970,138806.9272
2779,3,1,Rural,2011,293015.2093
1958,2,2,Rural,1986,156246.8141
2130,2,3,Rural,1966,184270.5961
2413,5,2,Urban,1984,363656.8115
2783,5,2,Suburb,1963,389517.6784
2549,5,1,Urban,1978,332739.3069
2696,4,2,Suburb,1953,264011.1184
1070,3,2,Rural,1998,105499.8413
1663,3,3,Urban,1985,168787.2848
1968,5,3,Suburb,1960,348110.3353
1586,2,3,Urban,1961,201400.8882
2399,5,2,Suburb,1953,265526.0902
1726,5,3,Suburb,2010,152177.3314
1367,4,3,Suburb,1964,224796.8467
1050,5,3,Rural,1960,115425.8628
2921,3,1,Urban,1983,274786.3607
2166,5,2,Urban,1952,216103.9847
2442,3,1,Urban,1988,267421.9807
2571,2,1,Suburb,1981,286538.5873
2523,3,1,Suburb,1970,196222.6112
2909,3,3,Urban,1984,316176.1524
1987,5,1,Urban,1964,211543.8884
2190,3,2,Suburb,1970,205637.7929
2771,3,1,Urban,1951,329846.5248
1259,2,1,Urban,1968,139938.7003
2215,3,2,Suburb,1965,153340.1407
2225,3,3,Suburb,1987,206873.8946
2797,5,1,Suburb,1996,323171.7235
2208,4,2,Rural,1984,196093.2965
1157,5,1,Rural,2018,77996.20965
2781,2,1,Rural,1994,356055.2095
2645,5,3,Urban,1955,372151.4293
1098,3,2,Urban,1963,118353.8631
1240,4,1,Rural,2000,132809.8353
2514,5,1,Urban,1972,301022.8506
1201,5,2,Urban,2013,93781.898
1633,2,1,Suburb,1953,164761.0917
2532,3,3,Rural,1984,316253.727
2652,5,2,Urban,1974,251813.1659
2119,5,3,Suburb,1984,285819.6567
1745,4,2,Urban,1983,247346.1141
1489,2,1,Suburb,1952,188393.2044
1578,3,2,Urban,1958,285128.8677
2911,5,2,Suburb,1973,406737.5579
2241,4,2,Suburb,1974,203191.6577
1526,5,1,Urban,1956,170645.1629
1272,5,1,Urban,1956,175250.7795
2242,2,3,Urban,1967,206704.7191
1785,4,3,Rural,2011,244530.7337
2906,4,1,Rural,1979,382791.6952
2682,3,1,Rural,1958,238197.4172
2355,5,2,Rural,1999,239514.9179
2879,4,1,Rural,1955,259280.2368
1452,5,3,Suburb,1969,147092.5221
2175,5,1,Rural,1967,222532.4324
1346,3,3,Urban,1978,168316.6766
1815,3,1,Suburb,1950,185279.8083
1413,4,1,Rural,1987,166747.0605
2550,5,2,Urban,1992,200904.4293
1430,4,3,Rural,1975,154049.4935
1378,5,1,Rural,1958,215599.4854
1997,4,2,Urban,1953,237669.2016
1894,4,2,Suburb,1984,143513.6116
1427,5,3,Rural,1982,159194.6276
2889,2,2,Suburb,1966,320520.4666
2946,3,3,Suburb,2015,286029.0547
2107,5,3,Suburb,2010,271725.6339
1191,4,3,Suburb,1993,225294.0895
1040,2,2,Rural,1959,89499.57945
2887,4,2,Suburb,2004,348206.9614
2859,2,3,Suburb,1996,260591.3986
2796,5,2,Urban,1972,320615.872
2332,3,2,Suburb,2018,278854.7912
2401,4,3,Suburb,1967,206603.9598
1135,2,3,Rural,2016,168204.9518
2813,2,2,Suburb,1971,239765.0542
1105,3,3,Urban,1969,167938.9987
1518,4,3,Urban,1950,207958.0912
2941,5,1,Urban,1982,282331.8401
1813,5,3,Suburb,1965,163273.2405
2565,4,1,Urban,1952,313617.7028
1125,3,2,Rural,1960,29103.18573
2380,3,2,Suburb,1960,282849.9336
1399,3,1,Rural,1952,205222.9214
1078,2,1,Suburb,1997,137695.5312
1388,2,1,Suburb,1995,175501.4714
2602,3,1,Rural,1986,182991.2072
2558,4,1,Suburb,1969,247368.8251
2724,5,1,Rural,1960,279744.7711
1073,2,1,Urban,1980,53735.18151
2028,3,2,Rural,1950,196321.296
2942,2,1,Suburb,1955,318115.9316
2486,2,1,Urban,1992,196510.9822
1081,3,2,Suburb,1985,106368.4784
2560,4,2,Suburb,2020,241656.1727
1775,5,1,Rural,1995,235876.7409
1990,4,1,Urban,1951,147097.6306
2428,2,3,Urban,2020,281522.4544
2537,4,1,Rural,1989,267989.1067
1277,4,3,Urban,1987,233819.3684
1839,5,3,Suburb,2002,278991.8901
2878,3,2,Suburb,1954,259136.5131
1223,3,3,Urban,2005,136649.568
2607,3,1,Urban,2016,276151.8685
2091,4,3,Rural,1958,149664.0441
2343,4,2,Rural,2018,216856.8518
1605,5,3,Suburb,2012,200186.4266
1018,3,3,Suburb,2010,83148.34723
1639,5,3,Suburb,1963,188911.6859
2366,5,3,Rural,1976,265509.9726
2617,4,3,Rural,1958,274658.4602
2789,3,3,Urban,1976,325239.3517
2972,2,3,Rural,1958,333033.1675
2756,2,2,Suburb,1995,242214.9171
2366,4,1,Suburb,2012,285799.9098
1096,4,2,Rural,1982,202626.8542
2075,4,3,Suburb,2010,300762.068
1174,4,3,Urban,1990,221489.0934
2361,2,2,Suburb,1993,340616.9562
2717,3,3,Urban,1964,381552.5666
2963,5,2,Suburb,1969,263405.1971
2376,2,3,Rural,2018,232516.3629
2414,3,3,Urban,1962,275931.8076
2138,4,1,Urban,1963,248479.6956
1347,5,3,Rural,1976,120385.6544
1000,3,1,Urban,1963,99540.95317
1062,3,1,Suburb,1998,160642.5902
2783,5,2,Urban,1982,359877.6536
2766,3,1,Urban,1954,270195.6409
1225,3,2,Suburb,1969,131097.3677
1422,5,2,Urban,1966,209346.5398
2042,5,1,Urban,1981,226215.0042
1030,2,2,Rural,2009,26538.75423
1844,4,1,Suburb,2019,199125.6972
1632,4,3,Urban,1987,163821.411
1023,3,2,Urban,1985,116918.6161
1836,4,1,Suburb,1979,284400.9548
1982,2,1,Rural,1964,240167.7176
2234,3,1,Urban,1968,214295.4784
2984,4,1,Rural,1968,318318.7146
1160,4,3,Suburb,1955,94366.11042
2278,3,2,Suburb,1953,300626.9025
2594,5,1,Suburb,1959,266034.2942
1113,2,2,Rural,1956,187347.1642
1503,3,1,Rural,1951,233785.659
2952,3,2,Urban,1951,381513.4107
2695,4,1,Rural,1961,320957.7278
1954,5,1,Suburb,1978,257333.1543
2243,4,3,Suburb,2000,288569.8297
1356,3,2,Suburb,2008,174143.0568
1168,3,1,Urban,1972,87228.043
2547,4,1,Suburb,1986,183608.0433
1968,5,3,Urban,1989,291075.6545
1241,3,3,Suburb,2016,153373.5426
2398,2,3,Urban,2003,207561.2342
1138,5,3,Urban,1996,152267.2602
1096,3,3,Rural,1958,143453.6608
1146,5,2,Suburb,1995,94903.33215
2205,5,1,Urban,1972,200864.3477
2080,2,2,Urban,2000,238305.7097
2065,3,3,Suburb,1964,216825.2636
1865,5,1,Suburb,1961,210744.2415
2734,3,2,Suburb,1986,276342.2151
1542,3,3,Suburb,2002,105987.4321
1691,5,2,Rural,1962,177448.0063
2025,4,2,Rural,1954,153652.9974
2957,5,3,Urban,1968,373753.6021
2311,4,1,Urban,1999,189190.6649
2161,4,3,Suburb,2006,201439.8962
2640,4,3,Rural,2019,226473.0138
2535,4,2,Rural,1998,298226.1077
1903,5,1,Rural,1995,270224.0996
1729,4,3,Urban,1983,260707.0213
2245,3,1,Rural,1970,224711.6919
1330,5,2,Urban,1987,174969.0956
1616,2,3,Suburb,1952,199597.1292
1403,4,1,Urban,2009,136868.129
1507,5,1,Rural,2015,150491.2027
2939,4,2,Suburb,1957,278620.1413
2150,3,1,Urban,1997,228047.8007
2288,4,1,Rural,1976,291093.4806
2735,5,1,Urban,1953,256587.1123
2787,3,3,Urban,1987,313613.2984
2038,4,3,Suburb,2007,183568.3136
1225,2,2,Rural,1974,75799.45794
1983,4,2,Urban,2014,215884.5411
1864,4,3,Suburb,1970,163849.5841
2128,3,1,Rural,1958,270044.9949
1744,4,3,Suburb,1992,195529.8785
1492,5,2,Urban,1995,151050.0683
1318,5,2,Suburb,1978,130423.46
2242,3,3,Urban,2011,242392.8989
2300,5,2,Rural,2015,280269.2511
1772,2,2,Rural,2006,38895.18752
2916,4,2,Rural,2017,261916.3043
2954,3,2,Rural,2009,309717.5631
2364,5,2,Rural,1989,223513.2052
1451,2,1,Suburb,1952,184212.8
2392,2,3,Rural,1952,148682.7564
1943,3,2,Suburb,2011,205671.185
1847,3,2,Rural,2009,155415.9641
2016,5,2,Suburb,1959,212457.005
2497,4,3,Urban,1992,242743.8038
2213,2,3,Urban,1957,327552.8631
1883,2,3,Rural,2011,217851.5612
1418,3,2,Urban,2003,158533.7809
2733,2,2,Rural,1958,328400.3338
1864,3,3,Suburb,1956,295044.0343
1788,4,1,Urban,1951,220749.3765
2871,3,1,Suburb,1959,299546.6246
1494,4,3,Urban,1970,254504.2137
2062,5,2,Urban,1994,235369.7107
1161,3,2,Rural,1989,136551.6617
1120,5,1,Urban,1999,123791.3728
2915,4,2,Rural,2007,391639.7317
1398,2,3,Suburb,1958,136949.349
2285,5,2,Suburb,1992,275566.6452
2985,3,2,Rural,1973,412454.1627
1727,3,3,Suburb,1997,262948.347
2847,5,1,Rural,1992,332986.6384
1560,5,3,Urban,2002,222310.9492
1603,5,2,Suburb,1996,211001.4069
2152,3,3,Rural,1972,163210.743
2856,5,3,Rural,1994,309576.3685
1539,5,1,Urban,1996,246195.3596
1355,4,1,Suburb,1978,170385.86
1659,5,2,Urban,2011,300238.3459
1431,5,3,Suburb,1990,178873.7218
2863,3,2,Suburb,1994,350775.9152
2088,3,3,Urban,1978,202990.6015
2241,2,3,Rural,2008,217512.0372
1562,3,1,Urban,2004,151596.3528
2450,3,3,Urban,1950,320779.3093
1816,3,1,Rural,2011,164657.2107
2944,3,3,Suburb,1973,281922.2977
2097,5,2,Suburb,1959,238108.3829
2483,2,2,Urban,1993,246975.9457
2448,3,3,Urban,1975,270404.5678
1710,5,1,Rural,1983,159895.6821
2215,3,1,Urban,1953,229288.0574
2212,2,1,Urban,1962,161891.4176
1011,4,3,Suburb,1954,128353.8427
1238,4,2,Urban,1997,135835.4436
2895,2,1,Suburb,2021,374254.8919
2616,5,2,Urban,1997,313307.6008
1452,5,1,Rural,1984,190545.2222
1382,2,3,Urban,2014,156551.014
1781,4,3,Urban,1975,172478.6472
2825,3,1,Rural,1978,330924.212
1047,4,2,Rural,1985,95408.79749
1316,3,1,Rural,2010,157763.5655
1208,2,1,Rural,1957,10102.38809
2570,2,1,Rural,1974,281285.0559
2142,2,2,Urban,2002,222011.126
1576,4,1,Rural,1994,108183.0784
1314,2,1,Urban,1989,130745.9202
1753,4,3,Urban,1969,221932.6869
2059,5,2,Rural,2001,160755.8395
2486,3,3,Suburb,2015,323121.9154
2787,3,3,Urban,1974,314420.4387
1914,3,1,Suburb,2012,217597.548
1754,2,1,Rural,1976,232398.1508
1553,3,1,Rural,1972,184309.8794
2604,2,3,Rural,1995,231068.1827
1402,4,2,Urban,1996,100992.7285
2130,2,2,Suburb,1987,220083.5029
1038,3,3,Urban,1962,99554.39351
1580,2,3,Rural,1997,150957.5016
1179,2,2,Suburb,1983,168062.7113
1011,4,1,Suburb,2006,159625.2512
2362,2,2,Rural,2010,318988.5819
1942,3,3,Rural,1959,214100.5247
2739,2,1,Rural,2008,231391.1688
1547,5,1,Urban,1987,167626.0211
2149,2,2,Suburb,2000,211147.62
1062,5,1,Suburb,1998,171394.3149
1843,3,3,Suburb,2002,180639.7882
2105,5,2,Urban,2020,264657.7962
2008,5,3,Urban,2017,254436.5193
2842,5,3,Urban,2003,359643.8638
2322,5,3,Urban,2002,216739.3559
1033,5,2,Urban,2018,81777.11457
1751,2,3,Suburb,1951,231157.5503
2632,4,3,Urban,2003,283112.2513
1048,5,1,Rural,1984,109534.7413
1657,3,1,Rural,1997,236667.6116
2660,3,3,Rural,1978,277068.3297
1700,2,1,Suburb,2010,172914.2485
2080,4,2,Rural,2001,261819.8022
2884,4,1,Suburb,1959,356854.5616
1108,5,2,Rural,1961,196739.1815
2540,3,2,Urban,1990,328215.5954
1984,3,1,Rural,2016,209854.8036
1023,2,1,Rural,2004,124601.9714
1220,5,2,Suburb,2011,159512.104
2983,3,3,Suburb,1977,273956.5619
1314,5,3,Urban,1989,169945.8556
1293,4,3,Rural,2001,132926.5695
2952,5,3,Rural,1969,282946.1779
2033,5,1,Rural,2001,246716.0173
2700,2,1,Urban,1968,272401.201
2019,2,2,Urban,1997,176105.6256
2504,4,2,Urban,1998,279609.4803
2750,4,3,Suburb,1989,199245.2327
2017,5,2,Suburb,1958,280836.7168
1637,3,1,Urban,1961,145184.2584
1266,5,3,Suburb,2018,180018.2203
2815,4,3,Suburb,2008,368417.52
1087,2,3,Urban,1987,129197.7973
1454,2,2,Suburb,1995,122095.5022
2649,4,3,Suburb,1984,349373.419
2556,5,1,Urban,1977,290112.5608
2171,3,3,Urban,2011,282610.7431
1756,2,2,Urban,2000,208155.7995
2801,5,2,Rural,2012,373972.4472
2752,3,3,Urban,2011,319579.6455
1430,4,3,Rural,2005,196153.1669
2775,5,2,Suburb,1962,329283.915
2966,3,1,Rural,1990,341268.2143
1910,5,1,Urban,1986,249187.3218
2963,2,3,Suburb,1998,304826.2831
2767,4,3,Urban,1973,286872.1525
2767,2,3,Suburb,2004,303966.2844
1241,2,2,Suburb,2020,140814.3071
1701,5,2,Suburb,1959,67176.49313
1901,4,3,Rural,1985,295512.4069
1740,5,2,Urban,1961,183049.2343
1065,3,2,Rural,2007,110009.7319
1971,4,1,Urban,1956,172248.5093
1377,2,2,Suburb,2019,93077.43343
1387,2,3,Rural,1983,166379.9344
2814,2,1,Rural,1950,191734.2191
1780,5,2,Rural,1974,286735.1667
1208,5,1,Suburb,1970,153092.3058
2438,5,2,Suburb,1976,325036.7369
1015,4,2,Urban,1978,155944.2642
2320,4,1,Urban,1953,341653.1494
1985,4,2,Urban,1958,244173.5773
2243,4,3,Suburb,1995,258470.249
2792,3,2,Suburb,1969,391450.9976
1366,2,1,Rural,1996,153850.5394
1779,5,1,Suburb,2011,127488.0261
2252,5,2,Rural,1992,289363.301
2654,3,3,Rural,2005,234741.7731
1439,2,2,Rural,2007,98864.03065
1689,2,2,Suburb,2005,192791.1063
2555,3,2,Urban,1956,306549.0476
2473,4,2,Rural,2002,227081.997
2059,2,3,Suburb,1985,190508.4244
1846,4,2,Urban,1963,253840.0427
1421,3,3,Suburb,1966,184535.3681
2941,5,2,Suburb,2019,271137.7587
2643,5,3,Urban,1992,287060.4557
2212,5,2,Rural,1974,281341.1632
2201,5,1,Rural,1998,174684.0069
1607,2,2,Rural,1974,133202.1534
2338,4,2,Urban,1983,272465.2998
1019,5,1,Urban,1988,95661.06413
1675,5,1,Suburb,1962,271130.1761
1381,5,2,Urban,1955,97897.39654
1608,3,3,Urban,1986,160888.0768
1142,2,1,Urban,1993,129526.7045
1061,3,1,Rural,1986,156929.0086
2265,4,1,Suburb,1958,256382.2442
1237,5,1,Suburb,1996,98085.29098
2154,2,1,Urban,1993,173509.3765
2628,2,1,Suburb,1977,168311.0575
2626,2,2,Suburb,1992,320693.4535
2668,3,2,Suburb,1992,312301.9135
2146,3,1,Suburb,2009,242560.8742
2463,3,3,Suburb,2013,283013.4603
1926,3,3,Rural,2021,272900.4307
1341,4,3,Suburb,2018,197630.1169
2442,5,2,Urban,2018,306992.2615
2653,5,2,Rural,1983,347995.0904
1454,3,2,Suburb,2010,185067.1828
2221,3,2,Urban,1975,251974.2234
1281,3,1,Rural,2012,109551.0228
1885,4,1,Rural,1993,116001.7979
2024,4,3,Rural,1962,186801.1563
1722,2,3,Suburb,1970,223971.3733
2798,5,1,Urban,1986,285118.0749
2955,3,3,Suburb,1996,304037.4164
2355,2,2,Suburb,1950,286964.4106
2235,5,3,Urban,1998,169829.4145
1086,2,2,Suburb,2013,162446.2345
1664,4,3,Suburb,2014,235730.4612
1861,4,2,Urban,2002,210501.6551
2722,2,3,Rural,1952,288918.5846
1060,2,2,Rural,1972,112816.2312
1796,5,1,Rural,1990,240710.0393
1094,3,1,Suburb,1970,88801.18839
1785,5,2,Suburb,2001,193134.9747
2576,5,1,Urban,1960,346839.4242
2170,4,3,Suburb,2015,223584.1948
2269,4,1,Urban,2021,271896.1977
2667,2,2,Rural,2010,286316.3758
1960,4,1,Urban,1982,207302.893
1296,5,3,Rural,1991,196078.6324
2146,2,2,Rural,1982,249348.5245
2678,2,1,Suburb,2020,302655.9384
1693,4,1,Suburb,2004,266563.8611
2727,3,1,Rural,1991,145638.9829
2479,4,3,Rural,1993,284035.0571
1398,2,1,Urban,1985,173389.8261
2742,2,3,Urban,2005,229369.1726
1945,3,2,Suburb,1955,132414.4715
2254,5,3,Rural,1951,172306.1898
1533,2,1,Suburb,1998,347299.2975
1401,3,2,Urban,1973,56795.24735
2615,5,1,Suburb,1954,200595.1175
1129,4,1,Rural,1991,127472.6352
1291,3,3,Rural,1992,220313.9484
1275,5,1,Rural,2002,192000.8533
1911,2,3,Rural,2017,202439.4602
2858,2,2,Rural,1968,341232.0198
2399,3,2,Urban,2000,303128.5507
1925,4,2,Suburb,1999,213701.5486
1054,3,1,Suburb,1956,58394.32491
2601,2,3,Suburb,1966,365627.4907
1738,5,1,Urban,2021,232469.7166
2049,4,1,Urban,2020,235975.6786
2464,5,3,Suburb,1972,282672.0022
1764,3,1,Suburb,2006,258562.4245
2220,3,2,Urban,1972,300256.086
1641,5,3,Suburb,2007,81429.09653
2266,5,2,Suburb,1975,151806.6949
2847,5,1,Rural,2007,351918.0804
1723,3,1,Urban,1969,222609.6014
2213,5,2,Suburb,1968,185871.4108
1801,2,1,Urban,2002,172477.5722
1737,5,1,Suburb,1983,238459.6747
1757,2,3,Suburb,1993,178437.3707
2591,2,3,Rural,1959,334325.4179
1566,5,2,Urban,1955,52199.27473
2299,4,1,Rural,2010,270194.731
2841,4,2,Rural,2008,327565.6185
2432,4,1,Suburb,1988,286398.4136
1339,2,3,Urban,1974,181233.8092
1152,4,3,Suburb,1998,185140.35
2588,4,1,Urban,2016,310779.711
2421,5,3,Rural,1987,282503.6572
2467,3,3,Rural,1998,223435.5375
2646,2,1,Urban,1955,201676.745
2003,3,3,Urban,1954,279910.4234
1426,2,1,Suburb,1950,149288.2824
2002,2,2,Rural,1966,173782.1537
2981,4,1,Rural,1954,267133.4461
2510,5,2,Urban,1983,277843.8669
1203,3,1,Urban,1958,142511.6256
2135,3,1,Rural,2011,238814.5323
1324,4,1,Suburb,1977,106112.4786
2982,3,1,Suburb,1966,309839.6224
2281,3,1,Suburb,1976,202702.1714
1949,2,2,Urban,2011,223930.1863
2551,5,3,Urban,1962,321890.065
1950,5,1,Rural,2002,320722.0079
2373,3,2,Rural,2017,190042.6374
1938,3,2,Urban,1986,220868.8458
1956,2,1,Suburb,1961,121028.8589
2701,4,1,Rural,1995,205010.1556
2836,2,1,Urban,1980,282048.55
1893,4,2,Suburb,2010,170812.0818
1434,4,1,Urban,2008,146884.7916
2449,2,1,Urban,1953,201655.328
2303,5,3,Suburb,2020,224966.9234
1370,2,2,Rural,1998,237269.2397
2693,4,1,Suburb,1993,280962.265
1932,5,2,Urban,2019,242597.0797
1248,5,1,Suburb,1970,159482.0929
1890,2,1,Suburb,2015,149764.543
1180,5,2,Urban,2009,195952.1923
1702,5,2,Rural,1981,271197.5593
1998,2,2,Urban,2017,262802.5262
2674,3,2,Urban,2003,253405.5609
1077,5,3,Suburb,1952,157509.1094
1918,2,2,Urban,1993,181772.3584
1884,2,1,Suburb,1990,171004.799
1335,3,1,Suburb,1964,141170.1487
1049,5,2,Urban,1992,195561.2373
1084,4,2,Rural,1956,198607.0195
2718,4,2,Rural,1953,302338.7538
1694,5,2,Suburb,1965,182567.7782
1003,5,2,Suburb,2012,241114.1234
1992,2,1,Suburb,2008,163323.9961
2973,2,3,Rural,1994,381555.2507
1316,4,2,Urban,1956,214351.1294
2134,5,2,Urban,1971,224203.1005
2357,2,2,Rural,2015,274482.3833
2874,4,2,Rural,2002,329347.6643
1762,4,3,Urban,1974,158711.657
2156,3,3,Suburb,1980,241879.7848
1611,5,1,Rural,1997,211952.5424
2004,3,2,Urban,1982,229603.3027
1913,2,2,Rural,1973,144236.9967
2707,2,1,Urban,1952,192890.4412
1798,4,1,Suburb,1956,155706.5154
1118,2,2,Suburb,1968,135215.2467
1349,3,3,Rural,1981,147340.6078
1916,5,1,Rural,2020,182674.3669
1686,4,2,Rural,1998,239482.0529
1541,4,2,Suburb,1959,65642.17746
2078,2,2,Rural,1971,272635.3012
1360,4,1,Rural,1978,166660.2409
1707,4,1,Urban,2012,280447.5475
2476,5,1,Urban,1992,267946.6878
2576,4,2,Suburb,1995,263333.4928
1684,5,1,Suburb,1973,155741.4281
1329,3,2,Urban,1958,217689.2349
1218,4,3,Suburb,1973,155286.766
1207,3,3,Rural,1994,143424.4086
2693,5,3,Rural,1982,288436.3609
1844,4,1,Suburb,1951,281672.428
2763,2,2,Rural,1958,304189.1677
1084,2,1,Urban,1954,95162.93137
1684,4,3,Rural,2017,288091.6313
1244,5,2,Urban,2007,99759.95931
1871,2,3,Urban,2014,251959.5418
2022,3,2,Suburb,2020,208836.8608
2708,5,1,Urban,1995,344526.4933
2358,5,2,Rural,1972,259902.1913
2235,4,3,Urban,2020,332523.1047
1595,3,2,Urban,1968,140405.9477
1684,5,2,Rural,2000,208958.1172
2206,4,3,Urban,1975,203713.5677
2978,3,3,Urban,2002,380823.0253
2156,5,3,Rural,2013,194004.4688
2013,2,3,Suburb,1985,227781.5724
2013,3,2,Suburb,1983,228016.9354
2915,5,2,Rural,1956,286792.5542
2823,3,3,Rural,1995,340428.7933
2797,2,2,Suburb,2004,216919.9894
1349,5,3,Rural,2005,168448.9395
1281,2,2,Urban,1987,160466.0882
1292,4,1,Urban,2019,181428.4818
2292,4,2,Urban,2017,208296.762
2884,5,3,Rural,2019,413823.0734
2220,5,1,Suburb,1986,310318.5358
2560,3,1,Suburb,1996,326779.5435
2676,5,3,Suburb,2011,180863.5293
1983,4,3,Urban,1956,224531.3658
2758,5,2,Suburb,1958,361744.6953
1019,3,2,Suburb,1987,150719.9942
1758,4,1,Rural,1983,267110.9001
2863,5,2,Rural,2013,336453.8058
2979,2,2,Urban,1960,314238.8801
2736,2,2,Rural,1988,258068.726
1404,2,1,Rural,2004,151802.6204
2138,2,2,Urban,2018,207972.5692
2918,3,2,Rural,1973,325407.981
1700,2,3,Urban,1989,167879.3801
1979,2,1,Rural,1978,137996.9894
2998,5,3,Urban,1997,290521.9125
1025,2,1,Suburb,1996,93267.54502
1565,2,3,Suburb,1976,139435.2519
2705,5,3,Suburb,2006,378828.2014
1394,4,3,Suburb,1998,148561.5475
2956,3,3,Suburb,2005,219533.514
2000,3,2,Rural,1955,253157.9472
2404,4,2,Rural,1962,162328.9899
1522,5,2,Urban,1998,206854.6823
2562,4,3,Rural,1984,329778.5188
1861,3,1,Suburb,1986,140991.6616
2106,3,1,Suburb,1987,214704.4644
1801,4,3,Rural,1986,251840.5996
1549,2,3,Rural,1990,241457.9189
2468,3,2,Suburb,1976,295278.0644
1086,4,3,Rural,1992,174292.3126
2972,2,2,Suburb,1971,258558.434
1832,2,2,Suburb,1963,103632.4726
1386,5,3,Urban,2001,171146.2416
1962,4,1,Suburb,1976,105812.5843
1667,3,1,Urban,2006,194631.2083
2421,5,3,Rural,2005,263152.8556
2843,3,2,Urban,1989,282718.937
1285,2,2,Rural,1979,179012.7714
1697,4,1,Rural,1978,159758.8897
2717,2,2,Urban,1966,221254.8636
1964,2,1,Rural,1958,223805.5009
1368,2,3,Rural,1989,243616.4967
1654,4,3,Suburb,1989,229560.7504
2445,5,2,Suburb,1955,329667.5635
2741,3,3,Suburb,1970,319235.011
1653,2,3,Rural,1999,224078.7813
1696,3,2,Urban,1954,232840.5096
2466,3,2,Urban,1990,279387.3805
2776,5,1,Rural,1983,268138.8401
2543,4,3,Urban,2014,343312.0097
2023,3,3,Rural,1956,254136.8178
2607,5,2,Suburb,1990,291038.2141
1914,3,3,Rural,2004,216878.7502
1287,2,1,Urban,1976,181467.5984
1094,5,1,Urban,2009,126370.3694
1668,4,2,Suburb,1972,273856.3395
1040,4,3,Urban,1981,175596.5677
1330,2,1,Rural,1994,185062.5142
2836,2,3,Urban,1980,282143.1437
2804,3,2,Suburb,2006,322109.6011
2178,5,2,Rural,1999,211088.7481
1503,5,3,Rural,1954,297015.1387
1274,5,1,Rural,1995,230236.1185
2689,5,2,Suburb,1963,297922.9778
2588,3,3,Urban,1967,268524.8619
1178,5,3,Urban,1990,212540.9942
2956,5,1,Suburb,2003,398719.4538
2775,4,2,Rural,1955,280938.9758
1136,4,3,Suburb,1979,149079.3437
1766,3,2,Urban,2009,231549.977
1987,2,2,Suburb,2004,229845.1392
2759,4,2,Suburb,1984,355676.1575
2203,2,3,Urban,1966,375246.4162
2205,3,3,Urban,1994,271047.5419
2282,4,1,Rural,1968,323400.1624
1242,4,1,Suburb,1961,107574.5532
2119,3,2,Rural,1970,294983.2685
1196,5,3,Rural,1956,194440.6622
2927,3,2,Urban,2003,376198.8997
1525,2,3,Urban,2011,181245.6251
1631,2,3,Suburb,1997,202079.8922
2410,5,2,Rural,1999,239333.5229
1407,3,1,Suburb,1977,88744.2675
2292,3,3,Urban,1990,195292.5105
2194,5,2,Suburb,1952,285006.1763
2948,3,1,Rural,1957,300708.7613
2607,4,1,Urban,1965,158820.9393
1690,3,3,Suburb,1966,218921.91
1169,4,2,Suburb,1978,42560.73787
1158,3,1,Urban,1954,111152.789
2532,4,3,Rural,2004,194802.5101
1446,2,2,Urban,1979,162059.5973
2689,5,3,Urban,2000,264380.7989
2937,2,2,Urban,1986,312869.775
2017,4,3,Rural,1960,202455.1376
2105,5,3,Urban,1987,342173.5117
2080,2,2,Rural,1988,272298.3583
2542,2,3,Urban,1975,265258.0877
1111,4,2,Suburb,2009,165642.5696
1047,3,1,Rural,1986,154925.6304
2615,3,1,Urban,1964,312704.1666
2910,4,3,Rural,1991,288468.066
1375,2,2,Rural,1968,132711.3167
1827,3,1,Suburb,2013,221619.112
1032,3,2,Suburb,1955,74387.88295
1503,2,1,Rural,2013,84618.03733
1626,4,2,Suburb,1965,234190.3929
2919,4,2,Suburb,1989,236564.8331
2026,3,1,Rural,1977,189089.8244
2509,4,1,Suburb,1984,251987.6416
2539,2,3,Rural,1981,252590.7181
2891,4,2,Urban,2007,389147.9143
2795,5,3,Rural,1972,302199.0409
1041,4,1,Urban,1973,130927.4905
1008,4,1,Urban,2003,150476.4575
1999,4,2,Urban,2009,223068.1366
1818,5,2,Suburb,1977,259103.3419
1656,2,1,Rural,1973,202487.8566
2936,4,3,Rural,2021,386089.1404
2632,3,2,Suburb,1963,303865.8211
2811,4,2,Rural,1982,315724.4793
2165,5,3,Rural,1998,150088.5373
1789,5,1,Rural,2006,155627.52
2459,3,1,Suburb,1959,310255.9321
2050,5,1,Rural,1978,199618.1002
2066,5,1,Suburb,1970,232881.6471
2154,5,3,Urban,2008,258110.9473
2239,2,1,Suburb,1978,222453.7228
2629,5,2,Rural,1981,378490.3779
2543,4,2,Suburb,1987,169254.6972
1597,3,2,Urban,1958,238500.8289
2368,4,3,Rural,1983,277366.1464
2531,4,3,Rural,1995,254553.9848
2673,3,2,Urban,1988,339118.046
2904,2,1,Suburb,1983,246545.8402
2436,2,1,Urban,1962,305498.7036
1935,5,1,Rural,1956,179522.7335
2269,2,1,Urban,2016,217255.7183
2472,2,2,Rural,1993,297310.6459
2011,5,1,Rural,1973,224639.9296
1020,2,3,Urban,1954,160945.4212
1998,2,1,Urban,1999,224963.8683
2431,5,1,Urban,1958,258759.2755
1456,4,2,Suburb,2010,179430.3693
2467,4,1,Rural,1989,296547.3795
2013,3,2,Rural,1978,205810.1056
2945,2,2,Rural,1992,337838.1941
1264,5,1,Urban,2007,147970.6847
2683,5,2,Rural,1979,293616.1515
1183,2,3,Urban,1990,161481.0278
1226,2,2,Urban,1957,103555.1183
2827,5,2,Suburb,1964,237717.5314
2571,5,1,Rural,2002,303212.3962
2269,5,1,Suburb,1971,160482.7331
2096,3,2,Urban,2014,264954.4213
2173,4,3,Rural,2014,337377.9013
2536,5,3,Rural,2010,320454.9562
2092,4,2,Rural,1981,325120.8289
1968,2,2,Rural,2004,175133.2943
1804,4,2,Urban,1982,122889.999
2253,4,2,Rural,1956,259316.0319
1722,4,1,Rural,1960,249618.7752
2095,2,2,Rural,1956,216743.6366
2001,4,2,Suburb,1963,302758.4713
1874,4,3,Rural,2013,360193.9595
2631,3,2,Suburb,1957,158378.1339
2420,2,2,Suburb,2000,290990.4384
1083,4,2,Rural,1950,203717.1515
1739,2,2,Urban,1978,276802.6267
2322,5,2,Urban,2004,209581.8102
2771,4,3,Rural,1995,253187.8651
2316,2,1,Urban,1955,208763.337
2757,4,1,Rural,1985,325187.972
2993,4,3,Rural,1996,321660.3266
1222,5,2,Rural,1994,226409.409
1792,3,3,Urban,1995,239440.3778
1732,2,2,Urban,1973,217062.8614
2239,4,1,Rural,1988,249245.0868
2254,5,1,Rural,1981,278679.6359
1404,5,1,Urban,1988,174649.8374
2192,3,2,Rural,1971,233767.2464
1328,3,2,Suburb,2000,126570.8738
1425,5,3,Suburb,1958,193786.5564
2577,5,2,Urban,1969,357869.4268
1769,2,2,Suburb,1967,159504.237
2219,2,1,Urban,1982,206224.1101
2927,5,2,Suburb,1980,333394.1849
1607,5,3,Urban,1985,257342.4116
2852,3,3,Suburb,1951,223206.3525
1525,2,1,Urban,2015,206504.2419
1624,5,2,Suburb,1962,171711.5138
1076,2,1,Rural,1971,192927.5804
2300,2,1,Urban,1972,180576.0239
1919,5,3,Rural,1982,286745.1681
1945,5,1,Urban,1950,275327.5166
1465,4,1,Urban,1985,297955.254
2964,2,3,Urban,1988,273289.5058
2471,2,1,Rural,2010,287381.043
2343,3,1,Urban,1984,258483.4759
2945,3,2,Urban,1962,302714.7437
2183,3,2,Urban,2012,249034.262
1491,2,2,Suburb,1992,277381.1947
1312,5,2,Rural,2016,146185.5544
2654,5,3,Urban,1960,213636.8697
2972,5,3,Rural,1978,321104.9783
2184,2,2,Rural,2002,201893.2658
1307,5,1,Suburb,1990,101514.5495
2886,3,1,Rural,1987,221804.5389
2169,5,1,Suburb,1952,308763.0994
2698,5,2,Rural,1993,302210.2499
2419,3,1,Suburb,2012,216332.9982
1690,4,3,Suburb,1955,161009.5923
1088,4,2,Rural,1986,275223.4563
1734,4,2,Rural,1978,243617.5812
1777,2,1,Urban,1978,161523.8451
1750,2,2,Suburb,1979,162213.105
2331,3,1,Rural,1955,349466.1494
2569,4,2,Urban,2003,324062.6486
1370,2,1,Rural,2000,86754.02923
1450,5,1,Suburb,1975,124545.3146
1166,4,1,Urban,1961,189535.735
1391,4,1,Rural,1966,206396.2156
2660,2,1,Urban,1995,314817.6616
1735,4,3,Rural,1965,208985.8213
1490,3,3,Rural,1995,137120.8328
1924,3,1,Suburb,1969,283053.2516
2173,2,3,Urban,1955,241922.2757
2491,4,1,Rural,2011,336745.4332
2989,3,1,Rural,1952,373405.317
2724,4,3,Urban,1961,338820.6121
2066,3,3,Urban,2017,230443.1626
1944,3,1,Urban,1956,202636.8755
1028,4,3,Urban,1974,130116.1596
2897,2,2,Suburb,1989,376597.2285
2655,2,3,Suburb,1950,263937.8774
2872,2,1,Suburb,2021,295037.5309
2054,4,2,Urban,2017,261551.75
1692,4,3,Suburb,2011,292276.7171
2697,4,3,Rural,1968,324855.2208
1127,2,3,Suburb,1954,139869.2467
1766,4,3,Rural,1999,187953.4722
2317,2,3,Rural,1998,378588.852
1440,3,1,Suburb,2008,154414.0388
1868,2,3,Rural,2009,159575.5452
2411,2,2,Rural,2014,306374.9908
2789,5,3,Suburb,1953,337233.4022
2665,5,3,Rural,1985,264573.7205
1523,2,1,Suburb,1966,173464.7043
2570,5,1,Urban,1995,319915.5889
2733,4,2,Urban,1979,341745.9507
1759,5,1,Rural,1957,194379.6248
1109,5,2,Rural,2017,171722.0854
2351,5,3,Rural,1995,356111.7088
2428,2,1,Suburb,1995,273469.8465
2268,3,3,Urban,2021,296309.6176
2785,3,3,Urban,1958,294239.1584
2901,3,1,Urban,1952,292517.1188
2852,3,1,Urban,1971,290552.053
1162,3,1,Rural,1955,82744.4515
1559,3,3,Urban,1960,107190.2166
1398,2,1,Urban,2007,195614.7627
1582,4,2,Rural,1966,216234.3725
1398,4,2,Rural,1964,181831.2745
2516,3,1,Suburb,1969,210325.545
2669,5,2,Rural,1953,410315.2118
1238,5,1,Urban,1985,92796.00242
2488,2,3,Urban,2017,239016.6796
2603,3,2,Urban,1950,258612.8698
2813,3,2,Suburb,2004,280614.9003
2055,5,2,Suburb,1992,283012.7901
2146,3,2,Suburb,2009,230914.3879
2557,3,2,Rural,2019,225516.664
2690,5,3,Urban,1989,337260.1178
1109,4,2,Suburb,1952,103049.5994
2294,4,1,Urban,1980,228366.8528
2403,2,2,Suburb,2017,188312.5211
1299,5,1,Rural,1960,194453.9068
2650,2,1,Rural,1972,224628.1571
2755,3,3,Urban,2020,234998.7117
2001,5,2,Urban,1959,307828.8652
2765,4,3,Suburb,1987,371205.7294
1763,3,2,Urban,1965,215992.403
1248,4,2,Urban,1964,95461.24735
1520,4,3,Urban,1960,218514.8007
1033,2,3,Urban,2001,91229.3631
1227,5,1,Urban,1983,131187.9096
1584,5,1,Urban,1963,206839.5541
2422,5,1,Rural,1974,379973.1501
1957,2,3,Suburb,2008,273493.0593
1812,4,2,Rural,1972,281545.6196
1723,2,1,Urban,1983,170316.0404
1583,5,3,Urban,1982,206469.3954
1569,3,1,Urban,1990,235533.7727
1219,5,2,Urban,1986,158595.4113
2394,5,3,Suburb,1979,192920.1144
1786,4,3,Suburb,1989,121111.8809
2784,5,2,Urban,1967,269678.308
1527,5,3,Suburb,1958,221436.9487
1074,4,3,Rural,1977,90952.12668
2641,5,3,Suburb,1970,339702.3678
1135,5,1,Urban,1994,222705.9262
2952,4,2,Urban,2011,249467.8586
1073,3,1,Urban,1954,242636.8979
1253,4,2,Rural,1999,168509.3923
2041,5,3,Urban,1958,194900.4321
2954,2,2,Urban,2003,367025.9781
2021,3,3,Rural,2019,196874.9294
2066,4,3,Rural,1968,359965.9644
1049,3,2,Rural,1954,94336.68828
1514,3,3,Rural,1995,146797.8429
1743,2,1,Suburb,2019,236900.0733
1730,2,2,Suburb,1999,217360.4573
1570,2,2,Suburb,2010,118933.2324
2819,5,2,Rural,1997,309621.2355
2837,4,3,Rural,1988,336839.7092
1575,5,1,Rural,1995,181769.8313
2605,4,2,Urban,1992,400646.6044
2326,5,3,Urban,2000,231098.4109
2165,5,1,Urban,1993,275423.4783
1902,2,3,Suburb,1970,342230.0192
1201,5,3,Urban,1986,153270.7427
1206,2,1,Rural,1993,90056.8536
1414,4,3,Suburb,1991,193380.5455
1220,2,1,Rural,1989,80262.53498
2385,3,2,Suburb,1980,205992.0343
1757,3,2,Urban,2009,106878.6495
2104,5,1,Rural,1973,113121.5072
1762,3,3,Rural,1969,258469.9792
1562,4,2,Suburb,1953,191982.3614
2308,5,1,Suburb,2004,248756.1655
1368,2,1,Urban,1957,158714.4938
2515,5,3,Rural,1965,197432.2594
2934,5,3,Suburb,2005,373367.1364
1895,3,2,Suburb,1978,241748.5554
2369,5,2,Urban,1960,324614.708
1203,4,2,Rural,1998,115747.5493
2048,5,3,Urban,1997,208094.8439
1956,2,2,Urban,1987,244180.1596
2576,2,1,Rural,2012,325842.7443
1068,3,1,Rural,1985,154830.9272
1515,5,2,Urban,2006,173988.2368
2515,2,3,Rural,2006,227902.0952
1239,5,2,Suburb,2017,142786.7803
1360,5,1,Rural,1998,130215.8797
2464,2,2,Rural,1970,221910.8249
2054,5,1,Suburb,1974,230999.5988
2922,3,3,Suburb,1978,347626.1804
2652,3,1,Suburb,2021,237875.9852
1706,2,2,Urban,1990,207678.0766
2625,4,3,Rural,2002,349503.1124
1689,4,3,Suburb,1966,201154.5458
1656,5,3,Suburb,1985,108192.9611
2979,3,2,Suburb,1973,228795.6357
2737,2,1,Urban,1974,276309.1038
2345,3,2,Suburb,2020,302253.4287
1343,4,1,Rural,1955,136872.1123
2738,4,3,Suburb,1955,328166.3481
1535,5,1,Suburb,2017,168114.6967
1354,2,3,Urban,2000,184123.2586
2494,5,3,Suburb,1967,276856.0729
1927,3,3,Suburb,2015,212877.1718
1982,3,3,Urban,1962,353056.5136
1104,4,2,Urban,1963,172351.5042
2810,5,1,Urban,1995,344302.8686
2345,3,2,Rural,2013,235194.5757
2595,3,3,Suburb,1970,293330.5387
2906,3,1,Rural,1959,303747.9883
1961,2,1,Suburb,1979,233394.6838
1526,4,1,Urban,1971,153620.355
1503,5,2,Rural,2005,136103.5482
2108,3,1,Urban,1980,349209.8362
1930,2,1,Urban,1997,222664.7505
1708,3,1,Urban,2002,157315.9488
1234,3,1,Urban,2020,108715.0197
2946,4,3,Rural,1955,292820.2948
2879,2,1,Urban,1981,263712.6209
2286,3,3,Urban,1950,211876.3935
2029,4,1,Urban,1977,226920.2343
1493,2,1,Suburb,1972,234081.4026
2916,3,2,Suburb,2005,217811.3282
2312,5,2,Rural,1983,225649.3108
2593,4,2,Urban,1978,247504.5491
2968,3,1,Urban,2019,299727.233
2680,3,3,Rural,1969,263511.3076
1877,2,2,Rural,1992,210427.7297
2577,5,2,Suburb,1966,263083.5325
2373,4,1,Suburb,1969,277807.1776
2223,2,2,Rural,1990,256697.3403
2959,3,1,Urban,1951,330881.7429
2709,4,3,Urban,1970,317025.5546
1966,3,1,Urban,1986,106374.872
1965,3,3,Urban,2002,222189.9354
1963,5,3,Suburb,2013,155256.5148
1896,3,1,Urban,1992,171685.2399
2358,4,1,Rural,1972,262099.6815
2630,3,3,Urban,2003,302065.8599
1216,4,2,Suburb,2021,141658.2323
1622,5,1,Urban,2017,148240.8742
1352,3,1,Urban,2000,159972.6145
1691,2,1,Suburb,1970,281597.56
1674,4,3,Suburb,1971,229767.1048
1630,3,2,Suburb,1997,251162.2823
1324,2,1,Urban,1972,128292.9866
1900,4,1,Rural,1955,172501.7143
2251,2,2,Rural,1953,281705.972
2168,3,3,Suburb,2011,365507.1093
2972,5,1,Rural,1950,288269.4777
1307,5,1,Suburb,1998,132316.2763
1653,2,3,Rural,1966,251997.1065
2657,3,1,Urban,1997,224843.6521
1284,3,3,Rural,2006,144645.8616
1391,4,2,Rural,1951,245376.312
2761,3,2,Urban,1958,306035.8941
1359,5,3,Rural,1971,77980.92558
1768,3,3,Suburb,1965,134636.5116
1796,4,3,Suburb,1967,127244.1894
1931,4,2,Rural,2011,254949.8335
2970,3,2,Suburb,1982,281120.5932
1164,3,1,Suburb,1980,192874.672
1732,4,3,Urban,1970,181183.8638
1580,4,3,Urban,1966,198183.9769
1820,2,1,Suburb,1983,137538.142
2247,5,1,Rural,1992,256056.0932
1123,5,2,Urban,1987,160059.7812
2971,2,1,Rural,2014,295295.9575
1343,2,1,Urban,2003,206044.4256
2874,5,3,Suburb,2011,293349.3485
1523,4,1,Urban,2009,145529.1352
2075,5,3,Rural,2012,235782.7051
1128,4,3,Suburb,1990,206901.943
2158,5,3,Urban,1977,224755.0935
1656,4,1,Suburb,1957,204416.2927
2150,5,1,Rural,1961,279377.8259
1737,2,3,Rural,2007,270075.6804
1938,3,2,Rural,1999,161297.3945
1070,3,2,Suburb,2011,107546.4893
1272,3,3,Suburb,1959,207964.5702
2210,4,2,Urban,2001,208435.9829
2026,3,1,Rural,1989,283873.1522
2308,5,3,Suburb,2010,343440.838
1021,3,1,Suburb,2004,177510.7293
1165,4,2,Suburb,1955,114811.0643
2333,4,2,Urban,1996,270651.2443
1874,4,1,Urban,1977,238329.8943
2500,5,2,Rural,1984,308080.0682
1497,4,2,Rural,1970,150828.5759
1433,5,1,Suburb,1970,202117.195
1757,4,1,Rural,1986,250061.4988
1233,2,1,Suburb,1989,190802.2636
1836,4,1,Suburb,1996,208861.9281
2693,3,2,Suburb,2012,194280.832
1662,3,1,Rural,1964,176251.1697
1724,2,3,Suburb,2004,121469.9926
1375,4,2,Suburb,2009,187883.9754
1729,3,2,Urban,1967,167325.6723
2269,3,1,Urban,1988,233908.0294
1302,5,2,Suburb,1954,132950.3258
1404,5,1,Rural,2011,249188.71
2811,4,2,Rural,2004,350863.3978
2686,2,1,Urban,1983,276224.3229
1707,4,2,Urban,1977,257174.5576
1916,5,3,Suburb,1993,264324.1297
1020,5,1,Rural,1952,178458.0544
1256,4,1,Urban,1985,29002.96518
1398,4,3,Rural,1952,296555.385
2552,4,1,Urban,1965,341567.7296
1050,4,2,Rural,2002,124182.8706
1446,2,2,Urban,2004,208632.4049
2293,3,2,Suburb,1982,243572.9125
1826,4,3,Rural,2009,269415.0837
1594,3,3,Rural,2004,204165.1439
1817,5,2,Rural,1967,138366.5776
1635,3,3,Rural,1953,162431.3739
2825,4,1,Suburb,1971,383501.3622
2285,3,3,Rural,1958,205694.3878
2388,4,1,Rural,1956,271596.5456
2072,4,2,Urban,2005,310644.8078
2541,5,2,Urban,2009,346164.9778
2652,4,2,Rural,1979,272314.9308
2141,5,3,Suburb,1968,227046.9029
2476,2,2,Suburb,2009,197844.379
1774,4,3,Rural,2007,247539.0609
2888,5,2,Urban,1990,309434.6873
1972,5,1,Urban,1977,240416.7576
2970,4,3,Urban,2005,462557.563
2909,3,1,Suburb,1975,316188.0989
2664,5,1,Rural,2021,329434.4538
1396,2,1,Suburb,1984,197479.7229
1682,3,2,Suburb,1998,166292.3619
2050,3,1,Urban,1998,213671.0409
1710,4,1,Suburb,2011,146764.1453
2395,5,1,Suburb,1983,229264.2854
2922,2,3,Rural,1996,311867.5905
2849,5,3,Urban,1967,311240.9151
2880,2,3,Suburb,1968,266474.3159
2120,5,3,Rural,1956,227869.2237
1528,4,3,Suburb,1972,129154.2259
1684,2,3,Rural,2016,163654.9573
2997,4,3,Urban,1952,378003.1482
1612,5,2,Rural,2002,222437.406
1185,2,3,Suburb,1978,126872.8699
1695,2,1,Rural,2017,99734.19912
2973,5,2,Suburb,1990,389897.4258
1214,4,3,Suburb,2004,149333.7866
2274,2,3,Rural,2008,290566.1115
1215,2,1,Suburb,2015,46309.26848
1028,2,1,Urban,1988,165261.3368
1101,5,1,Rural,1994,57407.98251
1122,3,2,Suburb,2003,130450.3637
1053,5,2,Rural,1980,101498.2603
2306,4,2,Urban,1962,236881.0702
2637,3,2,Rural,1987,264435.5811
2140,2,1,Rural,1976,181532.9247
1615,2,1,Suburb,1985,151256.0583
1556,3,1,Rural,1977,176047.0412
1113,2,1,Rural,1984,132207.0841
1854,2,1,Suburb,1978,202812.0256
2566,5,3,Urban,1951,337168.5717
1675,5,1,Rural,1987,218889.3947
1976,4,1,Urban,2010,249085.6066
1700,2,3,Urban,1986,248987.0637
2316,4,2,Suburb,2020,264159.5466
2218,4,1,Rural,2012,385254.427
1291,3,3,Suburb,2009,191953.692
2910,3,3,Urban,1985,300022.0413
1260,2,3,Suburb,1956,158959.6865
2965,3,3,Rural,1984,379912.2259
2230,4,2,Suburb,1995,188910.7149
1563,5,2,Urban,1954,92964.01068
1048,3,2,Urban,2009,126603.2903
2029,4,1,Rural,2001,84003.26438
1378,3,3,Rural,2021,133074.66
2417,2,1,Urban,2008,258354.089
2909,3,3,Urban,1987,336644.2447
1223,5,3,Rural,1984,91418.73256
2046,2,2,Suburb,1969,332731.9464
2007,3,2,Rural,1991,232920.8883
1656,5,1,Suburb,2018,144029.3128
1109,4,3,Suburb,1951,185600.2315
1723,3,3,Rural,1989,166100.7735
2835,3,1,Rural,1989,352221.4661
1552,4,2,Rural,1991,254832.7252
2422,4,3,Suburb,1984,250004.9102
2195,3,3,Suburb,1985,247409.7105
2005,5,3,Rural,1965,285469.8348
1697,4,2,Suburb,1978,206348.4391
1725,4,2,Suburb,1960,241869.6218
1305,5,1,Suburb,2007,134209.3448
2587,3,2,Rural,1987,411501.1161
2605,2,2,Urban,1973,244622.6874
2731,3,1,Rural,2004,301996.0061
1958,3,1,Suburb,1983,172384.2854
1953,2,3,Suburb,2004,189765.7701
2174,3,2,Suburb,2014,238954.5238
2451,3,1,Rural,1955,217902.996
1620,4,1,Suburb,1985,38070.32351
2490,5,3,Suburb,1980,339571.4444
1629,3,2,Urban,1976,98969.31996
1876,2,3,Urban,1952,287139.9044
2630,2,2,Suburb,1951,278608.5447
2791,4,1,Rural,2014,237122.5987
1555,3,3,Suburb,1984,158491.1512
2971,3,2,Suburb,2010,369345.7647
1066,3,1,Suburb,1961,122824.4231
2179,3,3,Urban,1977,216918.2839
1834,2,3,Rural,2009,184501.5162
1205,2,1,Rural,2013,102966.7693
1785,4,2,Urban,2000,197586.7545
1154,3,2,Urban,1965,80047.22831
2714,2,3,Urban,2015,292936.5811
2532,3,1,Urban,2015,267005.8236
2595,5,2,Urban,1996,319346.466
2097,5,2,Rural,1987,227552.8138
2072,2,2,Rural,2020,203080.3151
1782,5,3,Urban,2021,176270.1721
2490,5,3,Urban,1990,330813.7941
1584,2,3,Rural,2019,193317.0945
1707,4,2,Rural,2011,300659.8024
2934,5,1,Rural,1998,326885.2315
1178,3,1,Urban,2019,140924.4242
2071,5,1,Rural,1995,267497.2456
2095,4,3,Rural,1970,246172.2976
1112,4,2,Urban,1996,162700.3929
1756,4,2,Urban,2006,190324.1837
1896,4,1,Urban,1984,148230.0404
2926,4,2,Suburb,2007,217519.6948
1820,5,1,Rural,1977,234923.8382
1158,5,3,Suburb,1978,141866.6264
1785,5,1,Suburb,1993,173595.5387
2803,5,3,Urban,1993,300959.4533
2839,4,2,Rural,1988,234175.2574
2053,4,2,Rural,2008,310054.6232
2120,3,3,Urban,1974,261175.6884
1250,5,2,Rural,1955,166401.4275
2542,4,3,Suburb,1997,265578.7039
2115,3,1,Rural,1965,256794.8909
1112,3,3,Rural,2003,100860.8307
1258,2,1,Urban,1980,83029.72782
1106,5,2,Suburb,1968,200548.0209
1574,4,1,Suburb,2010,159749.9781
2413,5,1,Urban,1993,256715.2028
1990,3,2,Urban,1970,180626.1037
2381,5,2,Rural,1983,198284.96
2806,2,1,Urban,2005,321611.8717
2222,2,3,Rural,1993,244932.5742
1426,4,1,Rural,1971,165840.2068
2501,4,2,Urban,2017,256340.9533
1858,4,3,Urban,1991,162159.1297
2872,4,1,Rural,1979,360981.5622
2526,5,2,Suburb,1964,204607.9307
2681,5,3,Suburb,1952,230992.9456
1917,3,2,Rural,1974,141218.3711
2596,3,3,Urban,1971,442623.936
2143,4,1,Suburb,1977,228304.5137
2596,5,3,Urban,1954,275229.1491
2332,4,3,Urban,1983,198010.034
2561,3,1,Urban,1996,253608.9838
1626,5,3,Suburb,2006,274439.9836
1474,4,1,Suburb,1951,227993.4101
1551,2,2,Urban,1977,82180.93936
1343,3,2,Rural,2005,128011.7298
1627,2,2,Urban,2002,273875.5799
1135,2,1,Urban,2007,126659.2355
1276,5,1,Rural,2009,89575.85643
2834,2,1,Suburb,2021,275453.4708
2556,2,1,Rural,1990,278191.8982
2922,4,2,Rural,1956,426144.0282
1030,5,1,Rural,2009,92901.71123
1246,4,2,Urban,2008,169676.6934
1410,4,3,Suburb,1999,113795.6523
1026,4,3,Suburb,1981,120379.4011
1072,5,2,Rural,1951,170284.9537
2976,3,3,Suburb,1952,259008.3607
2120,5,2,Rural,1964,273122.2718
1672,4,1,Rural,1965,287329.7338
2369,3,2,Urban,1975,275904.2332
1475,2,1,Suburb,1980,215855.3904
2323,3,3,Rural,1998,184700.4514
2322,5,2,Suburb,2003,243488.5628
1286,4,1,Suburb,1978,47343.01463
2908,2,2,Suburb,1958,318875.6563
2472,2,2,Rural,1996,279985.8049
1211,4,2,Urban,1966,139247.4964
2099,2,3,Rural,1981,228044.2309
1400,2,1,Urban,1955,201550.658
1654,2,3,Suburb,1992,168268.7573
2057,5,1,Suburb,1997,271707.6537
1497,3,2,Suburb,1993,172616.3058
1847,5,3,Suburb,1969,249778.09
2539,2,1,Urban,2017,263462.781
2351,5,1,Rural,1989,356019.7738
1097,2,3,Urban,2000,75410.86889
1365,5,1,Rural,2020,219982.7915
2752,3,1,Suburb,2005,279263.9051
1462,4,2,Suburb,1951,180453.0166
1027,3,1,Rural,1992,134599.7623
1712,5,1,Suburb,1990,197162.6069
2409,5,3,Urban,1992,345855.7873
1272,3,1,Rural,1995,102299.0821
1825,5,2,Rural,1954,254062.3882
2150,4,3,Rural,1995,301514.4428
1201,4,3,Urban,2006,182640.7961
2544,3,1,Rural,2020,338353.3231
2310,2,3,Rural,2021,184560.1671
1449,4,3,Suburb,1972,185007.5139
2111,5,3,Rural,2014,264867.6019
2341,2,2,Urban,1956,241334.8964
1018,4,2,Urban,1955,112593.656
2616,2,1,Suburb,2014,299757.1516
2130,5,2,Urban,1994,194401.7149
2481,3,1,Suburb,1970,315549.8946
1310,3,3,Suburb,1981,185522.9136
1411,5,2,Urban,1987,147493.4626
1741,3,2,Rural,1962,172523.9146
1623,5,2,Urban,1987,137721.5799
1731,3,2,Urban,1993,181895.2178
1634,4,3,Urban,2018,183850.5934
1497,3,3,Suburb,1968,203028.0851
1243,2,2,Suburb,1975,133461.7819
1689,3,3,Urban,2009,276966.4314
1576,3,3,Urban,2008,31986.07753
2403,3,3,Suburb,2003,268269.387
1514,3,1,Urban,1963,193449.169
1206,4,2,Urban,1959,86538.91708
1947,5,1,Suburb,2018,236001.0796
1393,4,1,Urban,1968,145268.5445
2044,4,3,Suburb,1966,309871.3235
2828,2,1,Rural,1955,264067.9673
2550,5,3,Rural,1960,286206.0586
2366,5,3,Suburb,1995,274947.9688
1717,2,1,Urban,2004,95141.30611
2998,5,2,Rural,1981,380994.8253
1201,3,2,Urban,1983,108062.5101
1119,5,3,Urban,1950,125785.4258
2672,2,1,Urban,2011,253467.8572
2835,2,2,Suburb,1972,217268.6275
2830,2,1,Rural,1967,274426.5349
1388,2,1,Rural,2016,187190.3224
2560,4,1,Urban,2010,301375.3716
2847,5,3,Urban,2007,428032.6565
1233,4,3,Suburb,2020,149827.7403
2656,2,3,Rural,1967,274898.3705
1601,2,2,Rural,2005,211469.1018
2343,4,1,Suburb,1992,262502.482
1711,3,3,Urban,1998,202302.6343
1981,5,1,Rural,2012,174478.9688
2203,4,1,Urban,1951,279881.8639
1856,5,3,Urban,1957,325621.3591
2391,2,2,Rural,1967,315760.1225
1075,2,3,Rural,1969,229494.2992
1648,2,1,Rural,2006,155488.8564
1649,5,1,Rural,1969,134951.246
1495,5,2,Rural,1956,156998.2871
2545,4,3,Urban,1964,231055.3393
2224,2,1,Rural,1988,328981.1499
1829,4,1,Suburb,2007,212296.4514
2369,3,1,Suburb,1967,157502.9204
1482,2,1,Suburb,1985,152386.9288
2242,2,3,Rural,1951,270149.4787
2083,3,3,Suburb,2018,221469.8951
1990,4,3,Urban,2004,212673.8879
2682,5,3,Rural,2016,325231.9204
1618,2,3,Urban,1958,118111.8577
1549,5,2,Suburb,2009,179796.7329
1645,2,3,Suburb,1951,81000.90877
2934,2,1,Suburb,2016,336223.8629
2244,5,3,Rural,1980,289395.8768
2838,2,2,Urban,1983,308610.3989
2964,3,1,Rural,1952,332066.6075
1501,4,2,Rural,1976,153345.476
2156,3,1,Urban,1968,251504.9947
1845,4,1,Rural,1986,238065.1304
1052,3,3,Suburb,2002,146285.5684
1449,3,2,Suburb,1987,186639.857
1061,4,2,Suburb,1958,197483.6638
2046,2,1,Rural,1975,210392.374
1043,5,3,Rural,1990,112084.608
1819,5,1,Suburb,1962,192110.8637
2581,5,2,Rural,2019,240909.3982
1658,2,1,Suburb,1969,140868.9955
1727,3,3,Suburb,1995,219780.2638
1851,3,2,Rural,1969,173338.1322
1046,3,1,Urban,2005,185938.6256
2882,2,3,Urban,1965,204298.9924
1819,4,2,Suburb,1978,198841.9666
2047,2,3,Suburb,2003,221269.039
2680,5,1,Rural,2000,303959.1784
1088,3,2,Rural,1956,108732.6393
2197,2,3,Rural,2013,173065.4809
2599,2,2,Suburb,1963,284241.8124
2142,2,1,Suburb,1990,316145.963
1734,4,1,Rural,2013,102955.1814
2691,3,3,Urban,1950,275823.0695
1177,2,2,Urban,1957,211486.1986
2018,2,1,Urban,2000,272481.0636
2855,5,3,Suburb,1955,306474.0047
2947,3,3,Rural,1967,290638.1414
2365,2,3,Urban,1990,245336.425
2591,2,2,Rural,2018,312332.6966
2082,2,1,Urban,1954,169953.8015
1900,2,1,Rural,2015,243724.1505
1437,3,2,Urban,1967,184477.9098
2451,2,1,Suburb,1986,267177.7943
1425,4,3,Suburb,1952,104818.5818
1967,2,3,Suburb,1991,205015.6792
2404,4,2,Urban,1977,249019.6399
1485,3,3,Suburb,1993,159602.7025
2755,2,1,Rural,1964,276248.3779
2208,5,1,Suburb,1983,160054.236
2582,4,2,Suburb,2018,261534.9539
1459,4,3,Suburb,2009,147422.536
2912,2,1,Rural,1982,358113.7252
1920,5,1,Suburb,2000,252056.2666
2125,5,1,Rural,1995,254527.837
2579,2,3,Urban,2020,318759.3289
2038,3,1,Urban,2009,215363.661
1747,3,3,Rural,2001,237451.5055
2896,2,1,Suburb,1971,287648.6864
1050,3,3,Urban,1964,147668.3402
1308,5,1,Rural,1999,221519.0595
2057,3,3,Rural,2000,167825.5598
2659,3,2,Urban,2021,247657.6446
2004,3,2,Urban,1950,253717.1105
2612,2,2,Rural,1978,326770.2077
2927,2,1,Rural,1983,327276.5682
1634,4,3,Suburb,2002,235837.6195
1204,3,1,Suburb,1952,116909.985
1739,2,3,Urban,1997,218554.0169
2093,5,3,Urban,1969,226830.6814
2253,4,1,Urban,2014,252022.771
2503,5,3,Suburb,1956,308898.8807
1532,3,2,Rural,1969,186686.3574
1107,5,1,Rural,1992,189424.6554
1875,4,2,Urban,2006,215052.98
2264,3,2,Rural,1994,290196.9593
1250,2,2,Suburb,2021,69748.03213
1134,5,1,Rural,1956,163960.8608
2113,5,2,Suburb,1996,271326.7818
2614,4,1,Suburb,1950,362484.5273
2463,2,1,Suburb,2009,226850.4907
1688,3,2,Suburb,2004,175396.8327
2321,3,3,Suburb,1989,222928.0646
1406,3,3,Suburb,1952,221878.419
2331,4,1,Urban,1960,240290.1889
1101,5,2,Suburb,1992,104652.4221
2384,5,1,Rural,1994,360018.8511
2870,5,3,Rural,1957,361982.7331
2647,5,1,Urban,1988,342846.1388
1692,4,1,Urban,1992,167724.7724
2639,4,3,Suburb,1982,244548.7794
2551,2,2,Rural,1978,337421.576
2631,4,3,Suburb,2019,308609.8362
2316,5,2,Suburb,1967,301443.0351
2169,3,2,Suburb,1995,297552.6251
1403,2,3,Urban,1957,202640.2207
1813,3,1,Suburb,1953,243126.118
2025,3,1,Suburb,1994,166707.6838
2142,5,3,Urban,1964,197048.2972
1854,4,2,Rural,2002,169354.584
2629,4,3,Rural,2016,245035.988
2214,4,1,Urban,2013,213600.8726
2026,5,1,Suburb,2010,233968.9913
1941,5,2,Suburb,2005,184816.2148
2020,3,3,Rural,1971,173695.0385
2510,2,1,Suburb,1971,313279.333
2646,4,3,Suburb,1993,242862.0887
1176,4,3,Suburb,2004,117863.2371
2280,2,3,Urban,1992,235535.0359
1872,3,2,Suburb,1969,102505.2399
2557,3,1,Suburb,1970,234156.8006
1476,2,2,Urban,1958,137487.3066
1397,4,1,Rural,1958,128855.0888
2519,5,1,Urban,2021,220189.6222
1219,5,3,Urban,1971,121411.5604
1172,2,3,Urban,1993,201921.9934
1735,4,1,Suburb,2004,165414.3401
2413,2,3,Rural,1984,261860.9916
1501,3,3,Suburb,1976,230029.2296
2600,3,3,Urban,1979,249130.7726
2812,5,2,Suburb,2010,285836.972
1760,3,2,Rural,1954,271917.0114
2283,3,1,Rural,1961,224002.0938
1130,2,3,Urban,1984,206834.8319
2136,2,3,Urban,1999,182204.5632
1797,4,3,Suburb,1954,185530.5862
1798,2,2,Suburb,1952,198065.9982
1929,4,1,Urban,1977,129456.8938
1722,5,3,Urban,1971,186975.1112
2043,2,2,Urban,1980,232656.981
1214,2,2,Rural,1976,129531.167
2333,2,3,Urban,1956,242158.3593
2274,5,3,Rural,1970,370831.3078
1487,2,2,Suburb,1985,109453.8281
2405,3,2,Urban,2006,362906.6564
2432,2,1,Urban,1965,316666.7313
2294,4,2,Rural,1964,276193.0182
2957,3,2,Urban,1990,288645.2327
2430,2,1,Urban,1981,152600.8263
2715,2,2,Rural,2000,247905.8636
2217,5,2,Suburb,1968,305547.8912
2464,4,1,Rural,1994,200929.1182
1312,3,1,Rural,2009,117717.582
1078,3,3,Suburb,1953,160613.5846
1179,5,2,Urban,1962,98810.0093
2003,3,3,Suburb,1980,151131.9529
1674,3,1,Urban,2020,152828.2138
2737,4,2,Urban,1997,307366.9186
1013,2,1,Urban,2021,189414.188
1858,2,2,Suburb,1950,252223.1819
1245,3,3,Urban,2011,173030.2681
2037,4,2,Urban,1973,312260.9094
1098,5,1,Urban,1988,87134.44566
1032,2,2,Rural,2015,142933.0361
2459,3,3,Suburb,2008,322078.35
1256,3,3,Rural,1966,81411.27789
1033,4,3,Urban,2013,113983.5332
1018,4,1,Rural,1994,145740.0203
2687,4,2,Rural,1951,274461.8706
2283,3,2,Urban,2000,235529.6914
2699,4,1,Urban,2017,337187.2042
1588,3,3,Rural,1950,257408.7625
2849,2,1,Rural,1962,232509.0148
2439,3,2,Urban,1988,334663.5561
1136,3,2,Rural,1960,90170.52489
1358,2,2,Urban,2008,143319.6283
2743,4,2,Suburb,2013,342226.3351
1753,4,2,Suburb,1950,243714.6996
2602,3,3,Rural,2012,214246.3143
2139,3,1,Suburb,1965,308228.3806
1403,2,3,Suburb,2002,135783.3096
2225,4,2,Urban,2001,298769.1335
2399,2,3,Urban,1952,315142.8679
1249,3,1,Urban,1958,176304.1329
1445,3,2,Rural,1975,140857.2903
1953,2,3,Suburb,1960,195933.37
1277,2,1,Urban,2000,129691.5658
1111,5,3,Rural,1994,63742.00538
2986,5,3,Urban,1978,331288.1361
2866,4,1,Rural,1971,293511.5652
2496,2,2,Urban,1977,255004.4655
1745,4,3,Suburb,1998,166573.6383
1687,5,2,Suburb,2010,189028.0261
1391,4,1,Suburb,1989,217652.5397
1968,5,2,Suburb,1964,264920.6945
1142,2,3,Suburb,2016,235018.2974
2055,2,3,Urban,2012,209740.8322
1180,4,1,Rural,2010,106441.6546
1578,2,3,Urban,2017,125450.2185
2539,4,3,Urban,1996,305130.6342
1797,4,1,Suburb,1988,207019.829
1268,5,2,Rural,1998,208070.2831
2259,3,2,Suburb,1969,167546.0415
2300,4,2,Suburb,2020,220466.0945
1552,5,2,Suburb,1990,156556.0324
1632,5,3,Urban,2005,193895.2063
1274,5,2,Urban,1977,141131.1381
1742,3,1,Rural,1959,215728.8351
2839,2,1,Urban,2018,397803.3036
1085,4,2,Suburb,1977,62921.8287
2086,4,3,Rural,1952,201409.6019
1403,2,1,Rural,1956,104302.5881
1191,2,1,Rural,1969,91536.97348
2316,5,3,Suburb,2014,360630.4318
2054,5,1,Suburb,1971,310917.0439
2353,2,2,Rural,2010,211717.3239
2681,4,2,Rural,1978,264525.6056
1106,2,2,Urban,1984,7177.628532
2894,2,3,Suburb,2008,308154.0434
1621,3,1,Urban,2010,140610.2921
1275,3,1,Suburb,1964,119016.6322
2745,5,3,Suburb,1957,321803.9696
1650,5,2,Rural,1985,180433.793
2621,4,2,Suburb,1988,258065.7457
1555,2,3,Rural,1985,222071.7541
2105,2,1,Rural,1973,244175.4405
2087,3,2,Urban,1974,302681.959
2913,4,2,Rural,2016,276082.4055
2953,2,1,Rural,2019,381656.1051
2878,4,2,Urban,1993,398534.8407
2856,3,1,Suburb,2020,284543.6542
1566,2,1,Suburb,1994,130645.0367
1585,3,2,Suburb,2011,182951.6647
1884,3,2,Rural,1979,187197.7842
1128,3,1,Suburb,2008,235553.9321
1255,2,3,Urban,1971,153385.1273
1933,4,3,Suburb,1997,242706.2866
1230,2,2,Rural,1996,181131.0179
2520,3,1,Urban,2010,300731.8355
2160,5,1,Urban,1974,182191.0754
1862,4,1,Rural,1969,204524.0123
2478,5,3,Rural,2002,317264.6597
2936,3,2,Suburb,1964,354391.565
1354,2,2,Rural,1963,68370.3357
2647,4,3,Rural,2012,312846.4391
2508,5,1,Urban,2015,274158.8179
2843,2,3,Suburb,1972,311550.1977
1145,4,3,Suburb,2009,170405.9891
2982,3,2,Urban,1953,344890.5608
2056,3,3,Urban,1964,243426.0654
1259,3,1,Urban,1998,133879.8668
1086,2,3,Suburb,1993,34007.66154
1842,2,1,Rural,1964,148659.352
2971,3,3,Suburb,1978,284443.5564
1264,3,1,Suburb,2002,135540.8659
2855,4,2,Suburb,1956,245818.6912
2565,5,2,Rural,1971,261514.2005
1391,4,3,Urban,1953,219267.2461
1231,5,2,Urban,2007,238528.4206
1900,2,3,Rural,2018,186935.7627
1587,4,1,Suburb,1961,109881.336
1446,2,1,Suburb,2008,134614.4415
2152,2,2,Rural,1990,260351.6404
2294,5,3,Suburb,1972,194115.9836
2112,5,1,Suburb,2007,230709.3954
1465,4,3,Urban,2017,169874.9496
1933,4,2,Urban,1976,177994.6036
2193,4,3,Urban,2015,192505.7087
1127,5,2,Suburb,1989,214692.8047
2197,3,3,Urban,1985,292671.9349
2972,3,2,Urban,1968,335586.5907
2049,5,3,Rural,1957,221309.3221
1572,4,3,Suburb,1975,272575.5711
1510,3,3,Rural,2019,190700.5731
1487,2,2,Suburb,1965,130621.903
1890,3,3,Rural,1993,202250.3224
1578,3,2,Rural,1996,147195.2713
1949,5,1,Rural,2010,225517.0885
1405,5,3,Urban,1973,159500.5582
2049,3,3,Urban,1955,219813.0421
2106,2,2,Urban,2016,270541.9371
1363,2,3,Suburb,1976,205304.4195
2390,4,3,Rural,2011,307024.3721
2083,3,1,Rural,2017,218404.2644
1550,3,3,Suburb,1956,179420.6003
2658,2,3,Suburb,1956,243577.4522
1291,5,1,Urban,2015,88152.16617
1788,3,2,Rural,1992,119150.1079
2960,2,1,Rural,2005,270920.6961
2909,3,1,Urban,2003,293445.919
1815,5,3,Urban,1997,190616.7717
2817,4,3,Urban,1991,241090.9102
1190,5,2,Suburb,2014,229363.7626
1460,5,2,Rural,1967,185723.1125
2827,2,2,Suburb,1968,184053.8373
1663,2,1,Rural,1994,192391.4687
2919,5,1,Urban,1969,361929.3188
1232,2,1,Suburb,1979,126844.0056
1473,5,2,Rural,1956,175294.1449
2428,5,2,Rural,1972,259140.0007
1657,3,3,Suburb,1964,199415.5824
1270,5,1,Rural,1984,115311.2081
2870,4,3,Suburb,1973,366860.7643
2157,2,2,Suburb,2016,212039.2808
1170,4,3,Urban,1998,98454.09255
2438,2,1,Urban,1994,313916.2078
1027,5,2,Urban,1965,164129.3797
1135,4,1,Urban,2003,164251.628
1924,3,2,Suburb,1977,228720.7479
1404,5,1,Suburb,2021,179710.2844
1976,5,3,Urban,2003,300432.9446
1887,5,2,Suburb,2020,207302.5362
2528,3,1,Urban,1985,226022.0166
2264,4,2,Rural,2006,185340.5697
1855,5,2,Urban,2001,205933.163
2977,4,1,Rural,1980,318063.7569
1443,5,3,Rural,1979,216714.4735
1433,5,2,Suburb,1988,111059.1883
2251,5,1,Urban,1972,216834.4737
1508,3,2,Rural,2001,153247.009
2822,5,3,Urban,1965,404375.3818
2326,4,3,Rural,1970,212567.9569
1033,5,1,Suburb,1962,118828.9678
2025,4,3,Suburb,2019,262928.1549
1361,4,2,Suburb,2009,186766.2091
2218,2,3,Rural,1971,228802.184
1605,4,3,Urban,1969,179153.182
2863,2,3,Suburb,1991,349150.5383
2331,3,2,Rural,2009,288517.7175
2670,5,3,Urban,1988,314270.4908
1715,3,2,Rural,1957,211650.3252
1249,3,1,Urban,1961,164716.2734
1146,4,2,Rural,2010,145624.865
2369,5,2,Rural,1977,226309.2437
1347,5,1,Rural,1992,176461.1299
2277,3,3,Suburb,1965,160845.0014
1398,2,3,Rural,1979,129253.9851
2357,2,1,Rural,1996,255726.541
2199,4,3,Urban,2003,257548.6059
1124,2,3,Rural,2019,115347.0584
1762,2,1,Suburb,1994,238027.0049
1397,3,3,Suburb,2006,139067.4929
1130,2,1,Rural,1974,112401.533
2585,5,3,Rural,2005,214235.3682
1604,3,3,Urban,2010,236737.1269
1891,3,3,Rural,1979,132126.9896
1821,2,3,Suburb,1991,251756.5196
1901,5,1,Suburb,1986,206354.8462
1944,5,2,Rural,1972,321783.6847
2430,2,2,Urban,1975,181999.9324
1731,5,1,Rural,1951,222784.0354
2869,4,1,Rural,2017,367341.0462
1333,4,3,Urban,1988,237219.4217
2043,2,3,Rural,1989,268565.0112
1204,3,2,Urban,1985,132250.5782
2626,3,2,Urban,1971,282942.6643
1955,5,1,Suburb,2020,167141.1732
1354,4,1,Rural,1973,183978.8393
2196,3,3,Rural,1966,270925.8326
2212,5,3,Urban,1980,253010.1743
1823,4,3,Suburb,1985,194948.9863
2025,3,2,Suburb,1954,171593.5501
2896,5,2,Suburb,1991,366121.0302
1940,2,1,Rural,1980,188740.4196
1167,2,2,Rural,1983,175737.4866
1367,3,3,Rural,1977,118890.8569
1535,5,1,Urban,2018,181948.0164
2948,4,2,Urban,1974,242411.0388
1962,2,3,Rural,2012,219683.3339
2900,4,1,Rural,1986,266474.9967
1579,5,2,Urban,1973,135691.6929
2393,2,1,Suburb,2009,328219.6472
2729,3,1,Urban,1957,409178.2806
2619,2,2,Suburb,2019,309286.4847
1949,3,3,Suburb,1996,175147.8427
2460,4,2,Urban,2004,373150.301
1206,2,3,Rural,1963,162958.8972
2072,5,1,Urban,1955,295099.7949
1543,4,3,Urban,1963,150426.5454
2852,4,3,Suburb,1996,230377.0181
2705,3,1,Rural,1980,302888.9916
1128,5,2,Rural,1967,185518.2316
2470,4,1,Urban,2009,277344.6309
1613,2,3,Urban,1989,120473.4003
1034,3,2,Rural,1982,153829.786
1818,5,2,Rural,2001,172701.5403
1198,3,1,Urban,1973,125809.3192
2836,3,1,Rural,1986,348787.776
1076,4,3,Suburb,1969,123051.9944
1368,2,2,Rural,1981,118170.7047
1832,2,2,Suburb,1966,184915.6416
1525,5,1,Urban,1957,269303.8794
1348,5,1,Suburb,1986,107385.6012
1505,2,3,Rural,1969,229144.2853
1642,3,3,Suburb,1961,209895.0819
1237,3,2,Rural,1983,174177.8194
2303,2,1,Suburb,1968,258800.8956
2600,4,3,Rural,2014,354819.2228
2455,3,2,Urban,1961,202112.8726
1137,2,3,Urban,2008,150159.4246
2292,4,2,Rural,1988,264742.9218
2763,3,3,Suburb,1985,280019.6446
2224,5,1,Urban,1986,274244.152
2165,3,2,Suburb,1977,228428.6383
1611,3,1,Rural,1982,184743.3912
2673,2,1,Suburb,1993,282434.5176
1679,3,2,Urban,1972,196405.3091
2942,3,3,Rural,2001,285096.192
2634,4,3,Rural,2002,289591.2427
2846,2,2,Suburb,1975,424711.1828
2854,4,2,Rural,2004,285222.2597
1838,5,1,Suburb,2014,264463.594
1937,3,2,Suburb,1989,248105.0488
1354,2,2,Suburb,1973,139026.0859
1577,5,2,Suburb,2013,214051.5897
1846,2,1,Urban,1983,204101.1493
2352,3,1,Urban,1972,269866.4234
1558,2,1,Suburb,2012,205323.7346
1848,2,1,Suburb,1967,220087.5998
2917,4,2,Urban,2006,293253.5429
2254,2,1,Urban,1971,270946.0596
2331,2,2,Urban,1953,259995.007
2681,4,1,Urban,1955,284354.6816
2742,3,2,Suburb,1951,297821.8504
2169,5,3,Rural,1959,300888.0676
2175,4,1,Urban,1991,192686.7764
2814,3,2,Suburb,2002,229442.7489
1139,3,2,Rural,1990,121582.5108
1662,5,1,Urban,2000,157653.1712
1020,3,1,Urban,1972,131417.9583
2277,4,2,Urban,2014,190862.7604
1063,3,3,Suburb,2001,80401.92637
2241,5,1,Suburb,2000,317039.974
2095,5,3,Rural,1981,263783.8248
1989,4,2,Rural,2005,237989.8245
1161,4,2,Suburb,1984,158671.8361
1129,3,3,Suburb,1961,138940.0613
1580,5,1,Urban,1985,196867.9691
2950,5,2,Urban,2007,235491.3017
1224,3,1,Urban,2019,216433.1279
2781,5,1,Urban,1989,304391.4464
1579,4,3,Urban,1994,181354.1714
2477,4,2,Urban,1991,313430.438
1982,3,1,Urban,1981,309355.2163
2004,3,1,Urban,2010,185796.8875
2938,3,1,Urban,1989,312513.5577
2407,4,2,Urban,2016,254909.9053
1106,4,3,Urban,2003,162684.1532
1620,5,3,Suburb,1973,225137.8843
1839,4,2,Urban,2020,261436.0191
2126,3,3,Rural,2017,139298.6545
2164,2,3,Rural,1987,300978.2582
1576,2,3,Suburb,1985,207228.2622
2157,2,3,Suburb,1952,260546.2311
1198,2,3,Suburb,1956,99945.17088
2903,2,1,Rural,1990,248039.6335
1509,4,2,Suburb,2020,162640.0256
1666,3,1,Suburb,1953,194681.3229
1078,3,1,Urban,2012,70238.26839
2971,5,2,Rural,2017,362266.0969
1893,3,1,Rural,1974,302179.1697
2505,5,3,Suburb,2003,231054.9451
1511,3,1,Suburb,2015,160304.2185
1249,5,2,Rural,1976,82807.99524
1888,5,1,Urban,2015,211102.5838
2023,3,3,Urban,1990,135333.6835
1598,2,2,Rural,1971,158668.0245
2839,3,1,Suburb,2019,203305.6342
1752,3,3,Suburb,1963,294415.4033
1599,2,2,Rural,1994,85231.74189
1974,3,2,Rural,2003,197717.9086
1482,5,3,Suburb,2020,233151.2747
1835,2,2,Rural,1975,237491.8609
1171,2,2,Rural,1991,193060.6965
1868,4,1,Rural,1970,234725.6051
1016,5,3,Rural,1969,184050.3091
2758,5,1,Suburb,2011,317608.1238
2317,3,1,Suburb,2011,215111.7193
1393,3,1,Suburb,2018,106338.0154
2845,5,3,Urban,1951,374387.9671
2521,5,2,Suburb,2010,261820.2248
2242,5,3,Rural,1982,282277.3045
1233,3,2,Urban,1974,114972.4269
2413,5,3,Urban,1970,240690.1581
1247,5,2,Urban,1984,149511.3456
2925,2,1,Rural,1991,336054.8434
1051,5,1,Rural,2013,125720.3496
1014,4,2,Urban,1995,92746.50931
2347,3,1,Urban,1966,323930.4995
1440,2,3,Urban,2012,151806.6306
2135,5,3,Urban,1985,285868.215
1695,5,3,Rural,1990,202882.955
2895,2,2,Suburb,1957,332204.2427
1006,2,2,Urban,2004,126498.8518
2586,2,3,Urban,2011,306391.5387
1825,4,2,Urban,2021,221849.5187
2776,4,3,Urban,1979,332712.617
2268,2,1,Rural,1975,136884.2022
2471,5,1,Suburb,1954,327636.3481
2388,3,1,Urban,1961,258482.8141
2390,4,3,Suburb,1996,281606.0647
2945,3,2,Urban,1976,251956.3771
2721,3,3,Suburb,1964,344530.0945
2310,4,3,Suburb,1998,319494.5306
2985,3,3,Suburb,1995,290647.2784
2627,5,1,Rural,1998,300242.2668
2129,4,1,Urban,1962,131127.2385
2036,4,1,Suburb,1982,202615.8663
2169,3,3,Urban,1990,193339.1003
1477,3,2,Urban,1951,246594.6948
1630,2,2,Rural,1959,184656.3921
1714,4,2,Rural,1955,301166.6899
2676,3,2,Rural,1966,281744.6144
1114,5,2,Suburb,1990,107305.3628
1508,4,2,Rural,1966,152494.6484
2175,2,3,Suburb,2005,149049.4028
1056,5,1,Urban,1992,213584.4876
1381,2,2,Urban,2005,117791.7826
2180,2,1,Rural,1976,186221.317
1951,5,3,Urban,2020,108841.7709
2845,2,2,Suburb,1957,318718.2454
2156,2,1,Suburb,2021,277271.3816
2186,2,3,Rural,1965,252517.485
1274,2,3,Rural,1953,124642.9162
2718,2,2,Rural,1973,297370.9822
2100,4,1,Rural,1987,259693.4459
2860,3,2,Rural,2015,309017.3107
1043,4,2,Urban,2020,93343.50075
1717,4,2,Rural,1952,221385.4932
2573,3,2,Urban,1968,285990.8232
1317,3,3,Rural,1958,110988.8652
1533,5,3,Urban,1982,264449.2509
2608,2,3,Rural,1978,255649.369
2776,3,1,Urban,1979,251243.8103
2959,5,2,Rural,2000,242668.8373
2177,5,3,Rural,1968,320951.7693
1236,4,3,Suburb,2017,238661.6342
1892,5,3,Suburb,1968,221680.7925
1516,2,3,Urban,1972,201043.015
2244,4,3,Urban,2012,276284.6176
2333,3,1,Rural,1980,183063.3411
2621,4,1,Rural,1961,326147.1955
2200,4,1,Rural,2016,261252.1641
2794,2,2,Rural,1992,277305.4248
2243,2,1,Suburb,1991,174503.9767
1037,4,1,Rural,2000,207122.1735
1653,3,2,Suburb,1987,152091.3774
2454,2,1,Urban,1955,228665.4125
2933,4,1,Urban,2003,216193.0188
1746,2,1,Suburb,1997,212528.0272
2226,2,3,Urban,1958,261592.8901
1840,5,3,Rural,2005,214290.9352
2829,3,2,Urban,1983,273262.8452
1447,4,2,Urban,1974,182610.2487
2518,4,2,Suburb,1977,307163.5695
1683,5,2,Urban,1984,163353.8656
1124,4,2,Rural,1977,82598.76695
2861,4,3,Rural,2003,288194.9087
2088,5,3,Suburb,1961,249867.788
1792,5,1,Suburb,1991,193421.2749
1783,4,1,Rural,1974,98560.21699
2267,5,3,Urban,1983,189176.1326
2550,2,3,Urban,1991,272077.0511
1225,2,1,Suburb,1999,147482.7351
1464,2,1,Rural,2013,113891.6355
1642,2,2,Rural,1958,102158.1538
2730,5,1,Rural,2015,275116.5549
1292,3,3,Rural,2000,109715.4508
1720,3,2,Urban,1977,236051.3409
2974,4,2,Urban,2018,357241.2314
2404,3,2,Suburb,1975,370459.8832
2648,2,2,Suburb,2014,213570.5447
1755,5,3,Suburb,1997,156988.3436
1165,2,3,Rural,1970,145984.3201
2726,2,1,Suburb,1951,268337.0438
1768,5,1,Suburb,1962,198432.6564
2862,2,3,Urban,2007,289047.3888
2241,2,3,Rural,2015,221662.0652
2006,5,1,Suburb,1966,214095.9301
1870,5,3,Suburb,1991,201829.0992
2298,4,3,Rural,2019,194403.7355
2075,4,2,Suburb,2015,175672.5677
2397,2,3,Urban,1998,224045.9952
2693,4,2,Suburb,2006,237547.0788
2386,3,3,Urban,1969,296236.1821
1566,3,1,Urban,1970,48843.73589
2037,2,3,Rural,1981,350256.4539
2804,4,3,Rural,2005,273513.9905
2363,2,1,Rural,1994,278756.8407
1601,4,1,Suburb,1971,217855.7416
2562,5,1,Rural,1987,193941.3924
2112,5,3,Urban,1985,280457.3059
1904,5,1,Suburb,1965,308996.8133
1040,5,3,Urban,2017,260396.9767
2327,2,1,Urban,2021,187443.0707
2291,2,3,Rural,1963,264712.0857
2161,2,1,Urban,1965,270780.6237
2029,3,1,Urban,1991,204830.1315
1241,5,2,Rural,1964,128606.548
1161,5,3,Urban,1971,178691.818
2018,5,1,Suburb,1989,249496.2114
1691,4,3,Urban,1986,263508.2456
1808,4,1,Urban,1983,55168.97261
1978,3,3,Urban,2017,206291.6314
1517,3,3,Rural,1953,119202.6457
1897,4,3,Urban,1958,244895.9986
1782,4,2,Urban,2000,213116.6102
2424,2,3,Urban,1971,298674.4356
1783,2,1,Urban,1962,162312.7692
2179,4,2,Rural,1988,231533.1247
1084,5,3,Rural,2001,152833.5625
2735,4,1,Urban,2009,311312.7136
2033,2,3,Urban,1956,167732.9666
1137,3,2,Urban,1995,125774.2379
1753,4,1,Rural,2007,143052.2058
1905,4,1,Urban,1972,229095.9175
1712,5,1,Suburb,2013,237670.5545
1155,3,2,Rural,1963,118400.8403
1407,5,1,Rural,1988,218565.7787
1786,3,3,Urban,1966,246313.6156
2248,5,3,Urban,1956,298677.6788
1579,3,1,Urban,1997,125978.0407
2207,4,2,Suburb,1990,253265.7122
2218,4,1,Urban,2009,298512.1985
1553,4,1,Rural,2004,182770.4423
1395,2,1,Rural,1952,226043.4746
2937,3,3,Urban,1996,338877.4228
2686,3,3,Rural,1959,263554.6216
2619,5,2,Suburb,1975,240092.3947
2157,2,2,Suburb,2019,334177.4535
2332,5,2,Suburb,1972,169008.2626
2889,2,3,Urban,1997,236982.7013
1809,5,3,Rural,1954,266084.017
1961,2,3,Rural,1977,240362.7782
1541,5,3,Rural,1981,154944.3013
2032,5,2,Rural,1995,328647.1142
1986,2,3,Urban,1971,209211.8934
1169,3,2,Rural,1961,123736.2151
1289,5,3,Urban,2007,181625.5643
2191,2,1,Rural,2017,261922.9816
2367,2,2,Suburb,1956,281448.2342
2520,3,2,Urban,1974,272821.1035
2168,3,3,Urban,2001,272071.3354
2436,3,2,Rural,1953,175190.3606
1739,3,1,Rural,2013,61767.40385
2841,5,2,Rural,2018,318767.2173
1587,5,2,Suburb,2017,145067.1763
1734,4,1,Suburb,1968,174767.8872
2712,5,3,Urban,1989,292349.5828
1456,4,3,Urban,2006,175430.4048
1700,4,1,Urban,2015,269748.4207
1978,5,2,Suburb,1958,178515.6271
2325,4,3,Urban,1982,235645.7425
1045,3,3,Urban,2011,107403.0528
2917,4,3,Urban,1978,247390.1384
2040,5,1,Rural,1967,221839.9285
2601,2,1,Suburb,1956,288672.1696
2383,5,2,Urban,1957,319109.0918
2284,2,1,Urban,2004,136711.3267
2146,2,1,Suburb,1964,105227.0548
1230,4,1,Rural,2004,138919.7101
1949,4,3,Urban,1957,187788.7658
1636,2,1,Rural,2005,219234.9079
1111,4,1,Urban,1969,131423.7327
2807,3,3,Urban,1952,319858.6146
1592,5,1,Urban,2008,117521.9214
2269,4,1,Rural,1976,230291.7206
1858,2,3,Suburb,1994,246604.283
1390,2,2,Suburb,1996,171555.3525
1391,5,1,Rural,1979,67703.03485
1327,4,2,Urban,1985,144738.089
2238,4,2,Rural,1984,382562.459
2887,2,2,Suburb,1951,360742.2858
1746,5,3,Suburb,1970,136073.9597
1366,2,2,Suburb,1964,112062.0727
1081,5,3,Urban,2021,130290.6538
1805,4,1,Suburb,1971,186740.5951
1821,4,2,Rural,1992,230101.5606
2099,5,2,Urban,2006,250680.1316
2550,2,2,Suburb,2020,272862.054
2755,2,1,Suburb,1971,283760.0421
2526,2,1,Urban,1986,184021.9323
2765,5,3,Suburb,1975,340104.6661
2969,5,3,Urban,1959,344646.4016
1951,2,3,Urban,2014,191929.7076
2502,2,3,Suburb,1984,273528.242
1371,5,3,Urban,2017,72835.81353
2288,5,3,Urban,1973,257550.4472
1263,2,1,Rural,1964,90766.19611
1109,2,2,Suburb,1954,174249.6472
2938,4,2,Suburb,1977,328574.8683
1306,3,2,Urban,2007,89905.09864
2223,5,1,Suburb,1958,282890.9181
1225,3,1,Rural,1950,89162.24811
1184,5,3,Rural,2012,212564.6553
1963,4,3,Rural,1968,280727.9047
1030,5,2,Rural,2003,93486.12049
1613,5,2,Suburb,1966,222613.3499
2794,3,1,Urban,1998,266948.936
1098,4,1,Urban,1951,132786.5049
2362,4,2,Rural,2004,323107.1738
1810,4,1,Rural,2001,285157.1158
2820,4,2,Rural,2003,304420.4785
2289,5,2,Suburb,1973,132318.8625
1651,3,2,Urban,2019,221297.1088
1813,4,2,Urban,1963,309206.7613
2821,2,2,Urban,1969,199908.2803
2373,4,2,Suburb,1978,233256.5667
2019,3,2,Rural,2003,167351.7211
1977,3,3,Rural,2007,208233.5366
2751,3,1,Rural,2018,377868.9333
2567,3,1,Urban,1976,284387.9982
2480,2,2,Suburb,2008,205233.3567
2838,4,1,Suburb,2004,318715.7269
1087,5,3,Suburb,1977,75627.92192
2086,5,1,Urban,1981,193883.3679
1921,2,3,Rural,1955,182252.1634
2410,4,3,Urban,2014,280520.8075
2814,4,2,Suburb,2001,404902.8603
2482,5,1,Suburb,1992,214278.3295
1585,2,1,Rural,1960,190668.2885
1817,5,3,Rural,2021,250829.4107
1931,2,2,Urban,1970,241369.3328
2659,3,2,Suburb,1974,306541.0844
2292,4,3,Urban,1963,285518.1638
2917,4,1,Suburb,1977,328750.7545
1796,4,2,Suburb,1990,223905.8104
2957,4,3,Suburb,1960,294970.3765
2018,4,2,Urban,1958,275679.5239
2012,4,3,Suburb,1968,266293.7775
1972,3,2,Rural,1973,225131.8217
1632,4,2,Rural,1995,186127.0794
1345,3,2,Urban,1990,93809.79112
1723,4,2,Suburb,1991,223058.4764
1900,4,3,Rural,1998,280439.7878
2683,2,2,Rural,1951,326680.7438
2101,4,1,Suburb,2007,207905.434
2388,5,1,Suburb,2017,281618.3663
2037,2,1,Rural,2001,217911.3356
1135,2,2,Rural,1980,205451.7517
2327,2,1,Rural,2018,300175.6836
1396,5,2,Rural,1953,165310.0231
1791,3,2,Suburb,2001,188627.1861
1078,2,3,Urban,1952,91227.10285
2778,2,1,Suburb,1983,346058.9284
1704,2,3,Urban,2019,180032.5445
1981,4,2,Suburb,1975,255149.0261
2441,3,2,Suburb,2005,284261.5211
2265,5,3,Urban,1969,274026.2221
2074,5,2,Rural,1993,210567.3651
1743,3,3,Rural,1965,185983.9946
2794,3,1,Suburb,2014,329757.6947
1383,3,2,Urban,1980,122216.8364
1374,4,2,Rural,1977,137808.9793
2753,2,3,Suburb,1987,257757.994
1205,4,2,Suburb,1971,145210.708
2849,3,1,Suburb,1958,286947.7059
1488,4,1,Rural,1974,128255.7192
2404,5,1,Suburb,1985,300915.1543
2991,4,2,Suburb,1996,294783.4834
1880,3,3,Rural,1979,215031.6921
2334,2,1,Urban,1986,190009.4657
2398,4,1,Suburb,2016,180882.7044
1631,3,2,Suburb,1994,149527.744
1591,4,3,Suburb,1950,90911.31724
2065,5,3,Urban,2017,312493.8821
1532,4,1,Rural,1962,246261.4933
1521,4,3,Urban,1970,179442.8697
1824,2,1,Rural,1989,241740.6848
2176,4,2,Suburb,1981,146466.6278
2335,4,1,Urban,1950,259007.4678
2317,5,2,Suburb,1970,341134.888
1597,5,1,Rural,1958,223724.8442
1112,5,2,Suburb,2001,142518.0122
2724,2,2,Rural,1996,251561.7805
2135,5,3,Rural,1985,280899.8525
2198,5,1,Suburb,1958,367805.7622
2845,4,2,Urban,1991,301658.3599
2325,4,1,Suburb,2010,310179.2847
2987,2,2,Urban,2016,219841.3256
2539,5,1,Rural,1951,297395.3183
1733,3,3,Suburb,2009,163500.1948
2985,4,1,Suburb,1959,443335.4943
2244,3,1,Urban,1997,194541.5078
2194,3,1,Urban,1953,271125.3779
1317,5,1,Rural,1971,242631.9176
1995,3,2,Urban,1998,182432.7602
1212,2,3,Urban,1980,183331.9311
1252,2,2,Urban,1991,258546.4753
1123,4,1,Suburb,2009,177612.4525
2663,3,1,Urban,1981,341034.835
2236,2,2,Rural,1983,282232.7606
1623,2,1,Urban,1966,165757.7045
2108,3,3,Suburb,2009,280323.4983
2539,2,1,Urban,1969,376331.6951
2088,3,3,Urban,2013,195392.4504
2341,2,1,Urban,1997,223408.1572
2369,3,3,Urban,2013,223359.4277
2655,2,2,Rural,1962,234949.8561
2266,2,2,Rural,1974,247365.998
1897,2,1,Rural,1970,262535.4516
2160,5,1,Urban,1988,150771.4859
1246,5,2,Urban,1995,138823.1632
1440,2,3,Urban,1999,184489.6375
1044,5,2,Rural,1964,261760.0729
1657,3,1,Urban,1958,251883.3081
1879,5,2,Urban,1995,230375.9531
2711,4,2,Rural,1972,343718.3681
2016,4,1,Urban,1984,246212.5741
1553,2,1,Rural,1981,103790.9981
1808,5,1,Urban,1952,175021.0139
1970,4,2,Rural,1961,121219.7511
2112,2,3,Rural,2010,262157.6781
1729,4,2,Urban,1974,153316.2523
2020,2,3,Urban,2017,194209.963
1953,4,3,Urban,1950,176681.3039
2251,4,3,Suburb,1982,252962.3825
2833,5,1,Rural,2004,318310.3593
2314,2,1,Rural,1998,241284.2042
2445,4,1,Rural,1998,334517.3083
2090,2,3,Rural,1957,202474.3554
2274,5,3,Suburb,2011,303769.205
2064,4,3,Rural,2012,376104.4031
1098,3,2,Suburb,2017,167026.9862
2329,3,3,Rural,1980,272598.8154
1871,3,1,Suburb,2016,165245.0086
2877,2,2,Rural,1995,301279.8803
2479,5,3,Suburb,2021,357287.7975
2614,2,1,Rural,1996,288141.2196
1300,2,3,Suburb,1956,168036.0997
2222,3,1,Suburb,1959,220393.2815
2682,5,1,Urban,1988,346913.8356
1487,4,1,Rural,2020,98392.22473
2129,2,3,Urban,1999,240469.5176
2424,3,1,Suburb,1953,206930.279
2728,2,3,Urban,2014,317783.3927
2004,2,1,Urban,1973,131784.8377
1476,5,3,Suburb,1970,243430.7374
2145,4,2,Urban,1987,225640.4932
2100,2,1,Urban,1955,201563.4375
2335,2,3,Urban,1978,199318.3486
2135,4,3,Urban,2004,239299.5196
1860,5,3,Suburb,2015,191147.747
1808,2,1,Suburb,1987,217161.7359
2705,5,2,Urban,1996,361066.2792
1517,5,1,Rural,1961,220210.5962
2220,2,1,Rural,1966,112831.1991
2121,4,2,Urban,1975,265212.1763
1458,2,2,Suburb,1994,181004.4483
2864,2,2,Urban,1975,217369.275
1229,3,1,Suburb,1970,180400.3947
2191,4,2,Rural,1993,300219.9593
2832,3,2,Urban,1991,231877.3625
2800,4,2,Urban,1984,235036.9035
1007,2,1,Suburb,1965,151274.2037
2195,5,2,Suburb,1962,289821.7783
2977,3,1,Rural,1986,334698.0078
2383,3,2,Rural,2011,314223.0474
1194,3,2,Urban,2020,96716.52174
2292,3,3,Urban,1981,176152.6618
2042,4,3,Suburb,2007,254848.4021
1353,5,1,Rural,1951,247282.3025
2887,5,3,Rural,1997,276707.9434
2072,2,3,Urban,2003,141148.833
1463,2,3,Rural,2014,167607.0524
1355,3,1,Suburb,2021,202201.7792
1849,2,2,Suburb,1994,211937.8547
1973,2,1,Suburb,1984,257534.1672
2181,4,3,Rural,1982,271510.2526
1065,2,1,Suburb,1971,121858.5269
2996,2,1,Urban,2021,309039.9026
1858,2,1,Rural,1995,158569.2654
1570,5,2,Rural,1971,203466.9883
2844,5,2,Suburb,1956,292404.6991
1307,2,3,Rural,2011,61502.26394
2360,3,2,Urban,1992,321742.8839
2694,5,3,Urban,2003,253565.985
1782,4,2,Rural,1956,188911.5844
1120,4,3,Rural,2004,184661.5341
1765,4,1,Rural,1953,161072.4128
2427,2,3,Rural,1972,279822.8656
1772,3,2,Rural,1990,215338.5196
2670,4,3,Urban,2020,223909.4317
2809,3,2,Urban,1996,198499.8274
2591,4,1,Urban,2006,236343.9021
2866,3,1,Rural,1994,339094.4399
1095,2,2,Urban,2015,156164.3475
2137,2,3,Urban,2010,139970.7357
1986,4,1,Rural,1966,301817.7502
2892,4,3,Suburb,1973,440699.2102
2452,5,1,Urban,1996,312032.6766
1539,4,1,Rural,1994,208353.9126
2841,5,3,Rural,2008,212625.8359
1001,5,2,Urban,1984,178834.9828
2235,2,2,Suburb,2014,272761.6555
1579,2,2,Urban,1968,197290.904
2663,5,2,Rural,1972,280233.1945
1332,4,3,Rural,1981,168885.1105
2047,5,3,Rural,1984,232383.42
2788,4,1,Rural,1990,345513.9611
2391,2,1,Rural,1957,301717.8746
1741,4,1,Rural,1961,190691.2081
1505,5,3,Rural,1985,202447.1361
1999,4,1,Urban,1997,241699.1756
2199,5,3,Suburb,1999,253510.6567
2452,4,3,Suburb,1955,242184.6592
2910,5,3,Suburb,1995,345815.7855
1732,2,1,Rural,2004,213971.0832
2465,5,2,Suburb,1980,275860.8286
2571,2,3,Rural,1975,290613.9345
1513,5,1,Urban,2016,162547.3969
1894,5,1,Urban,1958,213408.2151
1360,3,2,Rural,1956,155881.5962
1273,3,3,Suburb,1964,96262.98749
1176,3,3,Rural,2020,114408.6875
2287,3,1,Rural,1957,328227.9297
2209,4,3,Rural,1988,300837.6779
1526,2,2,Urban,1960,173426.5208
1912,2,3,Suburb,1998,209773.7384
1278,3,1,Urban,2021,96804.00364
1705,4,3,Suburb,1952,147662.0044
2221,5,3,Urban,2008,105808.0915
2372,5,3,Rural,1977,211260.1169
2946,2,3,Suburb,1991,365226.6643
2444,2,1,Urban,1996,160745.8554
2328,4,1,Urban,1959,229770.4443
1063,5,3,Suburb,1980,133901.1997
1289,4,1,Urban,2011,168334.9054
1017,5,1,Rural,1970,92797.39398
1063,3,1,Urban,2007,97651.18813
2897,3,3,Rural,1954,235849.6754
1329,4,3,Suburb,1955,130855.276
2893,2,3,Suburb,2012,242448.5543
1762,4,3,Rural,2004,196238.4549
2963,4,2,Suburb,2003,325422.209
2040,5,3,Suburb,1999,249679.7683
1442,5,3,Urban,2010,245138.4913
1140,5,3,Urban,2004,211783.632
2331,5,2,Rural,1964,307791.8911
1443,2,3,Suburb,1984,129475.4827
1495,2,2,Urban,2013,125286.6487
1425,3,2,Rural,1982,127262.8612
2498,4,3,Suburb,1996,410400.6323
2855,3,3,Urban,1964,319702.1514
2268,5,2,Rural,1967,303857.4058
1449,4,1,Suburb,1971,191672.6307
2825,5,2,Rural,1952,296564.7091
1350,4,2,Suburb,1951,214918.943
1598,2,3,Rural,1992,126792.4191
1710,5,3,Urban,1994,166279.9813
1869,4,1,Rural,1958,167490.4733
2983,4,2,Suburb,1993,372895.2122
2184,5,2,Suburb,1987,309106.0326
2163,2,1,Rural,1966,219669.16
2516,2,1,Urban,2008,213659.9256
2611,2,2,Suburb,1999,184344.291
2554,4,2,Rural,2011,234241.2277
1392,2,1,Rural,1959,103738.2962
1841,4,3,Rural,1973,202960.0297
1400,3,2,Urban,2009,209855.4861
1049,2,2,Rural,1957,110778.3418
1743,5,2,Rural,1968,142177.8192
2318,5,2,Urban,1960,201880.76
2448,5,1,Rural,1993,291478.6471
1905,5,1,Suburb,1962,234515.8306
2035,3,1,Rural,1951,264722.9022
2358,3,1,Rural,1998,235463.1077
1990,2,1,Suburb,2012,192951.1993
2038,2,3,Rural,2016,273757.8606
1027,5,3,Rural,1966,231866.5718
1387,5,3,Suburb,1983,221639.6666
2315,5,3,Rural,1992,269110.2622
2910,4,1,Suburb,1984,234448.4006
1832,2,1,Rural,1995,216986.0271
1249,5,3,Suburb,2007,169519.0899
2528,5,1,Suburb,2005,225327.2593
1097,5,1,Rural,1991,116416.8
2838,3,2,Urban,1965,353423.3273
2360,3,2,Suburb,2008,205607.1049
2062,3,3,Suburb,1987,243768.9785
2061,4,1,Suburb,1975,149727.9927
2323,4,2,Rural,1971,233420.597
1178,2,1,Rural,1973,148852.6438
2632,5,2,Rural,2011,356680.8585
1891,2,3,Suburb,1981,114319.8863
2492,2,1,Urban,2014,211090.7333
2305,3,1,Rural,1979,191236.9691
1749,5,2,Urban,1962,159935.1545
2187,3,3,Rural,1998,196791.7081
1452,3,2,Suburb,2001,157609.2646
1096,5,3,Rural,1961,115475.44
2792,2,3,Suburb,1985,292678.8642
1308,2,3,Urban,2005,113772.5143
1261,3,1,Rural,2013,233374.946
1292,5,2,Rural,1950,215691.593
2793,2,1,Rural,1970,292227.8013
1248,4,1,Rural,1964,109327.2697
1244,2,1,Suburb,2009,106841.1791
1250,5,3,Urban,1964,147881.9976
1122,5,3,Rural,1962,167800.1935
1324,5,3,Urban,1999,137430.7614
1985,3,3,Urban,1980,224664.4942
2704,2,3,Urban,1966,318362.5985
2970,4,3,Urban,2018,389339.7983
1500,3,1,Rural,2013,170527.3261
1686,2,3,Rural,1950,244716.3457
2804,5,2,Rural,1989,298524.149
2739,2,3,Rural,1974,219273.8808
2860,5,1,Urban,2020,288841.3536
2089,5,2,Urban,1999,226684.2888
2850,2,1,Suburb,1989,342917.4862
1835,2,1,Suburb,1976,176373.3801
1058,4,2,Urban,1960,110808.3042
1730,2,3,Suburb,1960,170000.8306
2521,2,1,Urban,1999,346620.6929
2396,3,1,Suburb,2018,277335.1528
1265,5,2,Suburb,1964,164295.4359
2676,5,3,Suburb,1987,260823.4578
1235,4,2,Suburb,2018,140864.9888
1897,3,2,Urban,1976,106437.0582
1217,4,1,Suburb,1958,181025.4669
2550,2,3,Urban,2001,233286.0118
2837,4,1,Suburb,1982,202745.3702
2464,5,3,Suburb,1966,255039.9887
2673,3,2,Suburb,1981,376434.2386
2429,2,3,Urban,1978,291855.2575
2767,3,1,Rural,1975,304249.2059
2624,3,3,Urban,1980,277178.8824
1974,4,3,Rural,1971,144580.9813
1588,2,1,Rural,1965,185320.007
2671,3,1,Urban,2021,252267.4548
1916,3,1,Suburb,1979,218493.0308
2492,4,2,Suburb,1960,383758.0029
1917,3,1,Urban,1997,190544.4385
2133,5,2,Rural,1965,145401.6948
1352,5,3,Urban,2010,161209.9051
2836,2,3,Suburb,1951,264610.4706
1090,2,1,Rural,1964,77503.38994
2959,4,2,Rural,1973,363377.3023
2905,3,2,Rural,1985,327434.5633
2941,4,2,Urban,2015,360485.3544
2437,4,1,Urban,1996,178983.9149
1701,5,1,Rural,1979,196528.9616
1072,3,2,Suburb,1959,181964.017
1684,5,3,Rural,1987,164565.2314
2570,5,3,Suburb,1955,216789.4114
1721,2,1,Urban,1997,84861.71166
2321,4,1,Urban,2000,171270.441
2668,5,2,Suburb,1967,309657.3627
2306,2,2,Suburb,1976,201357.4548
2528,2,2,Urban,2005,290488.3232
2221,3,3,Urban,1958,250177.4451
1957,3,2,Urban,2007,207473.7284
2055,5,2,Urban,1969,250267.0999
1647,2,1,Suburb,1976,177786.7471
1759,2,1,Rural,1981,276666.6197
1870,2,2,Urban,1961,270178.1237
2364,4,1,Suburb,1986,207620.8976
2681,2,2,Urban,1962,324207.2986
2357,4,2,Rural,1959,253889.6299
1142,3,2,Suburb,1963,184708.9145
2769,5,1,Urban,1977,293229.7497
2433,3,2,Rural,1964,254183.1327
1948,5,1,Suburb,1950,170122.598
1043,2,3,Suburb,1980,125742.3443
1031,5,3,Rural,2018,152362.9793
2766,5,1,Rural,1953,266155.4587
1027,3,3,Urban,1997,70138.32161
2019,5,3,Urban,1977,241806.0759
1422,2,3,Rural,2010,184685.3184
1490,4,2,Rural,2018,230526.9983
1159,2,3,Urban,2016,101109.3034
1844,5,2,Rural,1969,229690.2473
2230,3,1,Suburb,1980,314211.3185
1017,2,1,Rural,1960,152113.3616
2126,5,3,Rural,2017,279456.1598
2605,3,2,Rural,1950,362982.0557
2654,4,1,Urban,1997,274239.0968
2674,3,1,Suburb,1974,283242.5197
1671,5,2,Suburb,1994,117667.5036
1231,3,3,Rural,1952,148251.4027
2683,5,1,Urban,1953,224891.6818
2888,3,3,Urban,1952,312997.1617
1423,3,3,Rural,1984,121423.4252
1903,3,2,Rural,1999,197607.0999
1754,5,3,Urban,2013,174622.2951
2570,3,1,Urban,1990,293358.2333
1836,5,2,Suburb,1954,258664.4786
1893,2,3,Rural,2016,153148.7507
2890,4,2,Urban,1979,289784.6355
1238,2,2,Urban,1952,223040.336
2357,4,2,Suburb,1962,240752.4771
1148,5,3,Suburb,2015,192399.0094
1622,2,2,Rural,1988,157985.6044
2431,4,3,Suburb,1998,206887.1678
1016,4,2,Rural,1978,49553.23645
1913,2,3,Suburb,2020,203716.489
1225,2,2,Rural,1985,196367.3776
1651,5,3,Rural,2013,177986.8635
2679,4,1,Rural,1972,253692.8536
1259,5,1,Urban,1956,92668.74609
2752,5,2,Rural,2016,368699.1789
1673,3,1,Urban,2008,95714.3398
2627,5,3,Suburb,1993,324809.864
1173,4,1,Urban,1967,154569.9153
2866,3,3,Urban,1979,329244.6165
1204,5,3,Urban,2005,184284.7545
1414,5,1,Suburb,1959,112148.7649
2531,4,1,Rural,2001,264282.6777
2176,3,3,Rural,1978,205965.1541
2126,2,1,Suburb,2019,254955.0608
2737,2,1,Rural,2018,290742.7445
1791,3,2,Rural,1970,165941.327
2088,3,3,Rural,1953,295789.3551
2140,3,2,Rural,1955,237189.9374
2688,3,3,Suburb,2021,356500.2698
2179,2,1,Rural,1993,227910.5727
2699,5,3,Rural,2016,338128.4355
2105,4,1,Urban,2014,197580.8707
1517,2,2,Urban,1986,74024.49846
2857,4,3,Rural,1976,326317.9201
2090,2,2,Urban,1994,215020.9619
2261,3,3,Rural,1994,217320.6059
2607,2,2,Rural,1984,288733.2647
2630,2,1,Urban,1954,346804.1855
2839,3,3,Rural,1950,290485.4967
1978,5,2,Urban,1981,162827.8504
2009,3,1,Suburb,1953,234225.1217
2349,5,1,Urban,2015,199549.0015
1589,2,3,Suburb,1999,177897.807
1066,2,3,Urban,1995,98092.59486
2199,4,3,Suburb,2016,260427.9032
2856,4,2,Rural,1957,336816.0207
1683,2,1,Rural,1974,198389.0641
2501,4,1,Urban,1975,267358.0901
2278,5,3,Rural,2016,193795.3446
1062,3,1,Urban,2004,131130.9533
1813,2,1,Rural,1957,200652.779
1402,2,3,Rural,1970,131907.4494
2781,4,1,Rural,2014,302664.2916
1191,2,1,Rural,2011,120352.4616
2352,2,3,Urban,1987,200275.5486
1070,5,2,Rural,2003,161284.7601
1877,5,3,Urban,1976,155800.1831
1740,3,1,Suburb,1955,195802.5282
1945,2,3,Rural,2016,221335.8751
2086,4,3,Rural,1965,218136.1251
2320,3,1,Suburb,2016,254044.5593
1244,4,1,Urban,2012,165071.6281
1518,2,2,Urban,1962,227647.4885
1392,4,2,Urban,1986,204310.269
1771,4,1,Urban,1952,154816.9173
2624,3,2,Rural,1966,326659.4364
2200,2,2,Suburb,2001,304745.4986
2227,3,3,Suburb,1990,241789.7411
2669,2,3,Suburb,1980,399911.2508
2617,5,2,Suburb,2011,269401.457
2556,3,3,Suburb,1999,277804.1717
1910,2,3,Rural,1960,217308.393
2151,5,1,Rural,2011,272702.4906
2218,5,2,Urban,1967,301514.7534
2217,5,2,Rural,1960,349636.4981
1183,3,1,Urban,1968,190870.6259
1246,5,1,Rural,1966,135290.1647
2896,2,1,Rural,1961,315920.4586
2895,3,3,Suburb,2015,331484.9986
1323,4,1,Urban,1989,222301.1241
1159,5,1,Urban,2002,217763.9248
1705,3,1,Urban,1993,169712.9577
1621,4,1,Urban,1980,183815.9643
1924,3,3,Urban,1988,152413.3387
1065,5,2,Rural,1995,169521.4143
1929,5,1,Suburb,1984,187340.3172
1253,4,1,Rural,2012,103152.6436
1282,2,2,Rural,2015,90535.41442
2083,5,2,Rural,1953,212467.6001
1117,4,1,Suburb,2002,135749.262
1422,5,1,Urban,2008,175897.9346
1555,2,2,Suburb,2015,144645.0956
2745,4,1,Urban,2005,293633.6494
1035,2,3,Urban,1985,104122.183
1530,5,1,Suburb,2009,232126.5301
1090,4,1,Suburb,1965,197189.221
2324,3,3,Urban,1962,289711.1505
2747,2,2,Rural,2005,361567.3181
2940,5,2,Urban,2010,371769.3174
2942,5,2,Suburb,1956,293047.2136
2757,2,1,Suburb,1976,285473.0855
2240,4,2,Rural,2009,273192.4082
2758,3,3,Rural,2011,401177.9071
2946,5,3,Urban,1990,342541.5888
1097,2,1,Urban,1969,138782.0689
2479,2,2,Urban,1966,226133.806
1530,3,2,Urban,2019,91147.92896
2832,3,3,Urban,1997,264915.8147
1537,5,2,Urban,1957,145735.554
2051,3,3,Rural,1976,257362.4596
2599,2,1,Urban,1991,286378.5947
2347,4,3,Rural,1959,243732.2779
2246,4,2,Suburb,1990,276538.0632
1079,2,3,Rural,1986,122620.3969
1562,2,2,Urban,1952,210310.6389
2481,2,1,Rural,2008,207469.4824
1613,5,3,Urban,1967,166482.0531
1175,2,1,Rural,2017,98461.38818
1521,3,1,Rural,1960,268279.0851
2772,2,3,Urban,1980,214288.5945
2480,2,3,Rural,2014,269902.7605
1422,5,3,Urban,1969,139927.9492
2123,2,1,Urban,2006,244445.1756
2913,3,3,Suburb,1971,326748.7249
2763,3,2,Urban,1982,343402.9004
2426,3,2,Suburb,1956,200515.3998
1575,2,2,Suburb,1983,165271.2316
2403,5,2,Rural,1999,184379.9037
1530,5,1,Suburb,1994,204248.36
1331,5,1,Suburb,1996,163984.852
2341,3,1,Urban,2009,317101.5045
1652,5,2,Suburb,1978,179193.416
2560,2,1,Rural,1950,305949.3026
1739,2,1,Rural,2009,219168.5387
2112,4,2,Rural,2002,225118.9459
2627,3,3,Rural,1961,239333.212
1510,4,1,Rural,1990,142179.3628
1041,4,1,Suburb,2010,98792.82093
1884,3,3,Suburb,1971,83397.66942
2830,3,1,Urban,1999,296989.2816
2949,4,2,Rural,1987,356602.4655
2412,2,3,Rural,1954,251878.6429
1080,4,1,Suburb,2018,120120.5515
1401,3,1,Suburb,1987,86084.07754
1106,2,1,Urban,1988,101368.0307
2134,4,1,Rural,1975,298297.3763
2300,4,2,Rural,1954,206029.5561
2237,4,3,Suburb,1972,173741.7276
2766,3,2,Urban,1984,357864.2638
2841,4,2,Urban,2006,297393.5259
1505,3,1,Rural,2012,169372.9454
2144,2,1,Urban,1984,329981.0917
2157,5,1,Suburb,1977,264592.1034
2841,2,3,Urban,1983,335888.639
1719,4,2,Rural,1977,132177.1129
2985,3,2,Suburb,2013,381888.401
2394,4,2,Urban,1964,208303.3245
1256,2,3,Rural,2012,32546.25988
2720,5,1,Rural,1997,323270.8117
2821,5,1,Suburb,1950,316903.9606
1953,3,3,Urban,1952,246898.1677
2898,2,3,Suburb,1974,265770.1533
2203,2,1,Urban,1988,200254.3696
1932,3,2,Suburb,1958,170926.2957
2071,3,1,Suburb,1975,305224.5676
2622,3,3,Suburb,1965,237575.7065
1896,4,3,Urban,2012,182746.817
1018,4,1,Rural,1978,121028.7104
2069,3,2,Urban,2014,171110.5342
1450,3,3,Urban,1975,149513.8549
1897,5,3,Suburb,1980,119030.5928
2079,5,3,Urban,2010,219788.7561
1740,4,1,Rural,1951,57766.31582
2680,5,1,Urban,1961,286611.3674
2115,3,3,Suburb,1952,171495.5552
1081,2,1,Suburb,1981,58804.88784
1736,3,2,Suburb,1963,166505.9344
1078,5,1,Suburb,1993,95170.13722
2685,4,3,Urban,1989,358457.6121
2896,3,2,Urban,1977,263295.7409
1282,3,1,Urban,1961,162451.0371
2334,5,3,Urban,2006,182006.9479
1996,2,3,Urban,1962,201894.1515
1159,3,2,Rural,1983,114515.4055
2339,4,1,Suburb,1995,274344.3066
2900,4,1,Urban,2011,318868.6451
2691,2,1,Urban,1962,263359.6835
2179,5,1,Rural,1961,240134.3994
1887,2,2,Rural,2002,259731.3367
2737,4,3,Suburb,1970,261108.4536
1467,3,3,Rural,2002,162586.074
2944,4,3,Suburb,1980,319177.9173
1852,2,1,Rural,2004,267547.4133
1461,4,1,Rural,2016,205506.3359
1853,5,1,Rural,2015,181219.3435
1116,2,1,Urban,1951,69865.31107
2689,4,3,Rural,1996,289600.8882
1363,3,3,Urban,1997,98331.74005
2866,3,2,Suburb,1975,343054.6483
2654,2,2,Rural,1960,358668.982
2734,3,1,Urban,1992,295012.3137
2936,2,2,Suburb,1971,320327.6586
1465,3,3,Suburb,2016,215774.382
2798,4,3,Urban,1982,304589.1957
1183,3,3,Suburb,2014,185690.1034
2983,4,3,Urban,1999,280706.2698
1659,2,1,Rural,1959,259571.5884
2189,3,1,Suburb,1979,283008.2369
1074,5,2,Urban,1997,191572.3859
2771,5,1,Urban,2008,363699.8483
1825,5,2,Suburb,1974,221824.917
2295,3,3,Urban,1964,267426.7591
2714,4,2,Rural,2001,212832.8493
1502,2,1,Rural,2011,182077.8491
1794,3,1,Urban,2002,208525.0985
2586,2,3,Urban,2007,278988.5099
1586,2,1,Suburb,1966,227097.1971
1655,3,3,Rural,1965,125175.8493
2366,4,1,Rural,1951,261295.7226
1699,5,3,Urban,1962,185737.9879
1634,2,2,Urban,2018,217176.0761
1843,2,2,Urban,2005,245002.5591
2274,3,3,Urban,1978,326884.5273
2831,2,2,Suburb,2006,320103.2929
1834,3,1,Urban,1992,192669.4935
2153,2,3,Urban,1973,284544.9168
1763,4,2,Rural,1972,200449.0048
1357,4,2,Urban,1966,128568.5094
2967,5,1,Rural,1972,296616.2941
1691,5,2,Urban,2019,179926.0169
2431,4,2,Suburb,1988,394995.4065
2884,5,3,Rural,1951,402989.8603
2518,5,1,Urban,1999,233034.0704
1621,5,2,Urban,2016,257501.529
1481,4,3,Urban,1996,206078.89
1979,5,2,Urban,1960,179876.3071
2873,3,3,Rural,1988,257990.7787
2101,5,1,Urban,1995,265359.681
1977,3,1,Urban,2012,122008.6204
2537,5,1,Urban,1988,390678.7824
2344,3,2,Rural,1961,256700.3963
2811,5,2,Suburb,1953,395830.8956
1289,3,3,Suburb,2001,94662.63197
2320,5,1,Urban,1955,306115.0386
2704,3,1,Urban,2004,347836.0657
1751,4,3,Suburb,1964,222252.685
2994,2,3,Suburb,1989,404073.3848
2498,2,2,Suburb,2001,262864.4631
1022,4,1,Suburb,1966,158152.7268
1805,4,2,Rural,2020,184574.3247
1171,3,3,Urban,1990,172232.6464
1834,3,1,Suburb,1955,227545.4333
1317,5,3,Rural,1971,225782.7383
1907,5,3,Rural,1994,238974.6072
1797,2,1,Rural,1962,234969.9409
1990,2,2,Suburb,2018,161859.6593
1854,3,3,Rural,1953,250313.1457
2216,3,3,Urban,2016,277464.6906
1680,4,3,Urban,1973,201895.5713
1915,3,2,Rural,2004,101584.8279
2141,5,2,Suburb,2000,317580.5528
2029,4,2,Suburb,1964,213527.8224
1842,3,1,Suburb,1991,139850.3087
1482,5,2,Urban,2020,163557.6098
1131,5,3,Rural,1965,112971.61
2116,2,3,Urban,2017,225753.8228
2786,4,1,Urban,1982,264958.351
2545,2,2,Rural,1974,313825.9833
2586,4,1,Suburb,1953,262138.2779
1860,4,3,Suburb,1964,224735.419
1293,2,2,Urban,1961,88796.79698
1640,2,1,Suburb,1985,292855.9346
1999,3,2,Suburb,1989,203344.8793
1391,4,2,Urban,1951,175643.6902
1248,3,3,Rural,2021,119233.2351
2637,4,3,Suburb,2017,332452.1883
2872,5,3,Urban,2017,392049.4266
2618,3,1,Rural,1961,313409.4754
1702,2,1,Suburb,1984,251645.37
2440,5,1,Suburb,1984,300224.7735
2166,2,2,Rural,1958,269921.4639
2260,5,2,Suburb,2005,270229.7663
1286,5,3,Rural,1979,179622.0416
1276,3,2,Rural,1986,198355.3797
1386,2,2,Rural,1985,201445.1994
2405,3,3,Urban,2003,209639.2963
1449,5,1,Urban,2009,232070.9163
1290,4,3,Urban,2019,198037.303
2192,4,2,Rural,2017,213128.7992
1442,5,3,Suburb,2012,156828.6515
1655,2,2,Rural,1958,246953.004
2207,2,3,Urban,1988,309924.3224
2068,2,2,Rural,2008,201818.5916
2778,4,2,Rural,1959,356647.5164
1826,3,3,Rural,1979,206738.6645
2969,2,2,Rural,1993,344756.4768
2291,3,2,Rural,2011,304756.2507
1475,2,2,Rural,1959,186328.3482
1252,2,3,Rural,2019,208793.1581
2419,2,1,Rural,1969,321391.75
1288,3,1,Suburb,1998,176216.7469
2235,3,3,Urban,1995,231633.3729
1999,3,3,Suburb,1995,303575.201
2712,5,1,Rural,2014,205839.2857
1020,4,3,Urban,1983,122165.8224
1315,5,2,Urban,1998,167342.3106
1563,4,3,Suburb,1965,140641.0544
2461,5,1,Urban,1986,288696.3507
2446,4,2,Rural,1989,302674.0395
2256,3,1,Urban,1998,265163.0985
2968,4,1,Suburb,1988,295166.9788
1122,2,2,Suburb,1997,131868.6942
1873,3,1,Suburb,1984,132859.8825
1959,5,1,Suburb,2019,223461.7951
2635,2,1,Rural,1977,343158.8089
1213,2,1,Suburb,1989,166627.3238
2945,3,3,Rural,1967,334726.9093
1838,2,1,Urban,1987,229321.0019
1646,3,3,Suburb,2001,196071.5667
1967,4,1,Urban,2010,253337.0129
2853,3,1,Rural,2016,319241.0189
1729,3,3,Suburb,1996,226897.8461
1599,5,2,Suburb,1985,131037.3081
1791,2,2,Suburb,1962,169746.3787
1039,5,2,Rural,2000,120250.634
1751,5,1,Suburb,1964,157863.9238
2355,5,2,Suburb,1981,307693.2175
1942,5,1,Suburb,2000,230513.481
1647,5,1,Urban,1959,140167.4341
1181,2,2,Rural,1952,141862.6044
1264,2,3,Suburb,1978,95423.68407
1770,2,3,Rural,1964,177807.189
2717,5,3,Rural,1958,314725.2057
2556,2,3,Suburb,1980,327834.1491
1862,5,2,Suburb,2018,291174.062
1431,2,2,Suburb,1952,186980.3884
2966,2,2,Urban,2021,269342.548
2219,2,2,Rural,2002,215518.3396
2747,2,3,Rural,1962,386844.3802
1508,3,1,Suburb,1957,70479.09028
1446,2,2,Urban,1989,83334.64305
1527,2,2,Urban,2017,213886.0434
2225,3,3,Suburb,1958,224896.226
1874,4,3,Urban,2013,281298.9248
2753,4,2,Urban,1983,261799.5686
2628,3,1,Suburb,2014,274629.7933
2156,4,2,Urban,1975,283807.3434
2162,2,3,Rural,1983,204390.8193
1668,5,3,Rural,1977,151710.3522
2516,5,3,Rural,1964,207636.676
1846,2,3,Urban,1966,170364.0352
1069,2,3,Suburb,1960,181112.121
1815,4,3,Suburb,1998,223017.2465
2038,3,2,Rural,1970,290283.3823
2770,5,1,Urban,1980,327098.3185
2235,2,1,Urban,1977,252790.1064
2825,3,3,Rural,1970,257539.2922
2083,3,2,Suburb,1987,174426.0518
2275,2,2,Urban,2004,273348.0705
1445,3,3,Rural,1967,100917.3665
2025,5,3,Suburb,1973,285900.0967
2771,5,3,Urban,2013,326230.4617
2359,3,2,Rural,1991,314325.1826
1018,2,2,Urban,1987,106539.493
1560,3,1,Urban,1988,125229.2715
2101,4,1,Suburb,2020,287935.546
1471,2,1,Suburb,1951,161863.3268
1027,2,1,Urban,2013,111105.0033
1559,2,1,Suburb,1953,243819.2611
1607,5,3,Rural,2021,356130.7748
2188,2,2,Suburb,2002,134868.3206
1457,2,1,Rural,1990,136448.2269
1944,5,3,Rural,2020,208161.2619
2900,5,2,Urban,2018,256193.873
2199,5,1,Suburb,2021,273428.7826
2608,2,3,Suburb,2005,240628.6947
1983,2,1,Rural,1951,190753.1547
1867,5,1,Suburb,1972,173751.309
2015,5,2,Rural,1952,218356.9614
1028,4,3,Urban,1967,36563.03841
2979,5,2,Suburb,1996,246298.3308
1668,3,1,Urban,2009,77754.31029
1825,4,1,Urban,1993,213532.1523
1815,5,1,Rural,1959,286948.3085
1278,5,2,Suburb,1956,186425.2136
1282,5,1,Suburb,1968,171531.608
2502,5,3,Suburb,2021,274034.1829
2002,3,1,Rural,1996,230760.6288
2542,5,2,Urban,1971,301409.9854
1304,2,1,Rural,1969,118842.8719
1693,4,3,Urban,1991,137318.2729
1108,5,3,Rural,1962,217004.0714
1323,2,2,Suburb,2013,78465.05232
2229,3,1,Rural,2001,178756.4151
2257,4,2,Rural,2008,252291.9219
2961,5,3,Urban,1950,356475.925
1457,4,2,Rural,1982,192439.3862
2210,5,1,Rural,1973,295983.8856
2963,3,1,Suburb,2004,321585.6134
1481,3,3,Suburb,1966,226707.9789
1921,4,3,Urban,1974,168694.9156
2430,4,3,Urban,1952,352025.9132
2864,4,3,Rural,1977,247849.9756
2532,3,3,Suburb,2013,211109.7448
2892,2,1,Rural,1989,294449.8039
1519,4,1,Suburb,2014,201278.1706
2076,5,1,Urban,2007,281590.5785
2421,3,2,Urban,1983,181420.1434
2222,4,2,Suburb,2018,255906.7087
1390,3,3,Rural,1955,129207.8166
2672,4,1,Urban,2013,265630.4486
1770,3,3,Urban,1960,308896.0183
2869,3,1,Suburb,1969,335682.2758
1912,4,1,Rural,1966,186212.9747
2521,5,1,Suburb,1989,289689.7438
2195,3,1,Urban,1973,139975.4128
1085,5,1,Rural,1956,84159.97754
1557,5,1,Rural,1953,163861.3024
1857,3,1,Suburb,1974,199835.6749
2209,3,2,Suburb,1992,235002.286
2179,3,2,Urban,1989,262995.646
2516,5,3,Suburb,1971,277951.2985
2933,3,1,Rural,1967,323081.6936
2544,3,3,Suburb,1962,261352.4833
2650,3,2,Suburb,1987,269812.9133
1665,3,1,Suburb,2018,207779.0575
2153,4,2,Suburb,1989,213296.2188
1842,3,2,Urban,1992,250167.8034
2104,5,3,Suburb,1956,249765.7892
2407,5,1,Rural,1953,271209.9058
2825,2,3,Suburb,1983,413724.9863
2682,4,1,Rural,2021,236107.0749
1294,4,1,Suburb,1954,225893.428
1268,2,1,Suburb,1996,126762.5186
1644,5,2,Urban,1969,194108.5137
2585,5,2,Rural,1983,302122.6694
1534,3,3,Suburb,1969,178766.9296
2401,2,3,Suburb,2019,237412.7771
2399,5,3,Rural,1979,250050.1017
1087,2,2,Rural,2012,189902.2593
1924,2,2,Suburb,2006,188815.5339
2647,4,1,Urban,2008,293648.3046
1110,5,1,Urban,1963,27780.99794
1583,5,3,Rural,1978,213617.4614
2177,3,1,Suburb,2000,259753.6436
2486,5,1,Urban,1983,224462.5466
2592,4,2,Urban,1987,371592.2038
1768,5,2,Suburb,1982,210261.8923
2179,3,2,Urban,1968,280590.5513
2648,5,3,Urban,1998,247787.4948
2341,2,2,Suburb,1955,283161.8708
2582,4,3,Suburb,1979,256709.8915
1237,3,1,Urban,1989,119227.0354
1333,3,1,Urban,1971,118705.7966
1105,2,1,Rural,1956,138393.6527
2505,4,1,Urban,1976,327376.0791
2722,5,2,Urban,1954,347832.9894
2694,4,1,Suburb,2021,273651.8755
2733,4,2,Suburb,2000,242888.679
1381,4,1,Urban,2019,106776.8313
1688,4,1,Urban,2006,207906.9613
1260,4,2,Urban,1982,104713.4543
2822,4,3,Urban,1979,302536.2786
2316,2,2,Rural,2005,293955.0271
2358,3,3,Rural,1958,211366.1711
1654,2,2,Rural,2010,261169.2762
1819,5,3,Rural,1950,248923.577
1708,3,3,Rural,1961,176146.8462
1475,3,2,Rural,1973,185544.3656
2248,5,3,Rural,1973,293182.114
1906,3,2,Suburb,1995,263760.8784
1554,5,3,Urban,1977,107604.5048
2477,4,1,Suburb,2021,283293.1477
1662,4,1,Rural,1993,155619.1584
2319,3,1,Urban,1962,320388.5575
1574,3,2,Rural,1966,165597.6606
1641,4,3,Urban,1977,235282.7955
2790,4,1,Urban,1960,397090.5896
1462,5,2,Suburb,1980,102001.7434
1854,3,2,Urban,1991,219636.6323
2237,3,3,Suburb,2012,317752.5551
1584,2,2,Rural,2009,207476.3174
1942,4,2,Suburb,2015,295681.1735
1615,4,3,Rural,2010,184938.2582
1157,3,1,Urban,1977,179253.6223
1271,2,3,Urban,2001,242820.445
2850,5,1,Urban,1956,332060.548
2261,5,1,Suburb,2013,363423.1929
2326,4,1,Rural,1990,248002.8443
2907,2,1,Rural,1957,306197.8421
1669,2,2,Urban,1995,173041.6047
1620,5,1,Rural,1999,231643.1221
1520,4,2,Urban,1987,153917.0034
2344,3,3,Suburb,1988,296360.3031
1058,2,1,Urban,2019,74784.74904
2381,3,1,Urban,1980,298125.3728
1703,4,1,Rural,1998,216609.2054
1647,5,1,Suburb,1953,239754.2404
2274,2,1,Suburb,1974,136977.0323
1890,3,3,Suburb,1985,181055.471
1435,2,1,Urban,1981,227674.2587
1145,2,3,Rural,1990,65310.46488
1858,2,3,Suburb,1955,216134.9664
1977,4,3,Urban,1961,247740.6359
2375,3,2,Urban,1952,251107.9288
2593,2,2,Rural,1966,282573.363
2712,3,1,Urban,1992,236292.8199
2823,4,3,Urban,1973,319933.9973
1244,2,3,Rural,2000,128030.4874
2583,2,1,Urban,2017,311442.473
1300,2,1,Urban,1982,198868.0441
1437,3,3,Urban,1995,148793.9574
1867,3,2,Suburb,1989,233242.416
1099,2,3,Suburb,2007,132972.9762
1724,3,1,Urban,1968,136345.6763
1813,3,3,Urban,1957,189774.7379
1479,2,1,Urban,1960,122178.3639
1414,2,2,Rural,1970,177998.2608
1164,5,3,Suburb,1955,102119.0603
2935,5,1,Urban,1966,327366.2706
2965,2,3,Rural,2011,350213.3403
2661,4,2,Rural,2015,244397.1257
2325,2,3,Urban,2021,318531.5437
1973,2,1,Suburb,2016,292286.9038
2144,2,1,Rural,1962,172080.177
1087,2,3,Urban,1978,109169.4405
2240,2,3,Urban,1985,212590.5423
1572,2,1,Suburb,1965,176418.4275
1813,2,1,Suburb,1950,159775.2443
1178,2,3,Urban,2021,186651.6557
2725,5,2,Rural,2012,275011.2407
1162,5,1,Suburb,1997,188456.5545
1592,5,2,Urban,1999,165903.7659
2005,4,2,Suburb,1951,287836.8237
2193,3,2,Rural,1993,280122.9901
1300,4,1,Suburb,1986,125618.7971
1373,4,2,Rural,1992,194297.7272
1707,2,3,Rural,1976,140854.7014
1202,5,3,Urban,1959,197367.2507
1046,2,3,Urban,1997,109955.0147
1462,2,1,Rural,1996,154855.2575
2693,5,2,Urban,1985,270287.8645
1407,2,3,Rural,2002,209633.3413
2217,3,2,Urban,2021,298581.4154
1426,3,1,Rural,1954,118484.051
1929,4,3,Rural,1955,148009.2237
2814,5,1,Urban,1976,277596.4852
1316,3,2,Urban,1997,162665.1979
2502,4,2,Urban,1959,219443.2749
1420,2,1,Suburb,2019,95897.52426
2292,4,2,Urban,2017,203541.5027
2504,4,2,Rural,1993,213105.8139
2734,3,2,Urban,2011,321676.0612
2759,4,2,Rural,1966,297279.6622
1262,5,1,Urban,2020,215442.3737
2449,2,1,Rural,2003,199682.5584
1165,5,2,Rural,2007,115686.1669
2715,2,2,Suburb,1963,341789.4012
1427,5,1,Suburb,1978,170979.1787
2727,2,3,Rural,1953,322345.6136
1396,5,3,Rural,2004,148040.5732
2239,2,2,Rural,2007,239211.2049
1795,3,2,Urban,2010,91369.09842
2887,4,3,Urban,1998,387621.8466
1106,4,3,Urban,1975,179426.7238
1097,4,1,Rural,1974,33459.06501
2903,4,2,Rural,1960,307054.4599
2505,2,1,Urban,1951,296691.116
2522,5,2,Suburb,2021,305507.5121
2253,5,2,Suburb,2005,269105.5262
2280,3,1,Suburb,1958,278500.9211
1042,4,2,Suburb,1964,121076.6475
1241,4,3,Suburb,2003,130566.9866
2577,3,3,Suburb,1999,302275.8126
1094,4,1,Suburb,1961,104168.8807
2969,3,3,Suburb,1950,348305.5085
2789,4,2,Urban,2016,312034.541
1187,5,1,Rural,1977,169968.5234
1384,3,3,Urban,2004,206721.3533
1818,5,1,Rural,1986,283525.2423
2423,4,1,Rural,1993,268716.8139
2529,5,2,Rural,1961,261565.6954
2190,5,2,Suburb,1961,233335.9152
2806,2,1,Rural,2017,333193.9116
2148,4,3,Urban,1963,238611.7771
2696,2,3,Rural,1960,326199.4958
1086,3,1,Urban,1991,132149.7279
2844,2,1,Urban,1993,365585.4111
1488,4,3,Urban,1991,194592.6962
1225,2,2,Suburb,1951,103740.4831
2680,2,1,Suburb,1966,345605.6209
1344,4,2,Suburb,1989,127936.9644
2783,5,2,Urban,1969,271752.409
2897,3,2,Urban,1999,338281.143
1517,2,1,Urban,1969,123933.916
2054,4,3,Urban,2003,248447.9372
2732,2,2,Urban,2010,295337.7335
2767,3,2,Urban,1961,315429.8667
1295,3,3,Urban,1976,263566.3139
1413,3,3,Suburb,1972,193926.3187
2860,2,2,Rural,2001,292039.5176
2995,5,2,Urban,1954,476671.7333
1134,5,1,Suburb,1992,187106.3866
1524,5,1,Suburb,1957,165674.1027
2008,4,3,Urban,1997,311779.4655
1003,5,2,Suburb,2017,38074.54423
1177,5,3,Urban,1964,149587.1268
1745,3,3,Rural,1965,179919.2019
1258,4,1,Suburb,1989,153841.9134
1651,3,3,Suburb,1996,200998.2192
2088,2,1,Rural,2014,206185.3831
2818,2,1,Rural,1980,340760.509
2386,3,3,Rural,2011,320871.0398
2841,4,1,Suburb,1967,244172.7692
2740,5,2,Rural,1993,237731.6354
2040,5,2,Urban,1994,319819.6922
2223,4,1,Urban,1958,227607.3578
1543,5,2,Suburb,1975,103317.2548
2235,5,3,Urban,1950,251283.6057
1434,3,1,Rural,1953,181142.2388
2296,2,2,Urban,2005,278790.3068
1289,4,1,Rural,1955,178828.7938
1802,4,3,Suburb,1952,206738.9419
1482,5,1,Rural,1976,107663.4321
1233,5,2,Urban,2019,155938.5908
1407,2,3,Rural,1984,192204.1655
1693,4,3,Suburb,1967,254307.4327
2169,3,3,Rural,1982,260067.0125
1561,2,3,Urban,1997,241636.724
1429,3,3,Suburb,1981,113076.5334
1431,2,3,Urban,1998,167410.2891
2638,3,3,Urban,1998,276683.5408
2568,3,2,Urban,1976,371943.2377
1496,3,1,Rural,1965,211913.3058
1982,4,1,Urban,1986,383513.4244
2112,5,1,Suburb,1967,252674.9317
1996,4,3,Suburb,2002,268988.7717
2434,3,1,Urban,1955,278908.29
1896,5,1,Rural,1967,160310.8906
2876,3,1,Rural,1987,290570.9842
1826,2,3,Suburb,2016,208552.1212
2264,5,3,Rural,1968,195184.4421
1777,4,1,Suburb,1982,200436.2905
1222,3,2,Urban,2003,80288.94337
2771,5,2,Urban,1960,467492.8278
2688,4,1,Rural,1952,349826.8235
1467,2,1,Suburb,1986,186408.2452
1568,3,2,Suburb,2001,225332.3125
2345,4,1,Suburb,1990,328337.5817
1374,5,1,Suburb,1977,238623.2981
2135,2,3,Rural,1985,246043.0478
1526,3,3,Suburb,2017,168276.3159
1411,4,2,Suburb,1965,186449.1707
1268,2,1,Suburb,1976,145677.5784
1625,2,3,Suburb,1964,117381.2236
2275,4,1,Urban,2001,161782.7391
2011,3,3,Urban,1953,277615.39
2397,4,2,Suburb,2009,313362.0511
2677,2,1,Urban,1991,279276.1366
2649,2,2,Rural,1991,230677.9379
1449,5,3,Suburb,2002,150362.7718
1801,3,3,Rural,1971,234986.8919
2892,4,3,Rural,1967,303479.7915
2560,3,3,Urban,1987,221609.979
2391,3,1,Urban,2017,274658.5925
1821,2,3,Urban,2015,172135.9437
1254,5,1,Suburb,2016,194578.0838
2486,4,2,Rural,1978,289486.013
2291,4,3,Rural,1999,310162.3393
1125,5,1,Urban,1995,112911.9162
2416,5,1,Urban,2012,338731.3981
1761,2,1,Suburb,1992,133162.9917
1798,2,3,Suburb,1954,185299.7862
2357,4,1,Urban,1953,209955.3906
1564,5,2,Urban,1974,124945.3536
2391,3,2,Urban,1996,217030.6179
2578,3,2,Rural,1992,228779.2033
2701,5,2,Suburb,2004,407597.1619
2577,4,2,Rural,2009,268405.2363
2915,3,1,Urban,2011,324393.6859
1455,3,3,Suburb,1964,148843.8013
2711,5,2,Urban,2014,312240.472
2090,2,3,Rural,2017,238917.9597
2089,3,3,Suburb,1967,184191.6034
1911,2,1,Suburb,1989,204948.8887
2618,3,3,Urban,2014,212130.1392
1861,4,2,Urban,2021,191218.407
1616,2,3,Rural,2011,198276.9698
1399,4,1,Rural,1959,208882.4681
1286,2,3,Rural,1954,109019.204
2909,5,3,Suburb,1961,391704.5802
1185,5,3,Urban,1950,209794.0388
1283,3,2,Suburb,1999,117067.9606
2539,4,2,Suburb,1980,230552.42
1649,2,3,Suburb,2011,152889.5934
1690,4,3,Suburb,1976,116345.8194
1236,4,1,Rural,1993,85820.44253
2041,3,3,Rural,1969,165036.3123
1814,5,1,Urban,1984,227505.2214
1927,2,1,Urban,1957,237123.5299
1413,3,3,Urban,1963,271184.0696
2955,4,2,Rural,2021,369288.2031
1008,5,1,Suburb,1996,128432.8892
1419,5,2,Suburb,2014,152126.2696
1028,2,2,Suburb,1985,185418.5518
2679,5,2,Urban,1956,240016.0475
1347,4,1,Urban,1995,161505.5504
1660,5,1,Suburb,1955,132430.498
1575,4,3,Suburb,2021,215052.9277
2902,2,1,Urban,1999,372060.2174
1449,4,3,Rural,2005,96327.70557
1379,5,1,Urban,1964,263059.5668
1698,5,2,Urban,2014,154832.455
1365,2,1,Suburb,1962,113050.7057
2250,2,2,Suburb,1998,249248.6309
2141,5,1,Suburb,1994,186601.3508
1411,2,2,Urban,1950,261182.388
1950,4,3,Suburb,2013,144300.9311
1355,3,2,Urban,1995,118968.9278
1253,4,2,Rural,1958,109039.2001
2566,4,1,Urban,2009,328137.4671
2696,2,3,Suburb,2005,251396.4984
1726,3,1,Suburb,1953,232123.3072
2467,5,2,Rural,1959,286114.8446
1680,2,2,Suburb,1992,181018.9058
2104,4,2,Suburb,2002,166052.5037
2069,3,2,Rural,1958,196854.2665
2072,2,1,Rural,2013,184781.2679
2472,4,1,Urban,1963,208466.6296
1809,4,1,Suburb,1988,174115.6108
2430,5,3,Suburb,1950,321279.0204
2903,5,2,Rural,1967,314969.2184
2306,3,3,Suburb,1990,284557.7801
1472,4,2,Suburb,2010,150714.5811
1415,4,1,Suburb,1984,144188.4979
1978,5,2,Suburb,2021,272794.4762
1599,4,2,Urban,1983,183822.5637
2144,5,3,Rural,1982,163994.478
2026,4,1,Suburb,1970,219955.5694
2339,5,2,Suburb,1971,237912.8045
1459,5,1,Suburb,2018,181480.0053
2250,3,3,Rural,1973,303303.468
1078,4,2,Rural,1999,168768.6093
2680,4,2,Suburb,1972,257649.5881
2777,5,2,Urban,2011,276264.2067
2567,4,2,Urban,1975,279590.0064
1774,5,1,Urban,1999,252930.1285
2746,3,3,Urban,2011,213399.7692
2094,3,3,Rural,1963,214991.0013
1895,5,2,Rural,1978,225163.4134
2220,2,3,Suburb,1992,300280.8784
1057,3,3,Rural,1960,171847.8378
2447,4,1,Urban,2012,314300.3174
2492,5,1,Suburb,2003,165237.8832
1623,5,1,Rural,1996,249676.6793
1047,3,1,Suburb,2021,161668.5133
2458,5,2,Rural,1954,308824.9366
2208,3,1,Suburb,1974,257733.2382
2902,5,2,Urban,1986,344461.7916
1838,3,3,Urban,2008,229550.6177
1164,4,3,Urban,1981,167026.771
2750,2,1,Rural,1966,273508.2869
2354,2,2,Suburb,1997,304001.9133
1329,2,2,Urban,2014,153496.8597
2144,2,2,Urban,1994,208484.3104
1212,3,3,Suburb,2015,149187.9555
2846,5,1,Urban,1993,289806.5874
1506,2,3,Suburb,2020,186074.3196
2576,5,2,Rural,2019,310201.0465
2888,3,3,Urban,2012,278758.7143
1915,3,1,Suburb,1974,235224.5419
1800,2,1,Suburb,1958,85563.82012
1167,4,1,Suburb,2001,183366.2264
1994,2,2,Urban,1994,246447.0131
2569,5,3,Rural,1970,271807.5632
1829,2,2,Suburb,1972,145251.0331
1995,3,1,Rural,1961,208436.2619
1986,3,2,Rural,1989,191431.8093
1786,5,1,Urban,1964,231286.3478
1426,5,3,Rural,1971,284967.2439
2732,5,1,Suburb,1975,323278.6508
2726,2,3,Rural,1990,294772.4538
2244,2,3,Rural,1953,298840.6048
2015,4,1,Urban,2020,232757.5519
2033,5,3,Rural,1973,220195.9732
2143,4,3,Suburb,1954,183243.3546
2658,4,1,Suburb,1977,231047.0266
2270,3,1,Suburb,1994,229826.7411
2383,4,1,Urban,2001,207469.941
2932,3,2,Urban,1995,346674.7178
2244,5,1,Suburb,1996,256718.9476
1772,3,1,Rural,1994,161410.0041
2529,5,3,Urban,2010,353203.2194
2081,2,3,Rural,1968,244931.4736
2850,4,3,Rural,1992,350583.1409
2483,5,2,Urban,1974,308324.924
2151,2,2,Rural,1953,204558.1143
2722,2,1,Rural,1982,277882.7298
1716,5,3,Suburb,1983,295984.4817
1085,3,3,Rural,1980,53371.72219
1103,5,3,Rural,1996,183925.3315
1142,4,2,Urban,1969,100405.2249
1204,2,1,Urban,2004,145353.0988
1640,3,2,Rural,1960,217924.6698
2781,5,3,Rural,2017,307895.1514
2061,5,2,Urban,2011,262192.5128
2386,2,1,Rural,1952,133514.5034
2644,5,1,Suburb,1952,294858.3279
2332,4,3,Rural,1954,294861.8484
2075,3,2,Rural,1972,168883.5765
1000,4,3,Rural,2016,108260.8257
1010,2,3,Rural,1962,150847.7645
2849,3,1,Urban,1981,310159.7229
1746,2,3,Rural,1958,251671.7218
2663,2,3,Suburb,2018,246802.7881
2959,4,1,Rural,1987,331390.1392
2237,3,2,Suburb,1997,229757.3116
1955,2,2,Urban,2012,262349.0149
1754,4,2,Suburb,1972,179415.5528
2579,4,1,Urban,1961,273690.9088
1517,3,3,Urban,1970,204499.8479
2691,5,2,Urban,1985,238020.9556
2438,5,1,Suburb,1976,330240.9508
2031,2,2,Suburb,1997,128399.9391
1004,5,2,Suburb,1973,78737.57275
2385,3,2,Urban,1963,248703.1552
1693,5,3,Rural,2005,102370.978
1111,3,1,Suburb,1998,73154.74894
2003,2,2,Suburb,1964,257389.4651
1272,5,2,Suburb,2004,120194.3016
1421,3,1,Rural,1959,111107.3857
1264,3,1,Urban,2020,147390.8191
2481,3,1,Rural,1964,289245.7617
1211,4,1,Rural,1955,113974.7608
2101,2,1,Rural,1968,244358.2093
1781,3,3,Urban,2002,251784.3429
1665,4,1,Suburb,1981,151754.5844
2244,4,2,Suburb,1961,305353.9996
1368,3,3,Suburb,1984,207239.4689
1957,2,2,Urban,2011,281409.0272
1346,5,3,Rural,1991,154716.8756
1024,4,1,Urban,2015,164533.7867
1975,3,3,Urban,1956,298094.0386
2443,2,2,Rural,1962,245096.3734
2377,2,3,Urban,1994,340980.98
2743,3,3,Rural,1984,304746.6854
1416,4,1,Urban,1963,161122.4658
1514,5,2,Urban,1950,119761.6782
1214,2,3,Urban,1960,176599.881
2930,5,2,Rural,1959,416760.1206
2135,2,3,Urban,1989,165121.0956
1953,2,2,Suburb,2012,235811.4708
2727,2,2,Suburb,1987,332652.5743
1913,4,2,Rural,1978,185561.8427
2582,4,1,Rural,2000,275409.2751
1427,3,1,Urban,2010,186728.3249
1732,5,2,Suburb,1957,125857.3832
1698,5,2,Suburb,2010,201601.9381
2585,3,1,Suburb,1952,213713.9608
2732,4,3,Urban,1958,355718.0116
1215,5,2,Suburb,1962,187236.1416
1412,3,2,Suburb,1955,134802.5253
2756,2,1,Suburb,1985,297050.6655
1379,5,3,Suburb,2018,34410.92591
2625,4,2,Urban,1955,320062.1079
1231,5,2,Urban,1964,185243.6835
1834,2,2,Rural,1980,177327.6779
1257,4,2,Urban,1985,241562.951
2688,4,1,Urban,1956,313949.4498
2279,3,3,Suburb,2013,265939.6261
1402,4,3,Rural,1968,236986.2757
1423,3,2,Urban,2004,217641.221
1769,4,3,Rural,1951,189338.9966
1064,2,3,Urban,2006,152268.7736
1189,2,3,Urban,2000,204508.0689
2626,2,2,Urban,1985,329106.4596
1949,2,3,Suburb,1984,232761.0794
1172,2,3,Urban,1986,125058.5431
1758,5,2,Suburb,1985,221154.7425
2791,2,1,Urban,1954,267793.4815
1627,4,1,Rural,1970,182730.4233
1560,3,1,Suburb,2002,154732.1255
2250,5,1,Urban,1994,235725.1801
2000,4,3,Urban,1987,222650.9263
2604,2,2,Urban,2019,345244.9224
2957,2,1,Rural,1956,276556.3064
2411,4,2,Urban,1957,310949.4754
1400,5,1,Rural,1979,162588.9006
1637,3,3,Urban,1973,279589.9626
1948,3,2,Rural,1970,299486.8576
1212,3,1,Suburb,1987,126593.1073
1052,3,3,Rural,1986,64402.06807
1623,2,3,Urban,1970,142022.9894
2694,5,3,Suburb,2019,407399.0313
1751,2,1,Urban,1954,202861.9764
1661,5,2,Rural,1978,303391.8521
1138,3,1,Suburb,1970,222477.6479
1417,4,3,Urban,2016,254333.9107
2648,4,3,Rural,1996,270305.8356
1142,2,1,Rural,2011,189074.5488
2905,4,2,Rural,1960,351134.9135
1508,2,1,Suburb,1962,235709.2407
1649,2,2,Urban,1962,141429.224
1485,5,2,Urban,1991,185583.9814
1991,3,1,Urban,2011,266650.8815
2460,3,2,Suburb,1963,352209.7817
2839,3,2,Urban,2004,225243.2298
1542,3,3,Urban,1974,291259.3557
1292,5,3,Urban,1989,156147.4678
2643,3,3,Rural,1971,217694.4199
2307,3,3,Urban,1965,189169.9616
1670,4,2,Rural,1968,11876.45143
1837,3,2,Rural,1959,149917.7523
2037,3,3,Rural,1962,207350.9288
1633,2,1,Rural,1953,241231.4231
2750,2,3,Urban,1950,354879.8511
1271,3,1,Urban,2015,178680.9936
2048,2,1,Rural,2021,262533.9452
2958,4,3,Urban,2011,381727.128
1321,4,1,Rural,2014,216634.6808
1805,4,1,Suburb,2005,250269.0082
2704,5,3,Urban,1999,256630.7912
2126,4,2,Rural,1994,248561.5441
2889,3,1,Suburb,1978,364131.3404
1882,4,3,Urban,2010,111386.2438
2063,4,2,Urban,1998,251673.1693
1234,4,2,Suburb,1988,136669.281
1831,4,2,Urban,1996,159916.0933
2112,2,2,Suburb,1990,237015.4489
2123,4,2,Urban,1966,236789.7623
1143,4,1,Suburb,2012,94802.39056
2105,2,2,Urban,2002,238576.9115
1588,2,1,Rural,1957,142293.2246
2594,5,3,Urban,1981,319869.2782
1228,3,3,Suburb,1956,204186.7512
2626,5,3,Suburb,1997,303468.6293
2889,2,2,Rural,1995,372949.3314
2418,2,3,Suburb,2009,305388.1428
2536,2,1,Rural,1996,263276.5901
2804,5,1,Suburb,1992,341521.4943
2821,4,2,Urban,2010,251954.6658
2220,3,2,Urban,1994,274462.5436
1273,3,3,Suburb,2013,182515.8982
1589,4,2,Rural,1953,259542.5364
1652,3,2,Suburb,2012,228329.2469
2823,4,3,Urban,2006,298012.5465
1582,5,2,Suburb,1984,170037.6977
1967,2,1,Urban,1963,221406.2857
2585,4,2,Urban,2001,221172.9002
2990,4,3,Urban,1990,369718.3083
1371,2,1,Suburb,2011,153037.2479
2904,2,3,Suburb,2013,275588.7902
2103,3,3,Urban,2012,263495.6665
2258,4,2,Urban,1979,227866.902
2310,2,3,Suburb,1977,215041.0535
1818,3,1,Suburb,2007,124987.4171
2690,5,1,Rural,1951,247564.5574
1571,4,1,Suburb,1980,221897.2062
1544,5,1,Rural,2000,213360.2084
2460,2,2,Rural,1984,238540.9094
1126,2,3,Suburb,1973,163453.7166
1732,4,2,Urban,1981,206072.497
2735,5,1,Suburb,1968,347084.1597
1416,2,2,Rural,1954,166364.5127
1637,4,3,Rural,2014,157516.0637
1040,4,3,Rural,1973,138442.0419
1786,4,2,Urban,1965,159071.1056
2492,2,3,Suburb,1981,375700.8386
1296,2,1,Suburb,1994,168503.5127
2620,4,2,Urban,1956,290880.2879
2624,3,3,Urban,1970,283144.8232
1041,4,1,Urban,2002,3926.85702
1631,4,2,Urban,1951,171947.1931
2302,4,3,Suburb,1988,229372.7874
2482,3,3,Urban,1958,254333.5649
1032,5,1,Suburb,1996,118862.0329
2299,2,3,Urban,2014,261566.946
1664,2,2,Urban,1980,180166.0328
2113,5,1,Urban,1992,259679.4138
1615,4,2,Suburb,2018,299524.5323
1947,4,1,Rural,2016,203512.718
2547,2,3,Urban,2004,257151.1612
1159,4,1,Suburb,2016,41893.49962
2952,5,1,Suburb,1983,262652.1418
1457,2,2,Rural,1992,169413.8906
2731,3,3,Rural,1991,272834.3335
1398,4,2,Urban,2006,154409.1064
2842,5,2,Rural,1991,283160.7207
2797,2,3,Rural,2005,176576.8639
2114,2,1,Urban,1971,279711.5012
2732,3,2,Suburb,2004,304988.0432
1580,4,1,Suburb,1972,186908.0072
2489,3,3,Rural,2019,260435.0788
1219,5,1,Rural,2021,125566.367
2442,2,3,Rural,2006,301535.8013
1378,2,3,Urban,1956,79775.55642
2749,3,1,Suburb,1953,233670.3939
1929,3,3,Suburb,2006,242123.9435
2470,3,2,Suburb,1951,336456.4236
1963,4,2,Urban,1981,237562.5339
2169,2,1,Rural,1994,226115.4189
1232,4,2,Suburb,1984,192581.3343
2394,5,3,Rural,1954,176163.2283
1921,4,2,Urban,1985,177308.6002
1233,3,2,Rural,2015,159238.8341
1725,5,1,Urban,2019,152463.2076
1366,5,3,Rural,2007,198296.4009
1480,4,2,Urban,1954,151239.467
2596,4,3,Rural,2019,323903.0632
2386,3,1,Suburb,2010,220418.4079
1589,3,2,Suburb,1950,196709.5536
2534,5,3,Urban,2015,228691.5083
2118,3,2,Rural,2004,239505.7574
2865,2,1,Urban,1991,398540.031
1215,2,1,Suburb,2017,93024.07667
1724,5,3,Rural,1957,195084.2429
2839,4,2,Urban,1970,263033.055
1711,4,2,Suburb,2013,185796.2574
2887,2,3,Suburb,2002,230479.8195
2566,4,1,Suburb,1961,207931.686
2825,3,1,Urban,1993,304114.034
2878,2,2,Rural,1964,253503.8671
1984,5,3,Urban,1965,239564.1491
2158,4,2,Rural,1954,279037.0372
2106,5,1,Urban,2005,226567.1238
1390,5,1,Urban,1971,148495.3544
2070,4,1,Urban,1994,198817.6431
1391,4,2,Rural,1964,231392.7231
1717,2,3,Urban,2010,242312.0173
1384,2,2,Rural,2007,125433.165
1380,5,3,Rural,1992,161176.6166
2100,5,2,Suburb,1966,193463.0829
2282,2,3,Rural,1959,273197.6226
2972,5,3,Suburb,2005,292452.3953
1603,3,1,Suburb,1979,225236.2914
1933,4,1,Suburb,1983,140611.6539
2970,4,2,Urban,1991,311691.7036
1398,3,3,Rural,1981,180677.6168
1099,2,1,Suburb,1989,209231.3253
2524,2,2,Rural,2010,327261.0777
1382,5,1,Urban,1956,222864.367
1706,5,3,Suburb,1976,205919.1277
2215,2,1,Suburb,2005,256164.0623
2603,5,2,Suburb,2014,210735.3055
2924,3,2,Suburb,2017,329386.9938
2777,4,2,Suburb,2017,307523.1192
2625,3,2,Urban,2021,330102.5493
2368,4,1,Suburb,1974,92488.11832
1009,4,2,Suburb,1964,146184.8989
1263,5,2,Suburb,2017,76631.5473
2291,5,1,Suburb,1962,343161.1878
1831,4,1,Urban,1969,256032.7324
1629,5,3,Rural,2014,162245.4056
1761,3,2,Urban,1994,188197.1348
2594,2,1,Urban,2012,226944.3966
1194,5,2,Urban,2005,147880.8088
1561,5,1,Suburb,2006,121074.695
2430,5,1,Rural,2000,248354.8318
2319,2,2,Suburb,1990,236149.0654
2913,3,3,Suburb,1980,303423.9139
1096,4,2,Urban,1962,147977.9088
1461,3,3,Suburb,2013,220907.5686
2662,5,3,Urban,1967,352238.457
1757,2,2,Rural,1960,241382.8487
1086,3,3,Rural,1996,110741.5909
1990,5,2,Rural,2019,266001.8756
1076,5,1,Rural,2018,94664.24639
2912,4,3,Rural,2020,346617.0316
2739,2,2,Urban,1984,286287.0645
2506,4,3,Rural,1950,387154.0551
2169,3,2,Suburb,1963,179730.828
1660,4,2,Rural,2005,205316.0451
2134,3,3,Urban,2019,257586.0265
2664,5,1,Rural,1968,348852.2322
1764,2,1,Rural,2000,138336.477
1677,2,3,Suburb,1958,230309.1618
2320,5,2,Urban,1973,285146.2646
2449,2,1,Rural,1979,355307.5383
2672,4,2,Urban,1962,312575.1498
1790,3,3,Suburb,1952,285767.9764
2357,3,2,Urban,2021,257740.7388
2546,3,1,Suburb,1980,242915.7398
1582,4,1,Rural,2011,180788.0572
1670,3,3,Rural,1963,201387.0129
2751,2,3,Suburb,1965,293746.8043
1537,3,3,Urban,1983,158970.9765
2821,4,2,Urban,2014,311629.7355
2185,2,1,Rural,1980,180467.1843
1429,5,3,Rural,1971,158943.4373
2637,2,1,Urban,2001,167277.5788
2092,4,1,Rural,1965,264105.8911
1132,2,1,Urban,1959,163920.7691
1188,3,1,Rural,1999,141489.1664
2746,4,3,Suburb,1964,345257.9512
2778,5,3,Urban,1985,313383.8197
2701,3,2,Suburb,1990,291448.9488
2947,4,3,Urban,1983,324309.965
2945,4,1,Suburb,1953,319405.8814
1572,5,2,Suburb,2013,195474.1306
2897,5,2,Rural,1982,271780.268
1278,4,3,Urban,1972,123848.9949
2453,5,3,Rural,1993,283533.5385
2648,5,1,Urban,1991,344723.3413
1541,3,3,Suburb,2016,209776.3991
2858,4,2,Urban,2015,298361.59
2184,2,1,Rural,1965,356225.6281
1745,3,1,Rural,1971,226333.553
1898,4,2,Urban,1990,232619.3641
1452,4,2,Suburb,1980,256860.9711
1888,3,2,Rural,1978,151157.1869
1850,5,2,Urban,1978,198246.0136
1169,2,3,Suburb,2001,108515.1278
1829,2,2,Rural,1970,198756.1635
1697,4,3,Rural,2019,199148.4741
2080,4,2,Suburb,1965,253623.93
2263,2,2,Urban,2000,268640.7376
1768,4,2,Suburb,1977,227826.2584
1357,2,3,Suburb,1997,141574.7091
1200,5,2,Suburb,1958,171866.0588
1443,2,3,Urban,2009,144760.3779
2860,2,1,Urban,2019,238427.5355
1826,2,1,Urban,1979,245737.59
2325,4,2,Suburb,1981,240961.7404
2129,5,2,Rural,1977,265466.7503
2825,3,2,Rural,1974,206447.676
1100,3,2,Urban,1977,115608.356
2120,2,1,Rural,1965,242137.972
2688,4,3,Rural,1962,253370.4922
1937,3,2,Urban,1960,217996.3131
1028,3,1,Urban,1974,163307.7518
2529,2,3,Suburb,1959,331406.4395
1664,2,2,Suburb,1971,205911.3177
2461,4,1,Urban,1999,194127.9251
2402,3,2,Rural,1991,219607.8468
1072,2,2,Rural,1998,65973.82681
1253,5,1,Rural,1982,204331.4505
2986,5,2,Urban,1974,371676.1107
2934,5,2,Suburb,1964,346736.8647
1515,2,1,Rural,1993,136820.3338
1748,4,2,Suburb,1983,164227.5171
2573,5,3,Suburb,2010,243075.0158
2043,5,2,Rural,1968,256430.0504
2648,5,1,Suburb,1995,336060.839
1534,2,2,Suburb,2010,185182.9109
1420,2,2,Suburb,1989,177803.8765
1445,2,2,Suburb,2021,99399.57273
1878,5,3,Urban,1966,222804.9702
1135,2,2,Suburb,1975,210543.9032
2528,2,1,Rural,1959,193233.9104
2956,4,1,Suburb,1957,319263.9869
2783,2,1,Urban,2007,311169.3509
2324,3,1,Rural,2002,197111.0019
2632,2,2,Suburb,1951,373352.5362
1032,2,3,Urban,1985,227102.3922
1646,3,1,Urban,1955,165496.5787
2790,3,2,Urban,1976,234141.7432
1277,2,3,Urban,2004,118680.8598
1132,4,3,Rural,1991,138868.0157
1749,5,1,Rural,1995,199977.0547
2550,3,2,Urban,1973,413256.4646
2812,4,2,Rural,1996,258306.3458
1125,2,2,Rural,1951,149453.8814
1344,2,2,Urban,2005,192785.9712
1016,3,1,Rural,2016,213324.7208
1823,3,3,Urban,2005,204187.6976
1561,4,3,Rural,1976,232540.6288
1646,2,1,Suburb,1991,244543.7981
1629,3,3,Suburb,1998,130953.0059
2401,3,3,Suburb,2018,210098.4749
1817,5,1,Rural,1962,193181.9239
1059,3,1,Suburb,1964,63973.12121
2660,4,3,Rural,1985,344662.8758
1466,2,1,Suburb,1997,156986.4973
1627,3,2,Suburb,1977,200974.9756
1390,5,2,Urban,2002,256809.2727
1935,3,3,Suburb,1972,184571.5974
1684,3,1,Rural,2007,186799.0691
2210,2,2,Suburb,2013,186345.5073
1497,5,1,Rural,1969,178969.5806
1599,4,3,Urban,1994,144884.9843
2738,4,3,Rural,1997,326089.7762
2384,2,1,Urban,2010,241732.31
2846,4,1,Urban,1962,367372.828
2855,4,1,Urban,2011,313696.9045
1448,3,2,Urban,1981,220829.6632
2717,4,3,Suburb,2005,268762.1189
2887,5,3,Rural,1970,297325.9344
1679,3,2,Suburb,1991,179243.3666
2204,4,2,Urban,1983,234661.0432
2835,5,2,Suburb,1964,297307.9925
2982,3,3,Urban,1977,333905.472
1129,5,1,Urban,1992,121454.2799
2998,2,1,Rural,1956,294008.0541
1148,2,3,Suburb,2003,163174.94
2495,4,3,Urban,1998,191865.4577
1817,5,1,Rural,1958,196559.3798
2744,3,2,Rural,2005,250631.9554
2646,5,2,Urban,1999,267237.2689
1947,5,3,Rural,1981,217414.301
1499,2,3,Rural,1982,173044.2013
2672,2,3,Suburb,1961,252543.3521
2378,4,3,Rural,2019,312226.1968
2939,5,1,Suburb,1976,384011.6715
2234,5,1,Suburb,1951,282962.7802
1657,3,3,Urban,1962,53304.13551
2619,3,1,Urban,1958,272047.8894
2053,2,2,Rural,1960,211118.1085
1576,5,2,Rural,2012,174954.6192
2047,4,3,Suburb,2020,307273.8778
1983,2,2,Urban,2020,169875.6713
2966,5,3,Suburb,1971,318996.7227
1722,2,1,Urban,1976,196118.7339
1221,4,3,Urban,1981,235267.1828
1601,5,2,Suburb,1997,117000.7724
2641,4,3,Urban,1961,341811.8697
1683,5,1,Urban,1968,223546.8309
1741,5,1,Rural,1977,147823.0913
1924,4,3,Rural,1968,192068.4371
2612,3,2,Rural,1985,284881.1431
1579,4,3,Urban,1968,208557.6524
2900,4,3,Suburb,2003,311126.3715
1400,2,2,Suburb,1978,91543.82726
2888,4,3,Suburb,1986,332378.1181
1900,4,1,Suburb,1954,292380.3115
2627,2,1,Rural,2004,255074.848
1511,3,2,Urban,1984,132161.8515
1087,4,1,Rural,1959,99460.3536
2488,2,1,Suburb,1952,223226.3821
1049,3,2,Suburb,1956,135042.2764
1102,3,3,Suburb,1974,175185.5412
1367,4,3,Rural,1966,250217.8521
1935,3,2,Urban,1973,166810.5056
2515,4,2,Suburb,1969,243739.4789
2581,3,3,Urban,1980,351948.1722
2714,3,1,Urban,1968,330637.5674
2802,3,3,Rural,1979,315943.3587
2291,4,1,Rural,2010,274997.2868
2420,3,1,Urban,2018,244742.4732
2343,5,2,Urban,1974,303119.2717
2543,2,1,Rural,1997,263272.9879
2472,2,2,Urban,1965,227397.0695
2800,5,1,Urban,1978,320335.2073
2499,3,3,Urban,1986,341555.1119
1897,5,1,Suburb,1957,242683.5305
2613,4,3,Suburb,1964,409215.1868
1908,2,2,Rural,1999,204211.1283
2263,3,2,Suburb,2012,239333.5477
1257,2,1,Rural,1965,68569.25747
2731,5,3,Rural,1965,368114.3683
2995,5,1,Urban,2006,358319.2457
2967,2,2,Rural,1957,330199.9611
2865,2,3,Suburb,1964,240190.0313
2666,2,2,Suburb,1955,328157.8113
2987,2,2,Rural,1965,337930.1438
1389,5,1,Suburb,1950,121980.7544
2366,3,1,Urban,1968,311507.3675
1772,2,1,Urban,1998,191127.9118
1753,3,1,Urban,2020,90678.81386
2410,2,2,Rural,2015,216168.1947
1393,4,2,Suburb,2021,91835.85261
1682,3,3,Rural,2019,173594.0491
2682,4,1,Suburb,1989,286648.056
1269,5,3,Rural,1992,148064.4571
1148,4,1,Suburb,1963,74083.93613
2403,5,3,Rural,1983,224080.6226
1810,2,3,Urban,2006,96572.54385
1027,5,1,Rural,2007,190154.3098
2172,2,1,Suburb,1950,218639.8255
2443,2,2,Suburb,1956,282284.0436
1279,2,2,Rural,2013,173904.4776
2205,5,1,Rural,2020,284168.7589
1165,2,1,Suburb,1995,117227.7666
1016,4,1,Urban,1987,171416.5072
2173,4,1,Rural,1976,162742.237
1338,2,3,Suburb,2012,87742.65677
2068,2,3,Rural,2016,184573.2224
2525,3,3,Urban,1967,311448.9742
1841,5,3,Suburb,2006,186037.5911
1188,3,2,Suburb,1951,123818.138
1650,4,1,Suburb,1969,246469.2883
2084,5,3,Rural,1973,297239.1956
1293,4,3,Suburb,2001,170956.618
2857,5,1,Suburb,1959,394723.0722
2056,5,3,Suburb,2019,263128.9037
2322,5,3,Suburb,2020,265217.5574
1414,4,2,Suburb,1960,226613.6365
2647,2,3,Rural,1951,291504.0407
1802,4,1,Urban,2019,236194.4537
2572,5,3,Urban,2003,193859.6365
1430,4,2,Urban,2016,172671.9059
2518,4,2,Suburb,2015,226841.7437
2123,3,1,Rural,1954,193048.3327
2046,5,2,Urban,1954,234413.7139
2443,4,3,Rural,1952,331439.583
2447,5,1,Suburb,2012,304166.1768
1486,4,3,Suburb,1984,123726.5198
2753,3,1,Rural,1983,295920.0602
1088,4,2,Suburb,1951,134071.7156
2232,2,2,Urban,2013,242619.2589
1270,5,3,Rural,1999,214788.7012
2956,3,2,Urban,1994,359879.1052
2772,4,3,Urban,1990,369641.0182
1899,3,2,Suburb,1972,204067.7503
2429,4,2,Urban,1963,194262.3502
2744,5,3,Urban,1972,312566.9685
1277,4,2,Suburb,2021,159243.1391
1205,3,1,Rural,1962,233165.9179
2613,2,2,Suburb,2020,275023.5115
1912,3,1,Urban,1985,298003.5291
1327,2,1,Suburb,2016,203232.4362
2633,2,1,Rural,1982,305336.7592
1857,5,1,Urban,2013,224108.9901
1876,3,1,Suburb,1973,163421.226
1861,4,2,Suburb,1963,180293.5752
1335,2,2,Suburb,1962,77129.51387
1605,3,3,Suburb,1957,226138.2818
1591,5,3,Suburb,1978,48329.34772
2061,4,3,Rural,2003,219507.5594
2013,4,3,Suburb,2012,268964.8011
2943,4,1,Suburb,1983,295805.5465
2251,3,2,Suburb,1973,229588.7722
2506,3,1,Rural,2001,309054.7917
2157,4,3,Urban,1960,185165.7119
1707,5,1,Rural,1985,191478.5395
1977,4,3,Urban,2019,237177.0319
2413,4,3,Urban,2018,237056.4419
2817,5,3,Rural,2004,208133.64
2636,5,3,Suburb,1986,345676.2157
1424,5,2,Rural,2002,101199.6754
1586,4,3,Suburb,2006,185516.1944
1805,5,2,Urban,2010,215558.3759
2533,3,2,Urban,2002,216181.1998
1719,5,3,Urban,1979,217551.9932
2618,4,2,Suburb,1984,286437.0723
2450,2,3,Urban,2006,310043.8211
1948,2,3,Urban,2014,207258.0543
1654,3,3,Urban,2000,143741.7116
1473,2,3,Urban,1957,110578.5396
1567,2,2,Suburb,1987,116402.4821
2384,2,1,Urban,1982,336121.3778
2975,3,1,Suburb,2008,233765.3476
2822,2,3,Suburb,2015,255976.8946
1210,4,3,Suburb,2006,177753.563
2976,2,3,Rural,1994,268760.7473
2202,5,1,Rural,1951,209936.6899
2943,2,1,Urban,2002,267630.5584
2081,2,3,Urban,1956,263797.6124
2096,4,2,Rural,1998,113391.9268
1214,3,2,Suburb,1988,115581.8449
1899,3,1,Suburb,1952,225220.4085
2801,2,2,Urban,2001,296463.552
2982,4,2,Suburb,2003,281956.8913
2096,2,3,Suburb,1961,299011.6395
1466,3,2,Urban,1957,157828.6909
2294,3,3,Urban,2021,230407.4602
2522,5,3,Urban,1999,293261.6604
1353,5,3,Urban,1960,163923.8418
2257,4,3,Urban,1995,315670.7405
2342,4,2,Rural,2015,203658.6801
2042,3,1,Urban,1983,209298.563
1624,3,2,Urban,2007,129205.209
2598,3,1,Urban,1970,312632.571
1371,2,1,Urban,1959,114392.1492
1183,5,3,Suburb,1959,104149.4437
2300,5,2,Rural,1954,168640.6762
1673,3,1,Suburb,1974,163151.2004
1754,3,1,Rural,1992,276729.1562
2168,5,2,Urban,1990,203096.2674
2681,4,1,Suburb,1974,280697.918
2104,3,2,Rural,1953,280103.5642
1321,3,3,Suburb,1962,129103.6014
1434,4,1,Rural,1995,87106.73917
2856,3,3,Rural,2012,338603.8235
2066,5,1,Rural,2017,352062.6927
2336,5,3,Suburb,1984,208018.7624
2929,4,1,Suburb,2016,355641.934
1292,5,2,Suburb,1969,119505.8954
1687,4,3,Suburb,1995,222133.0238
1887,4,2,Urban,2004,181001.2074
1068,5,1,Urban,2012,144166.894
1055,4,3,Urban,1967,124953.1774
1630,5,3,Suburb,1982,304587.8944
2227,4,1,Urban,2011,201127.4042
1419,4,1,Urban,1967,127446.5106
2950,4,1,Urban,1980,363956.1846
1566,5,2,Suburb,1977,220174.5903
1549,3,3,Urban,1956,146381.6376
1242,2,3,Urban,1992,194436.7975
2224,3,2,Urban,1985,242437.5693
1747,4,3,Rural,2001,229677.2187
2497,5,2,Suburb,1985,224152.7501
1526,4,2,Rural,1990,234369.496
2679,3,1,Rural,1970,307069.3392
1076,2,2,Suburb,1987,65057.27289
2501,3,3,Rural,2015,328510.7021
2844,5,3,Rural,1990,368496.6733
1439,5,1,Urban,2002,187070.4522
2286,3,3,Urban,1983,333379.6059
2208,3,2,Urban,2017,254080.4184
2078,2,3,Suburb,1957,331817.7968
2331,4,2,Rural,1980,283874.8683
1515,5,3,Suburb,2008,134555.6242
2322,5,3,Rural,1970,278372.9845
2575,2,1,Suburb,1953,248682.5497
2253,5,2,Rural,1958,304865.1162
2400,5,1,Rural,2000,249434.9034
2309,3,1,Rural,2005,221228.9947
2161,3,1,Urban,2007,166761.2446
2501,2,1,Urban,2017,156154.392
1614,5,2,Rural,2012,228763.0127
2030,2,2,Rural,1991,164940.5465
1675,4,3,Rural,1984,216010.8629
2442,4,3,Urban,2003,245300.8021
2495,2,1,Rural,1965,277202.5901
2958,5,2,Suburb,2020,438327.8721
1419,4,3,Rural,2016,285375.9421
2900,5,1,Urban,1985,313452.0288
1275,3,1,Urban,1985,120603.5512
2584,2,3,Suburb,2003,278772.4098
1607,4,2,Suburb,2006,130787.5193
1570,5,3,Suburb,1986,208104.7871
2766,3,3,Urban,2006,313389.2563
2712,2,2,Rural,1997,264028.7877
1089,4,3,Rural,1987,203471.8106
1281,3,1,Suburb,2003,166422.9328
2571,2,3,Suburb,1956,347015.2565
2194,4,2,Urban,1953,132180.6992
1637,5,2,Suburb,1959,197650.1881
1810,3,3,Suburb,1967,252145.7139
2378,3,3,Urban,2011,253620.8063
2227,5,3,Rural,1972,336534.3855
2312,3,1,Rural,2011,157894.7823
1867,3,2,Rural,1964,183044.6275
1461,2,1,Suburb,2004,204518.6813
2632,5,1,Urban,1977,308730.6487
1749,3,1,Suburb,1985,146529.6238
2196,5,2,Urban,1975,200367.8664
1300,2,2,Urban,1962,170550.9639
1599,2,1,Rural,1955,191602.2663
2934,5,2,Rural,2002,311757.7591
2886,5,2,Urban,1978,346406.0776
1528,4,2,Suburb,1989,86964.18889
1139,2,3,Urban,1969,148013.5844
2789,3,2,Urban,2009,197532.5023
1277,2,2,Rural,1965,206461.3137
1662,2,2,Rural,1975,195163.7361
1510,4,1,Suburb,2004,189145.6821
2369,5,3,Rural,1956,274924.202
2869,2,3,Urban,2013,262942.1184
2163,4,1,Suburb,1968,189244.7269
1113,5,2,Suburb,1983,205498.8258
1579,2,2,Suburb,2010,141846.5138
2530,4,3,Suburb,1975,263971.6222
2389,2,2,Rural,1973,229510.8437
1690,3,3,Rural,1989,196884.4039
1636,5,1,Suburb,1992,170845.4655
2420,5,3,Rural,1962,266405.4547
2848,2,3,Rural,2016,337286.637
1822,4,3,Rural,1963,163456.6995
2873,4,3,Urban,1956,324768.1122
1874,3,3,Urban,2006,283214.1598
2947,3,1,Suburb,2013,348409.859
2893,4,2,Rural,2001,251507.0075
2768,5,2,Suburb,2003,295146.5239
1939,3,3,Suburb,1960,237567.6908
2682,2,2,Urban,2012,239113.7399
1941,2,3,Rural,1974,270765.9845
2134,5,2,Rural,1993,238162.7271
2898,5,2,Urban,1956,397702.1092
1357,3,2,Urban,1986,179703.879
2261,2,2,Suburb,1990,209143.0535
1002,5,1,Rural,1989,114539.526
2746,2,3,Rural,1958,297754.5534
1403,3,3,Rural,2000,124932.4762
1024,5,1,Rural,2014,180865.081
2866,4,1,Urban,2013,252114.3929
1508,2,1,Rural,2004,119910.1563
1695,5,1,Suburb,1985,175267.0036
2488,3,1,Rural,2014,304997.5206
1060,4,3,Rural,1987,202757.0856
2531,5,1,Suburb,1963,355593.1556
1122,2,3,Rural,1960,170476.7531
2520,2,3,Urban,1959,246466.689
1054,3,2,Suburb,2013,40649.40898
2186,2,2,Urban,1958,279045.7411
1973,4,2,Rural,1999,285268.6982
2722,3,1,Rural,1961,262831.8442
2062,3,1,Urban,1988,303826.3299
2720,5,2,Rural,2005,297897.8806
2106,3,1,Suburb,1960,205894.7249
2730,5,2,Urban,2015,305026.4503
1545,3,3,Urban,1991,141236.5355
1112,5,3,Suburb,1993,75613.88101
1424,5,3,Urban,2016,120661.8638
1917,5,3,Urban,2007,240531.1223
1229,4,2,Urban,1989,107373.8214
2306,5,3,Rural,1981,334671.5586
1916,4,3,Rural,2020,229861.8359
2960,5,1,Urban,1984,305590.7205
2310,5,3,Rural,1950,199114.1019
1154,4,3,Suburb,1987,94624.46265
1164,4,2,Urban,1956,154445.786
1961,4,1,Suburb,1950,249426.4197
2205,4,1,Urban,1970,136404.269
2262,5,1,Suburb,2006,172948.983
1648,5,1,Urban,1976,202364.5701
2362,3,2,Suburb,1976,247418.8322
1937,3,2,Rural,2021,239827.4184
1511,5,2,Urban,1994,164404.6323
1931,3,3,Urban,1999,236251.6603
1265,4,1,Urban,1986,172583.1548
1186,3,1,Rural,2013,154087.7495
2063,4,2,Suburb,1994,276961.9644
2845,5,1,Urban,2012,334461.5405
2516,3,3,Suburb,2017,191129.1208
2702,4,1,Urban,2000,344136.632
1390,5,3,Suburb,2014,327110.8235
2283,5,1,Urban,2018,232391.8149
1654,4,1,Rural,1963,148296.9997
2739,4,2,Rural,1986,274982.5542
1175,5,3,Suburb,2009,122418.7527
1773,2,1,Suburb,1964,174540.549
1763,2,1,Suburb,2020,204844.592
2352,4,2,Rural,2016,318139.3501
1930,3,3,Rural,2000,143931.8307
2223,4,3,Urban,1995,248296.8098
1710,5,2,Rural,1960,205369.9639
2219,4,1,Suburb,1999,200155.3738
1825,2,3,Rural,2005,231129.4324
1588,4,2,Urban,1979,171024.4971
1530,2,2,Urban,1991,268320.8135
2085,3,2,Suburb,1988,271471.3749
2350,3,2,Suburb,1980,191539.7569
2929,3,2,Rural,1980,237982.3932
1280,4,1,Suburb,1986,244546.7661
2963,2,3,Rural,2020,333611.4932
2785,4,2,Suburb,1974,353813.9313
1226,3,1,Suburb,1961,222994.667
1638,4,1,Suburb,1980,150047.3289
2081,2,2,Urban,1994,248793.9695
1920,5,3,Suburb,1987,243162.8446
1476,2,2,Suburb,2011,125207.7199
2399,3,2,Suburb,1964,223783.3775
1715,3,3,Suburb,2015,222889.6867
1242,3,2,Suburb,1981,79822.29257
1366,4,1,Rural,1962,132859.6376
1935,2,1,Urban,1992,228406.1875
2867,4,3,Rural,1960,318541.417
2523,3,3,Rural,1971,326289.0569
1837,2,2,Suburb,2003,203616.7437
2275,5,1,Rural,2002,278960.426
1905,3,1,Suburb,2016,175872.4891
2345,2,2,Rural,1995,253052.1403
1375,2,3,Rural,1991,182152.359
2432,3,1,Rural,2016,251884.7058
1710,5,1,Suburb,1967,115056.5475
2511,2,2,Urban,2018,324002.9322
1342,2,3,Urban,1977,230122.3858
1239,5,2,Urban,1995,89692.47885
1138,3,1,Urban,1985,194537.2197
2145,2,2,Suburb,1989,290300.671
1419,3,2,Rural,1967,171503.4743
2584,4,3,Suburb,1977,244449.0384
1303,4,2,Urban,1952,85714.6711
1114,5,1,Suburb,1961,177102.5906
1342,3,1,Suburb,1964,92084.20642
2274,2,3,Suburb,1979,228296.2984
1006,5,2,Urban,2000,229340.8698
1730,4,3,Rural,1983,157480.666
2612,3,2,Rural,1965,290067.5308
1178,5,3,Rural,1984,182954.7821
2168,5,2,Suburb,1975,290227.1029
1415,3,3,Rural,2017,167081.8857
1665,2,2,Rural,2006,178991.3719
2144,2,1,Urban,2016,102648.4069
2147,2,2,Suburb,1978,120844.7623
1149,3,2,Suburb,2012,95561.6288
1396,4,2,Urban,1993,211703.2902
1380,5,3,Rural,1984,192240.0342
2803,3,1,Urban,1974,305117.4516
1838,2,3,Urban,1967,241532.5254
1000,2,1,Suburb,2004,139881.2492
2696,5,3,Suburb,2006,369790.2478
1243,5,2,Rural,1958,206739.8898
2910,5,2,Urban,1997,297264.2808
2421,5,3,Rural,2011,297208.1114
2274,5,2,Rural,2007,312032.1222
1878,3,3,Urban,1991,227012.1597
2599,2,3,Urban,1993,312816.2797
2322,2,1,Urban,1986,214873.805
1759,3,2,Urban,1951,134763.6434
1953,4,2,Urban,1980,182339.926
2320,2,2,Rural,2009,308038.1733
1976,4,3,Suburb,1960,212149.9204
2987,4,1,Rural,1954,297277.1091
2523,4,2,Urban,1991,280633.9443
2138,4,3,Suburb,2002,232829.9383
2830,2,2,Suburb,1983,208819.8889
1000,2,1,Suburb,1985,144655.0736
1552,3,3,Rural,2005,183176.8453
2708,2,3,Suburb,1968,325170.082
2623,3,3,Suburb,1988,286974.6432
1481,4,3,Urban,1999,182414.6249
2633,3,1,Rural,1955,281956.2117
1599,3,3,Rural,2008,256349.5573
1762,2,3,Suburb,1973,187214.7659
2533,3,3,Suburb,2006,280051.4148
1334,4,1,Rural,2006,237918.3513
1464,2,2,Suburb,2010,144074.4968
2164,2,2,Rural,1963,244070.3762
1582,2,1,Rural,2017,126150.4259
1136,5,1,Suburb,1963,78291.66208
2003,4,3,Urban,1998,202477.4496
2982,3,1,Urban,1985,271924.6736
2634,5,2,Urban,1955,355300.1438
2686,2,2,Urban,1965,314965.1566
1949,5,2,Rural,1999,157738.1507
1686,5,1,Urban,1989,127270.5362
1166,3,1,Urban,1990,142545.3333
2366,4,3,Rural,1959,322743.6617
2433,5,3,Urban,2010,238061.2892
2792,4,3,Suburb,2010,341569.7501
1909,4,3,Urban,1968,323968.424
2759,2,3,Urban,1970,358335.5333
1879,2,1,Urban,1990,290410.4866
1841,3,2,Suburb,1988,251700.3074
1064,3,3,Suburb,1977,71432.87492
2604,5,3,Suburb,2018,316294.3166
2090,2,2,Suburb,1981,211618.601
1432,4,2,Rural,1986,175287.1844
2073,4,2,Urban,2010,229716.7216
2337,5,2,Urban,1951,360512.0503
2332,2,1,Suburb,1998,252777.2042
2626,3,2,Suburb,1969,264317.6793
1114,5,3,Urban,2005,184224.4672
2909,4,2,Urban,2010,330591.6682
1568,2,3,Urban,2004,187303.4385
2365,3,1,Suburb,1979,228584.8748
2553,3,3,Suburb,2019,276409.6872
2807,4,1,Rural,2016,351909.6584
1641,4,3,Rural,1984,137990.5886
1494,4,1,Rural,1950,224188.1346
2292,4,2,Rural,1991,223931.3432
1940,3,1,Urban,1978,216074.6134
2103,2,2,Rural,2019,242352.6811
2479,3,1,Rural,2009,254344.8418
2322,4,2,Rural,1985,252413.9262
1967,2,1,Rural,1981,167590.265
1821,3,3,Suburb,1950,223531.09
1201,2,3,Suburb,2001,196267.667
2526,3,3,Urban,1987,204065.3021
2760,2,2,Suburb,1953,328138.7923
2694,3,3,Urban,2019,278174.9111
2739,3,3,Rural,1997,307748.8022
1648,5,1,Rural,2012,176614.3345
2508,4,3,Rural,1973,279917.4269
2608,5,2,Rural,1994,235839.9473
1559,3,2,Suburb,2014,271627.4942
2041,4,1,Suburb,2000,154443.0832
1477,3,2,Suburb,2005,169162.4349
1487,5,2,Urban,1950,122086.0097
1982,2,1,Urban,2021,234234.4588
1778,2,3,Urban,1972,112658.2349
2469,4,1,Urban,1971,289906.797
1339,5,1,Rural,1998,134408.6048
2554,5,3,Rural,1974,273147.9342
1611,3,1,Suburb,2017,194197.703
1115,4,2,Rural,2014,167003.3485
2881,2,1,Suburb,2002,341931.7587
1073,5,3,Urban,1970,90546.47369
2815,3,3,Rural,1991,345385.8346
2292,4,1,Rural,1969,262810.0076
2660,5,3,Rural,1965,361198.4995
1115,5,1,Rural,2013,94001.13778
2709,2,2,Suburb,1998,264669.3938
2716,5,2,Urban,2014,265452.5574
2761,2,3,Urban,1988,325449.151
2692,5,3,Suburb,2004,342771.8449
2187,3,1,Suburb,1971,277397.9831
2606,3,2,Rural,1969,293659.7451
2245,3,3,Urban,1970,249603.0435
1125,4,2,Rural,1973,198715.3763
1656,4,1,Rural,1981,135521.5622
2199,3,2,Rural,1953,179418.0379
2996,3,1,Urban,1955,361934.5427
1663,3,3,Rural,2011,108068.3132
2717,2,3,Rural,1998,380559.6413
2398,3,3,Rural,1955,267888.9751
1990,4,3,Rural,2012,332294.6721
2017,2,1,Suburb,1978,177380.2798
1858,3,1,Suburb,1994,178248.9896
2521,4,3,Rural,1966,306502.6522
1084,2,3,Rural,1976,54003.93664
2899,2,2,Rural,1966,277678.8865
2406,4,1,Rural,1997,227248.3852
1632,4,2,Rural,1981,151333.5024
2664,2,1,Rural,1971,310745.6082
2486,4,1,Rural,1960,221033.5948
1450,2,3,Urban,2003,186700.6128
1517,2,3,Urban,1969,242680.0438
1845,2,2,Suburb,2003,214650.5962
1694,2,3,Suburb,1976,185772.7071
1549,3,3,Rural,2017,131879.0001
1928,4,3,Urban,2011,139788.4049
1115,3,1,Rural,1956,156733.6396
2637,3,3,Urban,1962,311863.6732
2031,3,3,Urban,1973,288247.9125
2241,3,1,Rural,1999,270602.7922
2742,2,2,Urban,2007,304149.6094
2613,2,3,Suburb,2021,310569.0987
2903,2,3,Rural,1985,303596.0297
1403,5,1,Urban,1996,90090.02178
2590,2,3,Rural,1979,262903.6404
1303,3,3,Urban,1950,159925.4855
2490,5,1,Rural,1999,223500.8542
2975,5,2,Suburb,1956,375312.8266
1739,5,1,Urban,1963,200553.4379
1087,2,3,Suburb,2002,35247.18371
2033,3,2,Urban,2000,170264.1211
1307,2,1,Rural,1985,223723.4791
1433,4,3,Urban,1993,205607.7117
1801,5,3,Urban,1976,175101.6311
1163,4,2,Urban,1965,181747.6846
2262,5,2,Rural,1981,271135.1775
2340,5,3,Urban,1964,343747.6453
1995,4,2,Suburb,1963,351539.5821
1655,4,3,Suburb,1993,150614.0717
2358,2,2,Urban,1952,252946.1905
1017,4,1,Rural,1975,219262.834
2094,4,1,Urban,1990,276329.9904
2198,3,2,Rural,1982,190569.6631
2877,4,2,Suburb,1975,397308.4033
2823,2,3,Urban,2011,342367.0188
1810,5,3,Urban,2013,294712.3959
1338,5,3,Urban,2004,108971.0009
2959,3,1,Suburb,2011,257368.3077
1247,2,1,Suburb,1956,130763.9104
2216,5,1,Suburb,2000,276832.5186
2442,3,2,Rural,2019,208785.276
2348,5,1,Urban,1954,316090.1318
1305,2,2,Rural,2016,261218.3142
2803,4,2,Urban,1989,278151.9484
1203,3,2,Rural,2010,108685.7446
1852,4,1,Rural,1998,297628.6608
2146,2,1,Suburb,2000,200839.8312
2593,2,2,Rural,1988,207604.2725
2874,5,1,Rural,2020,389651.2356
1446,5,2,Rural,1961,212955.4845
1712,3,2,Rural,1988,267445.9988
2514,5,1,Rural,1996,281129.1542
1432,5,2,Urban,1956,181732.6319
2647,2,1,Rural,1971,264295.6583
2151,2,1,Rural,1995,210184.4269
2571,3,2,Urban,1997,254525.8782
2769,4,3,Suburb,1961,259720.726
1821,3,1,Suburb,1968,163842.3328
2070,2,2,Suburb,1989,203227.8729
1504,2,3,Urban,1972,184513.6368
1114,3,3,Rural,2007,204128.0017
2439,3,3,Rural,1998,185195.8241
2790,4,2,Urban,1964,325712.0207
1994,2,2,Urban,1958,131454.0274
1222,5,3,Urban,1990,184331.8733
1635,2,2,Suburb,1977,88210.36376
2972,5,1,Suburb,1998,236727.1568
2526,5,3,Suburb,2018,312480.121
1671,5,3,Urban,1962,213224.0675
1957,4,3,Suburb,1972,153028.8567
1932,3,3,Urban,1955,274076.1727
1095,5,2,Suburb,1961,127101.3933
1106,3,3,Rural,1995,160190.5475
1631,5,3,Urban,1982,249512.8346
2636,4,3,Rural,2013,379827.7639
2638,5,3,Urban,1978,299081.3812
2701,3,1,Suburb,1986,236238.6872
2949,4,3,Rural,1951,380121.4756
1697,3,2,Suburb,1976,259152.6863
1031,3,1,Urban,1979,165741.7827
2516,3,1,Rural,1974,289296.583
1065,5,3,Urban,1956,200780.4448
2202,4,2,Suburb,2002,230944.3709
1778,4,1,Urban,1976,204778.4528
2466,4,1,Suburb,1990,311978.6802
1915,2,2,Urban,1991,230914.5522
1548,2,1,Urban,2013,221764.0884
1200,4,3,Urban,1974,69979.05161
2893,5,1,Suburb,2011,307652.3021
1048,2,3,Urban,2021,168519.3199
1786,5,2,Urban,1976,206811.4657
1950,5,2,Rural,2014,263420.1828
2703,2,1,Urban,1993,263401.5041
1262,3,2,Rural,2004,216226.959
2156,3,3,Urban,2000,224249.7469
2833,3,3,Rural,1959,268021.757
1343,2,3,Urban,2011,143094.9065
2199,5,1,Suburb,2016,291364.2826
2414,2,3,Urban,1978,250244.5871
1010,4,3,Suburb,2012,17259.49836
1200,5,2,Rural,2009,116447.0404
1944,2,1,Rural,2019,207801.1134
1925,5,2,Urban,1953,232138.1946
2832,2,3,Rural,2019,344310.7146
1002,4,3,Urban,1996,108264.3103
2237,4,2,Rural,1980,218094.728
1807,4,2,Rural,2007,204940.8646
2330,3,2,Suburb,2016,235343.7105
2567,4,3,Urban,2012,272673.7134
1559,3,2,Urban,1958,143022.3557
2350,5,1,Urban,2020,304994.494
2787,5,1,Urban,1993,389534.7803
1198,5,2,Urban,2017,54998.34781
2939,2,1,Urban,1976,289649.0509
2624,2,1,Urban,2011,332663.6564
1108,3,1,Suburb,1991,139521.9966
2314,3,2,Suburb,1973,240614.8605
1107,3,1,Rural,1972,214985.9394
2431,2,1,Urban,1991,225674.9851
1551,2,3,Suburb,1968,209239.47
1972,5,2,Urban,1974,257975.9198
1051,4,3,Rural,2010,73589.98852
1111,4,3,Urban,1993,129440.9103
1294,2,2,Urban,2018,151926.797
2603,4,1,Urban,1962,346912.2205
2212,5,3,Urban,2012,346749.186
2867,4,1,Suburb,2003,295473.8634
2744,3,1,Suburb,1996,320039.7094
1064,5,1,Urban,2001,174778.9659
1573,2,2,Urban,2007,198281.2295
1464,3,3,Urban,2004,135120.6711
1257,2,3,Urban,1953,149412.3593
2669,2,2,Rural,1973,322794.3558
2003,3,1,Urban,2007,188469.47
1633,5,1,Suburb,2014,135072.323
2354,2,1,Urban,1951,180568.3904
2524,3,2,Urban,2019,286909.3561
2706,3,3,Rural,1963,205262.0161
1209,2,3,Urban,2013,102097.0922
2831,2,2,Rural,2012,220821.0112
1088,5,3,Urban,2001,93437.31144
2702,3,3,Suburb,1954,272196.3629
1027,4,2,Rural,2014,55934.08969
1237,4,3,Urban,1992,135685.099
1335,2,1,Urban,1970,93618.89606
1062,2,1,Suburb,1961,117228.3871
2983,5,2,Suburb,2015,290450.5763
2790,4,1,Suburb,2020,354080.753
2931,2,1,Urban,1984,329351.9337
2576,2,1,Suburb,1988,217655.7619
1499,4,3,Suburb,2008,216443.2316
2564,2,3,Rural,2012,209449.45
1790,4,1,Rural,1988,237442.0366
2492,4,1,Urban,1953,367245.8118
1591,5,2,Suburb,1999,211647.5536
2074,4,1,Suburb,2012,174542.6079
2135,2,2,Urban,2015,221550.3364
2896,3,1,Suburb,1988,288791.7657
1300,3,3,Suburb,2007,118774.985
2113,3,2,Rural,1966,222420.5752
1228,5,1,Suburb,1989,145137.489
1149,2,2,Suburb,2004,164878.3199
2778,5,1,Urban,1979,337653.1282
2161,5,3,Suburb,1964,289886.8955
2158,5,2,Urban,1984,179519.3022
2480,2,2,Urban,1979,207223.848
2624,2,3,Urban,1950,339748.6007
2517,2,1,Suburb,1992,252421.2347
1526,3,3,Suburb,2013,188126.752
1332,4,3,Urban,1956,174424.1912
2385,2,2,Rural,1964,225158.7717
1173,2,1,Suburb,1983,126293.0741
2625,5,2,Rural,1950,265765.8133
2236,2,2,Urban,2019,159456.7396
2366,4,2,Rural,1953,236331.1613
1060,3,2,Urban,2012,165351.7813
2899,2,3,Suburb,1960,289685.8737
2755,3,1,Urban,1975,321239.5658
2084,2,3,Rural,2001,227006.5863
1818,3,2,Rural,1982,252268.9551
2701,2,2,Suburb,1967,344173.1684
1523,5,2,Urban,2006,194501.8548
1215,3,3,Urban,1995,182225.9598
2612,5,3,Suburb,2014,277587.258
2767,5,1,Urban,2017,229658.3639
1623,2,1,Urban,1953,83402.51874
1577,5,2,Suburb,1954,188438.2153
1693,5,3,Rural,1987,137373.1368
1422,2,3,Urban,2011,242729.3883
1715,5,2,Urban,1986,160233.0339
2446,3,2,Suburb,2010,275556.0998
2394,3,2,Urban,2019,250867.0381
2229,4,2,Rural,1972,176558.8768
2309,4,3,Rural,1965,224810.8214
2128,4,2,Suburb,1957,239709.224
1753,4,1,Suburb,1974,201122.0974
1746,5,2,Urban,1994,188595.3502
1687,3,2,Urban,2009,209003.2681
1722,4,2,Suburb,2016,141908.3605
2566,5,1,Urban,1983,268311.4023
1746,2,3,Suburb,1970,277727.5178
1241,3,1,Rural,1984,89721.50819
2514,2,1,Rural,1989,326072.4522
1664,4,3,Rural,1974,153781.3923
1707,4,1,Urban,1951,143037.331
2521,4,3,Suburb,2019,286462.8213
1434,3,2,Rural,1956,204763.3568
1780,2,3,Urban,2004,161891.5521
1483,2,1,Suburb,2003,60325.90146
2470,3,2,Urban,1988,334496.4311
1383,4,1,Rural,1955,123949.6909
2533,4,2,Suburb,2009,217450.219
1169,5,1,Suburb,1989,157535.505
2020,3,2,Urban,1975,196228.442
1949,2,2,Suburb,2009,222231.4579
1868,5,1,Suburb,2008,169746.5529
1322,2,1,Urban,1970,113283.0524
1847,2,2,Suburb,1981,147425.6687
2497,5,1,Rural,2012,228924.5587
2255,2,1,Rural,2013,228832.1709
1695,5,2,Urban,2002,292150.6957
1358,5,3,Rural,1997,177745.4467
2298,5,2,Rural,1995,242429.9781
2965,4,3,Rural,2001,317602.4581
2934,4,1,Suburb,2018,240464.9022
1031,3,3,Rural,1971,209093.9248
1176,3,1,Rural,1953,195362.5327
1916,5,2,Suburb,1978,272194.1282
1064,3,2,Rural,2008,153689.4069
2733,4,2,Suburb,2000,363189.0431
1026,4,1,Suburb,2008,148004.9037
2686,5,1,Rural,1954,321396.3625
2838,4,1,Rural,1995,280868.7549
2502,5,2,Suburb,1954,303755.1431
1267,3,1,Rural,2013,226037.7179
1596,4,3,Suburb,1962,271107.0744
2011,5,2,Suburb,2015,186190.6929
1065,5,1,Urban,1956,68997.9556
1132,2,1,Rural,1982,133798.3703
2928,5,3,Urban,1970,301643.3508
1915,5,2,Urban,1991,225412.2657
2389,4,3,Suburb,1969,252574.6857
1081,2,1,Suburb,1969,92952.40979
2916,2,1,Urban,1983,380323.7336
2854,2,3,Rural,1951,287179.0029
1981,4,2,Urban,1955,229379.4506
2351,3,1,Urban,1961,178812.6539
2121,5,3,Rural,1977,368322.5067
1584,2,2,Suburb,2002,94874.49497
1326,2,1,Urban,1987,139474.5592
1541,4,3,Rural,2020,228020.2709
2148,4,3,Rural,1989,201787.4145
1209,2,2,Rural,2021,131106.0487
2807,3,1,Suburb,1969,375214.4434
2748,4,2,Rural,2006,295261.7087
1132,2,2,Urban,1994,167544.7301
2526,3,1,Rural,2012,205836.1321
1156,4,1,Rural,1999,163864.9881
2582,3,2,Urban,1986,401493.0203
2892,2,2,Rural,2012,372406.4969
1874,3,1,Urban,1964,274272.8004
1381,2,3,Suburb,2002,214006.1458
2045,4,3,Suburb,1978,235098.4423
1973,5,1,Rural,2019,159582.441
2976,5,3,Suburb,1961,278289.7692
1594,2,3,Suburb,1974,173710.2413
2442,5,2,Rural,2013,304141.8065
1471,2,2,Urban,1976,138753.6881
1233,5,2,Urban,1972,208431.8103
1571,5,3,Urban,1998,196741.6735
2477,4,2,Urban,2008,284814.3719
2723,2,3,Urban,1988,321447.1131
2593,3,3,Rural,1996,226451.072
1770,4,2,Suburb,2009,157957.3818
2185,3,1,Urban,2014,217703.5108
1300,4,3,Suburb,1975,154026.0927
1305,2,3,Urban,1961,142201.0293
1001,3,1,Rural,1959,123855.9688
1270,4,2,Rural,2011,170994.6919
1420,5,3,Suburb,2015,166901.0321
2166,3,1,Suburb,2011,341576.9113
1699,4,1,Suburb,1988,145021.4315
1863,4,1,Suburb,1959,216689.2793
2876,3,2,Rural,1976,398963.8173
1959,5,1,Suburb,2011,183313.9092
1993,3,2,Urban,1993,161622.9512
2759,3,1,Rural,1992,350460.2928
2009,3,3,Urban,2013,285949.7381
1878,4,3,Rural,1950,163393.3181
1691,5,1,Rural,1999,212655.9833
2558,3,3,Urban,1970,341653.4009
1866,3,2,Rural,1960,192018.4327
2060,3,1,Suburb,1991,259954.6942
1106,3,3,Urban,2000,189497.5255
2320,3,1,Rural,2010,300103.3039
2764,3,3,Rural,2008,298433.5242
2848,5,2,Urban,1983,205346.2782
2120,5,1,Urban,1982,140598.9979
1280,5,3,Suburb,1987,180002.9848
2133,2,1,Suburb,2004,252473.8631
1548,2,3,Suburb,1960,242295.212
1551,4,1,Suburb,1982,173514.3922
2620,5,2,Suburb,2002,255181.1234
2837,5,2,Urban,1985,380188.16
1187,5,3,Urban,1977,192265.583
1751,3,2,Urban,1995,190598.0808
1869,3,2,Urban,2006,125218.3649
2511,4,2,Suburb,1967,296649.2686
2377,5,1,Rural,1963,340306.8849
1018,3,1,Suburb,1982,208840.2163
1858,5,3,Urban,1995,219431.5477
2416,5,2,Urban,1978,320108.9933
2860,3,2,Suburb,1965,299160.6195
2284,3,3,Rural,1981,296525.9322
1984,2,3,Rural,1986,258795.6196
1409,3,1,Suburb,1979,70053.39516
2426,2,2,Urban,2018,257955.1226
2693,3,2,Rural,1979,220267.2319
1483,5,2,Rural,1966,207386.8835
2327,3,1,Urban,1992,253866.1358
1623,4,1,Suburb,1963,202509.9909
1655,5,1,Suburb,1979,228706.106
1767,4,2,Suburb,2001,224619.1485
2990,5,3,Urban,1994,360435.9914
1017,3,1,Rural,2001,186579.6658
1183,3,2,Urban,1978,135998.8799
1404,3,1,Rural,2007,186127.0853
1798,2,3,Rural,1988,141386.9505
2920,3,2,Suburb,1977,296313.4855
2154,4,1,Urban,1969,325157.3998
1478,2,2,Suburb,1960,113789.7484
2816,3,3,Rural,2017,344740.9347
2780,2,3,Rural,1955,358851.8393
1007,2,3,Suburb,1986,129791.045
1704,5,3,Urban,1958,223608.514
2341,2,2,Urban,1964,188037.0732
2414,2,1,Urban,2010,306971.6847
2542,5,3,Suburb,1952,258661.1487
2159,3,2,Suburb,1954,262400.2749
1530,4,3,Rural,1951,204744.8184
1912,2,3,Urban,1966,133551.7159
2674,4,2,Suburb,2006,291209.7517
2390,2,2,Rural,1994,217355.9702
2512,4,2,Suburb,1968,281553.6695
1688,5,3,Rural,2016,262690.6064
2034,2,3,Urban,1972,251002.9968
1552,2,1,Rural,2009,177705.5854
1445,3,3,Suburb,1996,200080.0375
2137,3,1,Suburb,1970,188775.8318
2715,2,3,Urban,1952,331602.2671
1705,5,1,Urban,2019,195744.0298
1195,4,1,Suburb,1965,24264.53221
1859,3,1,Suburb,1994,277646.1868
2760,3,2,Urban,1992,291720.7925
2866,3,2,Suburb,1979,274861.2734
2346,3,1,Urban,2010,361883.4615
2959,5,2,Rural,2012,344570.658
2796,2,3,Suburb,1961,237230.6211
2535,4,2,Urban,2009,243656.3756
1627,3,2,Suburb,1987,189503.1426
1980,5,3,Suburb,1993,302072.6736
2685,5,3,Rural,2021,293758.0629
1629,3,1,Urban,1950,203695.9253
2188,4,2,Rural,1996,294416.4315
2275,3,3,Rural,1988,226430.9567
2802,5,3,Rural,1958,310803.4086
1043,4,2,Rural,1975,144552.7807
2493,5,2,Suburb,1991,246969.7145
1488,2,1,Urban,1963,128764.9636
1180,5,2,Rural,2014,191100.406
2100,3,3,Suburb,2010,291918.2269
1373,4,2,Urban,1962,161416.4948
1627,3,1,Urban,2004,177200.5799
1956,2,2,Suburb,1976,202641.3188
1066,4,2,Rural,1988,117765.7879
2548,4,2,Suburb,1979,246131.2438
2115,4,3,Urban,1992,139792.6806
2781,5,3,Rural,1957,225722.9395
1778,3,3,Urban,1955,252142.7369
1650,4,3,Rural,1962,273092.0876
2876,4,1,Rural,1997,262766.7654
2267,4,3,Suburb,1986,256736.4335
1340,2,3,Rural,2001,153443.2121
1902,4,1,Rural,1961,199471.6249
2808,5,3,Suburb,1990,302665.9207
2327,5,3,Rural,2015,296329.1275
1397,4,3,Suburb,1971,248871.0961
1702,5,2,Urban,1969,223390.6326
2471,5,1,Urban,1997,307044.3814
1096,4,3,Suburb,1971,139257.5042
2354,5,1,Rural,1968,310866.154
2228,2,3,Urban,2015,285552.0173
1448,4,2,Urban,1963,150335.8681
2441,3,3,Rural,1953,293494.6589
2672,5,3,Rural,2020,272590.312
1076,4,2,Suburb,1995,126924.025
1895,3,2,Suburb,1985,150122.06
1548,2,1,Urban,2014,293389.7105
1797,2,1,Rural,1978,328707.6852
2448,4,3,Rural,1968,310265.3438
2452,4,3,Rural,1978,301260.6485
2508,2,2,Suburb,1962,267286.0604
1814,2,3,Suburb,2016,151615.3384
2021,2,1,Suburb,2011,182370.8305
1134,3,2,Urban,1961,161081.9925
1653,3,2,Rural,1974,234976.9644
2277,4,2,Suburb,1992,231099.3894
2583,3,3,Rural,1960,329017.1718
2278,5,1,Suburb,1990,216113.1183
1645,2,2,Rural,1952,193750.8212
2825,4,1,Urban,2006,342984.1825
1719,3,2,Urban,2011,299374.8488
2522,4,2,Urban,1992,321102.2421
1612,3,1,Suburb,1980,145743.0315
1483,4,2,Rural,1987,171404.823
2069,2,3,Rural,1974,172117.0566
2466,2,1,Suburb,2012,308614.9682
2605,2,1,Rural,1982,270007.1813
1647,3,2,Suburb,1969,165392.8427
1791,4,1,Rural,1959,172312.2264
1578,4,3,Urban,1977,145183.6769
2027,4,2,Rural,1967,195160.7507
2759,5,3,Rural,1973,390157.2464
1000,3,3,Rural,1994,122700.8124
2313,2,3,Suburb,1967,343412.8442
1108,2,1,Rural,2000,96468.76889
2800,4,2,Suburb,2018,368811.5215
2598,4,2,Rural,1964,243079.2502
1459,5,3,Rural,2004,244638.117
1265,3,3,Suburb,1978,200480.7921
2161,4,2,Urban,1987,242636.673
2457,4,2,Urban,1985,201423.4896
1043,3,3,Urban,1989,165265.5867
1885,4,2,Suburb,1993,222407.6487
2533,2,3,Urban,1971,232725.7415
1943,3,3,Suburb,2000,280344.1706
1982,2,3,Suburb,1972,233950.6096
1261,5,3,Rural,1971,169185.4893
1727,4,1,Urban,1987,198224.5403
1632,4,2,Urban,1951,149874.12
1151,3,2,Rural,1964,143457.0932
1212,5,2,Suburb,2017,146703.0954
2015,3,3,Rural,2021,282649.7672
2257,5,1,Rural,1951,212940.8803
1862,3,2,Urban,1985,243122.0052
1622,3,3,Urban,1959,144194.3546
2977,4,3,Suburb,1974,320975.5493
1360,4,1,Suburb,2013,171768.6098
1319,5,1,Rural,1987,156997.2067
1221,2,3,Rural,1968,185998.3083
2975,2,2,Suburb,1968,303064.8515
2761,3,3,Suburb,1971,330509.8811
1209,4,1,Urban,2007,141618.3587
2419,3,3,Urban,1950,234557.2159
1930,5,3,Rural,2002,289716.5488
2606,3,1,Suburb,1964,349054.3276
1488,3,1,Urban,2009,178557.6809
2895,3,3,Suburb,2006,269918.5952
1600,5,1,Rural,1972,179119.4685
1773,5,2,Rural,2011,203471.6182
2984,3,2,Urban,1984,353257.0325
1877,4,2,Suburb,2014,292116.9456
2487,5,1,Suburb,2004,365260.3776
1699,2,3,Urban,1956,171317.6452
2647,3,3,Urban,1983,320648.7782
1451,4,3,Rural,1999,222664.5711
1412,5,3,Rural,1986,184965.8391
2957,3,2,Suburb,1959,333303.8403
2774,4,3,Suburb,1993,372804.5547
1475,2,3,Urban,1989,138164.959
1255,5,1,Rural,2013,175839.1654
2173,5,1,Rural,2013,288670.7961
1126,2,3,Urban,2010,72904.64163
1391,5,2,Rural,1983,89918.28468
2854,4,2,Suburb,1953,331868.9058
1479,5,2,Rural,1985,266028.911
1992,3,1,Suburb,1984,237122.4601
2420,2,2,Suburb,2018,245438.0728
1922,3,1,Rural,2012,201259.3955
1401,5,2,Urban,2019,170471.21
1273,3,1,Suburb,1967,220582.4766
1844,4,1,Suburb,1984,230197.7905
2981,3,1,Suburb,2011,392966.9635
2933,4,3,Suburb,1982,395052.7537
1138,4,1,Urban,2005,192230.6849
1102,4,1,Urban,1993,50973.73183
2265,2,1,Rural,2003,282230.3367
2140,3,2,Suburb,1987,231235.9204
2237,4,1,Suburb,1981,206821.5337
1483,4,3,Suburb,2020,158845.2392
1528,3,2,Suburb,2003,161160.9924
2714,5,2,Urban,1998,351336.453
1223,2,3,Suburb,1957,89354.8286
2293,4,1,Suburb,1975,187655.9721
2848,5,1,Rural,1982,278448.5194
2884,5,2,Urban,1981,357286.492
2157,5,3,Rural,1971,193007.9644
1113,4,2,Urban,1951,41103.87097
2464,4,2,Rural,1983,249860.6344
1643,4,1,Suburb,2001,160576.1974
1650,3,1,Urban,1962,202990.7767
2388,4,3,Urban,2005,303712.2021
2255,2,2,Urban,1953,257324.1319
1457,3,3,Urban,1975,223732.1638
1374,2,2,Suburb,2005,175541.1215
2627,5,3,Suburb,1957,303270.984
2802,3,3,Suburb,1989,238083.8078
1610,3,3,Rural,1952,152874.256
1206,3,3,Suburb,1969,73481.41852
2543,2,2,Urban,1999,214461.8977
2491,2,3,Suburb,1966,286062.0215
2905,5,2,Suburb,2012,282112.2346
2466,4,3,Rural,1966,332638.7532
1916,2,1,Urban,2020,316983.8401
1320,5,2,Rural,1965,99495.7411
1092,4,2,Suburb,1965,209201.4247
2431,3,2,Rural,1982,277274.7952
2181,4,3,Rural,2018,252899.3519
1871,2,2,Urban,1955,139759.6399
1098,5,3,Urban,1977,50140.62903
1224,3,3,Urban,2000,137779.2888
1851,3,1,Urban,1965,263712.3099
1440,4,1,Rural,1984,156795.4155
1719,4,1,Suburb,1977,138486.371
1584,2,3,Rural,2016,175613.446
2424,3,2,Urban,1993,318674.4982
2594,4,2,Urban,2020,304797.3195
2822,3,1,Urban,1956,297770.6776
1063,5,2,Urban,2005,169875.5122
1767,5,1,Rural,1993,200641.6728
1559,2,1,Rural,1999,244999.3482
2302,3,2,Suburb,1998,261231.896
2733,4,2,Urban,1954,265749.8458
1669,5,3,Rural,1966,249219.4695
2846,5,2,Suburb,1964,193745.7547
2542,2,2,Suburb,1962,288122.5299
2271,5,1,Suburb,1950,230027.0993
1367,2,3,Suburb,1964,116310.143
1743,3,2,Urban,1992,159500.1421
1617,4,3,Suburb,1967,150133.1113
2005,3,3,Urban,1966,199265.8177
2994,3,1,Suburb,2011,275429.2253
2121,3,1,Suburb,1986,217648.1249
2291,4,2,Rural,1963,256408.6073
2083,3,1,Urban,2008,170662.4357
1499,3,3,Urban,1985,125326.1468
2331,2,1,Suburb,1990,231178.8418
2516,2,1,Urban,1957,291927.2254
2006,2,3,Rural,2021,152588.6499
1410,4,3,Suburb,2019,113659.3385
2017,5,1,Rural,1986,244068.4998
2163,5,1,Suburb,2008,230107.8028
2932,3,1,Urban,2012,270900.0031
2351,5,3,Suburb,1968,227856.7212
1463,3,3,Suburb,2014,130337.1917
1701,2,1,Urban,2007,132798.2252
2660,3,2,Rural,1982,342321.6133
2948,4,3,Urban,1962,289981.0299
1162,5,1,Suburb,2003,115099.7977
1059,3,3,Suburb,1994,173067.7072
2948,2,1,Suburb,1973,266388.7581
2054,4,1,Rural,2000,305025.049
1332,3,1,Urban,1984,143409.059
1075,3,2,Urban,2004,194000.5126
2778,3,2,Urban,1964,295834.4266
1316,4,3,Urban,2015,214497.7773
2793,3,3,Urban,2006,380637.3767
2440,2,2,Urban,2016,280914.4995
2991,2,1,Urban,1969,290099.5951
1189,2,2,Urban,1982,101065.5891
2512,2,2,Urban,2021,292055.4363
2912,4,1,Suburb,2005,318847.3978
2338,2,3,Urban,2005,217551.5144
1295,2,2,Suburb,2013,201638.0791
1500,5,3,Urban,1997,177637.7064
1176,2,2,Urban,1977,59683.59623
1799,4,2,Suburb,1976,201151.2001
1805,5,3,Urban,1963,204280.635
1859,5,3,Rural,1953,246654.1582
2742,4,1,Urban,1954,160017.8401
1214,5,1,Suburb,1953,64968.3056
2879,3,2,Suburb,1964,385025.2865
1652,2,2,Suburb,1990,179461.9325
1596,3,1,Urban,2005,169791.3528
2717,4,1,Rural,2001,320345.4714
2355,3,2,Rural,1960,204480.6516
1127,4,1,Urban,1968,123485.1144
2292,3,3,Suburb,1961,252085.434
1550,2,2,Suburb,1999,113415.9112
2558,4,2,Rural,2009,253723.4533
2777,4,2,Urban,1960,215738.1659
2389,4,2,Rural,2006,326469.013
1618,5,3,Urban,1997,149149.764
1347,2,1,Rural,2018,109876.857
1141,5,2,Suburb,2002,203566.7233
2168,5,2,Rural,1996,255096.9938
1791,2,2,Urban,1984,190754.7885
1244,4,2,Suburb,2000,131134.467
2465,5,3,Rural,2010,287623.204
1702,5,1,Rural,1964,132889.807
2313,4,3,Rural,1973,348990.0619
2714,2,2,Urban,1959,228978.4102
2135,2,2,Urban,1995,220107.1362
1213,2,3,Rural,1968,66902.74084
2673,5,2,Rural,1991,382135.101
2909,2,3,Rural,1967,246993.6798
1199,2,3,Suburb,1955,94231.86629
1404,5,1,Suburb,1965,207061.9869
1420,2,1,Rural,1974,137667.9952
1006,3,1,Suburb,2019,28130.83565
2881,2,1,Suburb,1999,304972.9224
2548,2,3,Urban,1983,308436.1193
1591,4,2,Suburb,2005,178890.7721
1285,5,3,Rural,2011,120061.3958
1670,4,2,Suburb,1954,176708.2097
1388,3,1,Suburb,1962,191720.2429
1415,2,2,Urban,2015,251576.2854
1783,4,2,Suburb,1978,187283.5131
2006,4,3,Suburb,2020,223728.9172
2736,3,1,Rural,2007,339060.0972
2173,2,3,Suburb,1976,266857.5705
2983,4,2,Urban,1973,373478.5366
2014,2,2,Urban,2005,189279.8592
1427,3,2,Urban,1986,137691.3117
2831,3,3,Rural,1971,265131.6285
2004,2,3,Suburb,2016,166182.0372
2316,3,3,Suburb,2008,242877.1543
1333,5,1,Suburb,1995,162897.5074
1271,4,2,Urban,1977,67228.24678
2066,5,3,Urban,1960,244441.5775
2491,5,3,Urban,2018,239681.7774
1318,3,3,Rural,1969,169926.7749
2515,3,3,Urban,1982,303476.1797
1526,2,3,Urban,1972,155354.4182
1759,5,3,Rural,2012,237048.8089
2195,4,3,Rural,2021,202541.501
2753,2,1,Rural,2009,291217.3835
2672,2,3,Suburb,1980,230962.4059
1320,2,1,Urban,2006,182290.3148
1738,3,1,Suburb,1999,168635.6611
2067,3,2,Urban,1991,204247.3971
2555,2,2,Rural,1973,227193.1874
2654,3,1,Suburb,1985,375012.726
1453,3,1,Urban,2019,110971.8096
1745,2,3,Rural,2001,178670.59
2993,4,1,Urban,1967,311396.7664
2903,4,3,Rural,1983,269911.8747
2914,3,3,Rural,1962,243906.7256
1928,4,2,Urban,1997,190777.3728
1847,4,1,Suburb,1952,235199.335
1867,3,3,Rural,1972,254273.9692
1773,4,1,Urban,1972,216637.7254
1082,3,3,Rural,2002,47472.63888
1542,5,2,Rural,1979,172788.4673
1321,2,3,Suburb,1964,249422.8109
1785,4,2,Suburb,1968,196394.5786
2257,2,2,Rural,1979,188338.5247
1539,2,2,Urban,1996,135204.3672
1251,3,2,Urban,1977,121199.8555
1835,4,2,Suburb,2012,244888.706
2788,4,1,Rural,2000,271852.1649
1448,5,1,Urban,2000,236303.2527
2262,4,3,Urban,2008,236434.2957
1489,4,2,Urban,2007,187166.1806
2905,3,2,Urban,1992,262243.6051
1463,2,1,Urban,1977,208482.7383
2964,5,1,Rural,1992,335781.3799
1313,4,2,Rural,2002,272670.7367
2198,4,1,Rural,1978,239831.4288
2729,5,1,Urban,1997,263708.1465
2203,3,2,Rural,2005,247914.6327
2955,4,2,Suburb,2012,290152.5654
1384,4,2,Rural,2016,230184.7502
1294,5,3,Urban,1993,10873.20838
2238,2,2,Rural,1964,252509.6967
1985,4,3,Suburb,2014,244014.1378
2738,4,1,Suburb,1988,253680.9074
1761,2,2,Urban,1998,247575.8102
2897,4,1,Rural,1978,346769.0136
1768,2,1,Suburb,1975,203436.7671
2098,3,3,Urban,1972,140575.9657
1343,2,2,Suburb,1990,97726.50904
2737,2,3,Urban,1997,392441.9729
1141,4,1,Suburb,1980,137310.7704
1717,4,3,Urban,2004,273266.7954
2222,5,2,Rural,1972,181356.1331
2942,4,2,Rural,1960,271054.4687
2194,4,1,Urban,1989,220359.7486
1405,2,2,Suburb,1986,173006.2292
2851,3,3,Suburb,1958,359415.0748
1227,4,3,Rural,2020,125882.6856
1410,2,1,Rural,1967,244795.0265
1951,5,1,Urban,1955,254067.6551
1897,5,3,Suburb,1971,204736.5052
2958,3,1,Urban,1984,315152.6038
1690,3,3,Rural,1981,189264.23
1877,3,3,Urban,1967,213961.0457
1786,2,3,Urban,1971,167479.4347
1061,4,3,Urban,1986,117775.6785
2350,2,1,Suburb,1979,231003.5156
2739,5,3,Urban,1982,289570.2955
2986,5,2,Urban,1994,341612.9689
2982,4,1,Rural,1988,338494.7096
1878,3,3,Suburb,2015,227142.0881
2156,5,1,Rural,1958,261841.0796
2607,3,2,Rural,2010,272754.6438
2613,2,2,Suburb,1950,267366.494
2212,3,3,Rural,2002,172768.9437
1355,2,2,Rural,1995,117069.2099
1070,4,3,Rural,1956,145143.2946
1262,3,3,Rural,1993,127917.4364
1305,4,1,Suburb,1994,112507.0703
1557,3,3,Suburb,1953,321252.3289
2247,5,3,Urban,1993,296226.7292
2351,4,3,Rural,1968,295657.2918
1761,3,3,Urban,2014,149073.1706
1587,4,3,Urban,1974,175104.1953
1073,3,3,Rural,1968,80658.8127
2534,2,3,Suburb,2013,254557.2836
1141,4,1,Urban,1996,145158.2538
2608,5,1,Rural,1975,306302.096
1101,4,3,Urban,1993,160046.4526
2629,2,1,Urban,1977,272379.7148
2604,2,3,Urban,2003,263003.895
2088,5,3,Suburb,2002,215389.007
1192,2,2,Urban,1996,137901.9661
1952,5,1,Rural,1989,232584.5006
2085,3,2,Suburb,1999,259587.4
2555,2,3,Rural,1966,256585.2948
2264,3,3,Rural,2014,244061.6355
2738,3,3,Rural,1950,234917.0579
1409,2,1,Urban,2003,129619.2169
1299,5,1,Suburb,2020,216312.1509
2218,5,1,Urban,1974,137858.6623
1453,5,1,Rural,2017,169585.3388
1573,2,2,Urban,1977,170569.4786
1618,3,2,Urban,1988,156081.3527
1636,4,1,Suburb,1972,96217.39829
1300,4,1,Rural,1980,144361.4949
1778,2,2,Rural,2008,231404.6018
2479,4,1,Rural,2021,300599.235
1988,3,3,Urban,2015,218206.8582
1201,4,3,Urban,1951,216586.1785
1673,5,1,Suburb,1977,213008.3091
2879,3,1,Suburb,1967,210534.2485
1301,2,3,Rural,2003,169879.7377
2647,2,1,Urban,1975,342310.9558
1336,5,3,Urban,1958,170516.7501
1031,4,3,Rural,1988,105832.6032
2994,2,1,Suburb,2002,334395.8281
2121,2,1,Suburb,1955,192968.2095
2782,3,3,Suburb,1986,243331.3555
1772,3,1,Urban,2021,158454.4623
2214,3,1,Urban,1996,231082.1611
2564,3,2,Rural,1996,296605.5492
2071,2,2,Suburb,2003,278377.5799
2273,3,3,Suburb,1997,273559.3227
2249,5,3,Suburb,1995,98051.97272
2295,5,3,Suburb,1984,251439.8162
1664,3,2,Rural,2005,71732.22863
2508,3,3,Rural,1957,269119.9958
1327,4,3,Rural,1959,160023.8506
1796,3,2,Urban,2014,201772.3551
2203,2,3,Suburb,2021,337817.6308
1813,5,1,Urban,1996,221187.9171
1664,5,2,Rural,1993,147484.6806
1745,2,3,Rural,1981,189325.387
2046,3,3,Urban,1965,210707.6371
1929,4,1,Urban,1982,167881.4817
1962,5,2,Urban,1975,284390.3165
2629,4,1,Urban,1999,341534.2867
2393,5,1,Rural,1971,265998.0887
2268,4,3,Urban,1983,348697.8417
2825,5,3,Urban,1994,299604.1601
2183,4,3,Urban,1969,275211.9333
1372,3,1,Urban,1956,173268.9265
1284,3,2,Urban,2012,199352.1411
1520,2,3,Rural,1966,240870.1945
2473,2,1,Urban,2004,242011.7628
1696,4,3,Rural,1963,211725.6336
1806,4,1,Rural,1965,300490.0386
1646,5,2,Suburb,1984,141586.3938
2645,2,1,Suburb,1964,338942.0268
2604,2,2,Rural,2006,265383.9773
1135,5,1,Rural,2019,134642.0925
1095,4,2,Rural,1969,75454.0566
2142,2,2,Urban,2005,182097.2253
2397,4,2,Rural,1999,256418.1774
1273,3,2,Suburb,1982,99206.86389
2893,4,3,Rural,1977,342856.251
1877,3,3,Rural,1961,235040.7125
1849,3,1,Suburb,2000,215675.701
2200,5,3,Urban,1961,230857.9227
2896,5,2,Rural,1952,266491.4865
2772,3,3,Suburb,2021,320679.3946
1783,5,2,Urban,2020,200351.8637
2300,2,3,Urban,1952,248886.6166
2161,2,1,Suburb,2009,260784.8268
2897,4,1,Suburb,2015,321366.4282
1131,3,2,Rural,2003,116396.7387
2067,4,2,Suburb,1981,342503.4935
2146,3,3,Suburb,2021,202884.6745
2159,3,3,Urban,2020,176162.7392
2390,4,2,Suburb,1978,262345.154
1372,4,1,Urban,2016,148496.7634
2149,4,1,Rural,1966,253180.4821
2462,4,2,Suburb,1964,218514.9985
2810,2,1,Suburb,1985,209442.7403
2599,3,2,Rural,2006,338563.7255
1807,5,3,Suburb,1971,246785.2173
1743,3,1,Suburb,1989,220914.3626
1050,2,1,Suburb,2016,67918.50154
2160,3,2,Suburb,2019,224692.0386
2181,2,3,Suburb,2015,235731.5347
1055,3,1,Suburb,1987,206972.9879
2616,2,1,Urban,1980,245149.8218
1743,5,3,Suburb,2020,245052.8758
1427,5,3,Suburb,1963,124435.9556
1442,5,2,Rural,1957,182582.5034
2934,5,1,Suburb,1988,392969.5029
2987,2,1,Rural,1981,364323.9194
1325,3,3,Rural,2021,158641.7925
1639,5,3,Rural,1986,129667.3118
2661,5,1,Rural,1959,271207.2806
1828,3,3,Urban,1965,165426.1975
1079,3,2,Urban,2020,112675.5537
1473,4,2,Suburb,1959,218341.3169
1376,3,3,Rural,2019,136297.3012
2892,3,1,Urban,1951,388167.5938
1918,3,3,Urban,1965,152681.6881
1332,4,1,Urban,1985,191122.6701
2198,3,2,Suburb,1957,194853.2739
2680,2,2,Suburb,1993,284683.6126
1440,5,2,Urban,2015,137013.2659
1125,2,1,Suburb,2004,235085.233
2717,4,3,Rural,1956,309735.8391
1218,4,1,Suburb,1962,76998.5602
1947,4,1,Rural,1958,165637.2095
1277,4,2,Suburb,2017,104910.0136
2508,4,3,Rural,1954,308884.1246
1594,5,1,Suburb,2004,160639.5038
1934,3,3,Suburb,1969,235038.3145
1140,2,1,Rural,2013,174264.1284
1845,2,1,Rural,1967,129414.0459
2007,3,2,Rural,1999,299796.2742
2630,4,2,Urban,2003,234507.0637
1876,3,2,Suburb,1992,270881.99
2729,4,3,Suburb,2001,296948.1282
1109,5,1,Urban,1993,236085.0416
2075,2,2,Suburb,1967,200795.1336
2638,2,3,Rural,1955,260560.8339
1612,5,3,Rural,2013,226682.2304
2677,5,1,Urban,1984,247841.5045
1712,4,2,Suburb,1997,133626.2215
2993,3,2,Suburb,1958,356880.9973
2342,4,2,Urban,2012,310358.592
2222,4,2,Rural,2012,303978.2897
1795,2,3,Rural,2019,232656.9976
1728,4,2,Suburb,1959,166112.4513
2069,3,2,Rural,1987,237147.1206
1504,4,3,Suburb,1966,130733.3249
2563,2,1,Rural,2018,353284.8419
2537,3,1,Rural,1979,297015.1744
2918,3,3,Suburb,2013,353509.9466
2040,2,3,Suburb,1970,246170.4309
1314,2,2,Rural,1961,130633.0871
2459,4,1,Suburb,1964,353586.9986
2411,2,1,Rural,2015,259563.5184
1076,5,2,Suburb,2005,201663.4878
1977,2,2,Urban,1990,202004.543
1898,5,2,Suburb,1969,351061.9048
2394,2,2,Rural,1977,278980.265
2188,5,3,Rural,2010,231328.7279
2632,5,3,Rural,2015,248049.9417
2640,2,2,Urban,1974,332003.7144
2047,3,1,Rural,1969,217932.7547
1711,3,1,Suburb,1951,128163.2739
2058,5,1,Suburb,2001,215358.8381
2537,3,1,Rural,1989,256076.6597
2824,2,1,Suburb,1961,253397.7851
2867,5,2,Rural,2021,381750.1622
1853,4,1,Urban,2019,179418.6571
2484,5,3,Rural,1994,255811.2781
2161,4,3,Urban,1962,240490.672
2872,4,1,Rural,1986,332330.0038
2597,5,3,Urban,2007,297104.1378
2834,4,2,Urban,1966,421462.3483
1708,3,1,Urban,1976,193004.2764
2912,4,2,Suburb,1967,400754.3284
2594,3,3,Suburb,1970,316406.5196
1264,5,1,Suburb,1963,148679.2956
1332,4,2,Urban,1957,189907.8693
1187,4,2,Suburb,2008,158489.1379
2086,3,2,Suburb,2009,263594.0792
1819,3,2,Suburb,2013,169404.3309
2302,5,2,Suburb,1988,241615.891
2565,5,3,Rural,1961,262043.3248
2194,4,1,Urban,2019,301852.597
2526,2,2,Rural,2004,349839.9092
2987,4,2,Urban,1974,307700.7548
2556,4,3,Rural,1984,229861.53
1298,5,1,Suburb,1991,105530.8523
1200,5,1,Suburb,1969,205684.2703
2158,4,1,Rural,2008,213666.6669
1271,3,1,Rural,1997,147051.8973
1534,5,1,Suburb,1952,207867.9057
2465,4,3,Suburb,2018,324345.5468
2110,2,2,Rural,1965,141830.112
1030,4,1,Urban,2008,119396.6458
2144,2,1,Rural,1970,242960.5326
1068,2,2,Rural,1964,38873.11053
2669,2,2,Rural,1987,234252.332
1882,4,1,Rural,1995,259858.8074
1960,5,3,Rural,1991,174653.9572
1826,3,2,Suburb,1992,269776.5024
2519,3,2,Rural,1986,295364.875
1923,4,3,Suburb,2009,284546.884
2169,4,2,Suburb,2012,248086.488
1983,2,2,Rural,2004,231292.7799
2356,5,1,Rural,2008,217855.3359
1480,4,2,Rural,1987,133982.8528
2929,3,2,Urban,2012,302456.4592
2286,4,3,Urban,1965,280827.3041
1292,5,2,Suburb,1997,175798.6222
2452,5,3,Rural,1953,230676.9946
1085,4,3,Suburb,2007,141899.4373
2039,4,3,Rural,1976,194322.0935
1727,5,2,Rural,1976,166464.8552
1627,5,3,Rural,2002,97818.1555
1117,2,1,Suburb,1975,203358.8383
1269,4,2,Urban,1978,176442.5386
2418,4,2,Suburb,1988,329068.9555
1978,4,3,Suburb,1975,150393.8281
1854,3,3,Urban,1960,185655.7619
1161,2,3,Rural,2013,92940.98735
1699,5,3,Suburb,1957,189809.8962
2127,2,1,Rural,1962,260512.4919
2676,3,2,Rural,1999,280270.5491
1166,2,3,Urban,1950,120042.8369
1299,3,1,Suburb,2014,186735.4379
1027,2,3,Urban,1992,125094.2356
2447,2,1,Suburb,1957,223615.6896
2807,2,2,Urban,1982,342769.0971
1561,4,1,Rural,2005,194267.4742
1882,5,3,Urban,1968,145310.4235
1155,2,2,Rural,1970,175084.4924
2347,4,3,Suburb,1971,323031.5346
2371,4,2,Suburb,1971,233695.3622
2144,4,3,Urban,2000,247708.3932
2979,3,1,Urban,1998,201444.9479
1651,2,2,Rural,1957,91905.52938
2551,5,1,Suburb,2017,271546.4816
1820,2,1,Rural,1956,234635.9367
2973,2,3,Urban,2010,281397.7893
1560,5,2,Urban,1963,162608.5172
2187,4,1,Urban,2019,273298.0249
2085,2,3,Urban,2005,284386.8379
2363,4,3,Suburb,1987,313709.57
2689,4,1,Rural,1980,334360.384
1311,4,1,Suburb,1971,100303.8405
1375,5,1,Suburb,1999,126841.2606
2369,4,3,Suburb,1950,247946.8483
1149,2,2,Urban,1991,80120.96537
2911,4,3,Urban,1995,319871.1101
1584,3,1,Rural,2014,154638.0581
1580,3,3,Suburb,1976,156780.8985
1976,3,2,Urban,1998,216738.8904
1176,4,3,Suburb,2008,89442.30962
1353,2,3,Suburb,1951,229535.4711
1513,2,3,Suburb,1968,177289.8037
1308,4,3,Urban,1960,205481.2836
1118,4,3,Suburb,1981,148255.1812
2542,5,1,Rural,1999,231010.2671
1766,4,2,Urban,2016,266095.933
1995,3,1,Rural,1978,246563.0521
1972,5,3,Urban,2005,226744.3352
1915,5,3,Suburb,1968,211970.5607
1477,4,3,Suburb,2008,180141.8441
2437,4,2,Suburb,1980,227890.7527
1586,5,1,Urban,1950,205808.1665
1350,5,1,Rural,2000,173627.4059
2529,5,3,Rural,2003,222100.6596
1194,5,1,Suburb,1999,139426.4819
2210,5,2,Rural,2017,216714.5951
2473,2,1,Rural,2020,239811.4353
1495,5,3,Rural,1973,179354.193
1514,5,1,Suburb,1973,190109.277
1695,2,1,Urban,1960,141825.5458
2870,3,1,Suburb,1980,271986.2271
1272,3,1,Suburb,1995,211704.0914
1879,3,2,Rural,2019,145230.8956
1051,3,3,Suburb,2003,78633.88034
1262,4,1,Rural,1962,123315.2007
2391,4,1,Suburb,2014,197452.5389
1132,5,1,Suburb,1975,120777.4897
1993,5,2,Urban,1979,231654.9869
2248,3,3,Rural,2009,225689.5882
1309,3,2,Suburb,1969,48445.97542
2596,2,3,Suburb,1963,320422.987
2900,2,1,Urban,2010,278551.7464
1015,2,3,Rural,1986,90180.23096
2764,3,3,Suburb,1974,203824.2112
1194,2,3,Rural,1992,161255.1861
2786,5,1,Suburb,2019,331188.9361
2466,3,2,Rural,1994,267887.4432
1302,4,1,Rural,1986,175619.5611
2071,3,2,Suburb,1993,207688.9014
2770,4,2,Urban,1968,374689.5883
2144,4,2,Suburb,1975,288968.1303
2522,3,2,Urban,2021,256785.078
1831,2,2,Urban,1999,190716.3952
1561,5,1,Suburb,1951,85323.7864
2492,3,1,Suburb,1959,236868.0832
1040,2,2,Urban,1983,124179.5234
2479,4,3,Suburb,2019,272821.3686
1533,4,1,Suburb,1978,87990.90111
1370,4,2,Urban,1996,202178.565
2205,4,2,Suburb,1967,445343.4094
1516,3,3,Suburb,2019,64576.23925
1656,5,3,Rural,1973,257844.685
2892,4,2,Urban,1969,383763.322
1589,2,3,Rural,1981,185256.2991
1230,2,1,Rural,1975,151490.4748
1808,5,2,Suburb,1992,240865.4637
2371,5,1,Urban,2013,329573.9994
1478,5,2,Urban,1952,231630.6665
2232,4,1,Suburb,1977,233112.1715
1674,3,2,Rural,1956,146639.1607
2703,4,1,Urban,1989,333177.4012
1277,4,3,Rural,2017,225572.975
2772,2,2,Suburb,1980,353572.1888
2711,3,2,Suburb,1977,208968.4635
1052,3,2,Rural,1986,185908.5262
2884,2,2,Rural,1956,319731.5611
2033,2,1,Urban,1997,246973.0784
2681,2,2,Urban,1990,211789.5662
2762,5,3,Suburb,1992,317257.1855
1747,3,1,Rural,2020,200904.9502
1463,2,2,Rural,2008,155609.7468
1753,2,2,Suburb,1986,215737.3182
2840,2,1,Rural,1953,288421.3566
1582,4,1,Rural,1994,83692.1321
1157,3,2,Rural,1984,102863.2236
1018,3,1,Suburb,1969,145995.1978
1054,5,3,Rural,1980,86143.72738
2979,4,2,Urban,1950,302338.5188
2750,3,2,Urban,1995,356535.1532
2991,5,1,Suburb,2020,325815.7112
1720,5,3,Suburb,2005,236732.2983
2044,2,3,Urban,2002,286988.1885
2305,5,2,Rural,1995,206331.6445
1760,5,3,Rural,1958,167528.5135
2563,4,3,Suburb,2004,252444.9541
2018,2,3,Rural,2020,223768.8726
2958,2,2,Urban,2018,263084.8656
2440,2,2,Rural,1989,335116.0217
1807,5,3,Rural,1998,143135.7437
1722,2,3,Urban,1976,235182.6153
1284,3,2,Suburb,1951,215673.2575
2555,4,2,Rural,1964,176222.2799
2555,4,1,Rural,2008,208030.0359
1510,5,1,Rural,1953,161719.0565
2865,2,3,Rural,2012,323981.291
2021,4,2,Rural,1968,197990.64
2419,5,2,Suburb,1980,237640.1668
1119,5,2,Rural,2003,138934.2224
1096,4,3,Urban,1961,102944.691
1119,2,1,Suburb,2003,14947.32297
2560,2,2,Urban,1984,243642.6548
2176,3,2,Rural,2002,176580.6976
2268,3,1,Suburb,2013,251692.0309
2795,2,2,Rural,1965,258677.5291
2539,3,2,Urban,2010,223231.6747
1392,3,1,Urban,1981,150363.5496
2166,4,1,Rural,1957,190469.3551
2527,2,2,Rural,1985,176233.7555
1793,4,2,Suburb,1958,204445.5602
2870,4,2,Suburb,2004,254646.8231
2881,5,1,Rural,2013,341975.2862
1219,2,2,Suburb,2000,160230.506
1838,4,1,Suburb,1980,166938.109
1159,3,2,Suburb,1956,199401.5784
2099,5,3,Urban,1951,278043.3761
1610,3,2,Urban,2004,137939.0776
2715,5,2,Rural,1958,374664.5532
1638,3,2,Suburb,1961,20170.64415
2055,3,3,Rural,2002,287608.1231
1776,3,1,Urban,1965,226647.4385
1333,4,2,Suburb,2015,126148.9666
2548,2,1,Suburb,1986,232176.1501
2463,5,1,Urban,1955,259840.9607
1891,4,3,Suburb,1998,205817.3749
1939,5,3,Suburb,1960,146693.4931
1351,4,2,Rural,1965,175511.8785
2362,5,2,Rural,2020,323538.092
1925,5,3,Urban,1971,290787.6108
2423,3,3,Rural,2009,240955.9945
1395,5,2,Rural,1957,180092.8452
2225,5,2,Suburb,1955,313448.5259
2985,3,1,Rural,1984,313473.9851
1529,4,2,Rural,1969,255497.871
2932,4,3,Suburb,2010,273157.8518
2116,2,1,Rural,1985,204526.0814
2815,2,1,Rural,1995,219761.4718
1357,2,1,Urban,1960,181792.4212
2419,2,1,Suburb,1968,207982.1871
1827,5,1,Rural,1985,253528.819
1059,5,1,Rural,1964,169398.4201
1476,2,3,Rural,2015,252894.4853
2749,3,3,Rural,1955,320263.7852
1611,2,2,Suburb,1995,182348.802
1000,4,3,Rural,1961,56984.68392
2578,5,3,Urban,1991,316085.0879
1310,3,2,Urban,1962,223576.0295
1167,4,1,Rural,1992,216190.0189
1191,3,3,Rural,2002,128032.2377
2057,3,3,Suburb,1971,233762.953
2057,2,1,Suburb,1985,272304.9593
2711,4,1,Suburb,1955,301928.9269
2440,2,3,Urban,1955,304545.4061
1707,4,1,Urban,1996,274085.9522
2181,5,3,Rural,2019,277691.1768
2780,4,1,Rural,1991,213025.8582
2523,5,2,Urban,2003,346656.4839
1365,5,3,Urban,2019,139533.7742
2363,2,1,Rural,2015,198815.7372
1857,5,1,Urban,1984,175358.8141
2358,2,2,Rural,1962,250415.8442
2606,3,1,Suburb,1996,261971.2682
1326,3,1,Rural,2003,107533.7081
1113,3,1,Suburb,2015,76072.59317
1796,4,3,Suburb,1991,182777.6173
1918,5,2,Urban,1988,224961.6759
2441,2,2,Urban,1979,360488.8673
2491,3,2,Suburb,1960,340725.1075
2166,2,3,Suburb,2008,211081.1991
1608,3,1,Urban,1983,264014.0599
1308,5,3,Rural,2004,161988.9622
1400,3,2,Urban,1981,275987.766
2343,2,2,Urban,1969,264749.9028
1211,3,2,Suburb,2003,160721.8293
1316,2,3,Urban,1952,168069.6999
1184,3,3,Suburb,1960,109829.4306
2228,2,1,Suburb,2015,321810.849
2387,3,3,Rural,2000,243310.402
2239,5,1,Urban,2003,234644.3353
1245,3,1,Urban,1982,184146.3505
1238,4,1,Rural,1982,73684.2291
2828,2,2,Urban,1965,301526.2275
2414,3,1,Rural,1993,238936.8561
1519,4,3,Urban,1968,108024.4487
2613,2,3,Urban,2021,267638.2305
2859,3,2,Suburb,1969,313589.9006
1276,3,2,Rural,1992,170757.692
2980,5,2,Urban,1972,263557.9589
2005,3,3,Urban,1976,153518.2204
1201,2,3,Rural,1970,189627.5456
1213,4,1,Suburb,1953,237439.6889
1605,3,3,Urban,1964,133759.481
1477,4,2,Urban,1986,128522.4991
1507,2,1,Urban,2006,131970.2403
2999,2,1,Suburb,2001,261895.2457
2098,3,2,Suburb,1959,210109.14
1668,5,1,Rural,1994,153981.1293
1664,3,2,Urban,1988,208472.5399
2977,5,2,Suburb,2001,318823.829
1141,3,2,Urban,2007,149254.4729
2613,4,3,Rural,1994,366958.202
1321,5,2,Rural,1956,216398.9001
2717,5,2,Rural,1984,286913.0272
1460,4,1,Rural,1959,199246.6756
1706,3,1,Suburb,1976,302363.2341
1669,2,2,Rural,1952,95400.50875
2169,2,1,Rural,2007,218196.8582
1053,3,3,Suburb,2001,112175.3757
2379,4,3,Urban,1991,282634.3953
1276,2,1,Urban,1999,110622.2075
2844,4,1,Suburb,2003,342349.6387
2618,3,1,Rural,1990,375675.7036
1399,4,1,Rural,2004,83401.76061
1667,4,1,Suburb,1977,185320.2652
1515,4,3,Urban,2015,163118.4657
2522,2,2,Rural,2007,268783.0774
2334,4,1,Urban,1994,199840.7192
2294,5,2,Urban,1971,248516.9088
1575,4,1,Suburb,2001,216946.2827
2472,4,2,Rural,1976,276457.5115
1111,3,1,Suburb,1952,188630.6321
1238,4,1,Rural,2015,196855.237
2167,4,3,Urban,1994,228174.0152
2397,2,3,Suburb,2008,269714.5386
2043,5,3,Rural,1960,170482.7568
2599,3,3,Suburb,1958,269127.2673
2312,5,1,Suburb,1983,336804.4013
2616,4,3,Suburb,1970,262897.9772
1196,2,2,Rural,1983,139627.0395
1381,5,3,Urban,2008,123519.2245
2604,5,2,Rural,2021,234179.6042
2721,5,2,Urban,2015,362666.6744
2702,5,1,Suburb,2007,292519.5775
2740,5,3,Urban,1994,311314.9339
2515,2,3,Suburb,1997,228926.0222
1163,4,2,Rural,1978,131842.8857
1605,2,2,Suburb,1991,172058.3366
2272,2,3,Urban,1957,194020.3736
2091,2,2,Urban,1985,275009.0057
1854,2,1,Suburb,1985,185662.446
2044,4,3,Urban,1991,206912.437
1830,4,1,Rural,2000,158978.5706
2535,2,1,Urban,1973,258443.2057
1596,5,3,Suburb,1950,168301.7673
2413,4,3,Suburb,1966,278984.0515
1535,4,2,Urban,1963,252156.7703
1110,2,1,Suburb,1970,152498.2513
1948,5,3,Suburb,2005,232650.5
1862,5,3,Suburb,1970,202058.8006
1594,2,1,Suburb,1966,209067.4241
2893,2,2,Suburb,1968,254799.7698
2021,4,3,Rural,1956,206632.0435
1459,4,1,Suburb,2018,160945.4438
2101,3,1,Suburb,1965,191806.5254
1433,3,2,Rural,2008,156497.5863
2403,2,3,Urban,2007,175412.3434
2675,3,1,Suburb,2019,296306.9259
2463,5,2,Suburb,1963,439022.2014
1887,5,3,Suburb,1958,240328.4732
1782,5,3,Rural,1950,220288.0213
2362,4,3,Suburb,2006,207557.9119
1987,3,3,Rural,1971,177717.1758
2447,3,3,Suburb,1969,228372.1764
1168,2,2,Urban,1980,81291.42834
1708,4,1,Rural,1997,220618.2604
1964,4,2,Urban,2013,196700.2342
2285,4,1,Rural,1953,228803.0026
1726,5,2,Rural,1977,320253.6001
2602,4,3,Rural,1957,260919.6537
1228,3,2,Rural,2019,181127.9598
2184,2,1,Urban,2021,259197.1271
1426,3,3,Suburb,2000,222608.8032
1121,4,1,Urban,2017,142454.4893
1148,2,3,Suburb,1956,163095.3275
1851,5,3,Urban,1955,165691.6103
1704,2,3,Urban,1996,177724.7296
2766,4,1,Rural,1970,312369.4363
1110,4,1,Rural,1976,245285.276
2680,2,2,Rural,2021,273370.5436
2244,4,1,Urban,1972,256414.1135
2927,4,2,Rural,1966,313305.3042
1063,4,1,Rural,1960,231008.4079
1637,4,3,Urban,1970,232532.4383
2753,2,2,Urban,1974,305824.0793
2819,2,2,Suburb,1959,264909.2091
2377,3,2,Rural,1982,278062.9672
2497,5,2,Rural,1955,308977.85
1908,5,1,Rural,1974,203741.622
2771,3,2,Suburb,2013,244495.1441
2508,2,3,Rural,1988,214650.3271
1012,3,1,Urban,1987,73134.41345
1933,4,3,Suburb,2006,247047.0008
2176,4,1,Suburb,2014,322442.5741
1238,5,1,Urban,1976,220041.6624
2213,2,2,Rural,2010,282856.2434
1662,5,3,Rural,2005,241625.6997
2109,3,3,Urban,1995,253309.4123
2044,5,3,Urban,1954,251968.213
1693,5,1,Rural,1985,174345.8794
2342,4,2,Urban,2018,267173.2937
2181,5,1,Urban,1957,275088.7048
1970,3,2,Rural,1960,216192.672
1963,2,3,Suburb,2018,101417.1255
2504,5,3,Urban,2020,246424.7756
2902,2,3,Rural,1987,321681.9944
1075,3,3,Rural,1970,122874.0205
1328,5,1,Rural,2012,202227.3768
2439,2,2,Suburb,1976,218650.9197
2226,4,3,Urban,1973,269685.1559
2252,4,2,Urban,1981,314705.9552
1151,3,2,Suburb,1968,134670.4954
2798,5,1,Rural,1984,298365.2912
1071,3,1,Suburb,2018,176105.8735
1224,2,1,Suburb,2002,72353.93135
1472,2,1,Urban,2002,144311.5011
2920,3,2,Urban,2005,237707.7171
2666,2,3,Rural,1972,281679.4272
1359,3,3,Urban,1964,213877.2545
1539,3,2,Suburb,2011,171285.1853
1810,4,3,Suburb,2014,152618.1208
1608,2,2,Rural,1976,229731.3539
2069,3,2,Suburb,1955,244745.2072
1000,4,3,Suburb,1965,92588.34748
1677,3,1,Suburb,1972,229678.3846
2268,2,1,Rural,1986,259436.2717
2242,4,3,Rural,1980,334388.4809
2637,2,1,Urban,2001,273245.5837
1290,5,3,Urban,2007,204910.6191
2481,5,3,Suburb,1989,186496.1774
1203,5,3,Suburb,2006,96373.96511
2225,5,1,Urban,1956,235426.5845
1565,4,2,Suburb,1978,198592.0185
1481,2,2,Urban,2019,156569.125
2815,3,1,Urban,2015,280146.2032
1510,3,1,Rural,1952,165797.2071
1923,3,2,Urban,2010,248950.1194
1277,2,2,Rural,2009,128148.8481
2004,4,2,Rural,1962,219689.101
1015,2,2,Rural,2018,138909.9192
2548,5,3,Rural,1985,391360.3903
1355,3,3,Rural,2003,138056.2593
1355,2,2,Urban,1980,220071.7011
1829,5,3,Suburb,1967,179500.8321
2962,5,2,Urban,1954,357671.9329
1598,4,1,Rural,1958,132199.1122
2101,3,3,Suburb,1968,277194.9878
1927,2,3,Rural,1960,235949.2407
2090,5,1,Urban,1961,294848.6371
1858,5,2,Urban,1994,165468.87
2746,3,3,Rural,1985,291280.759
1213,2,3,Rural,2013,107626.981
2720,2,3,Urban,1982,268268.0548
1448,3,2,Suburb,1956,100000.1442
1964,5,3,Rural,1951,200182.851
2456,4,1,Urban,1953,300988.297
2568,3,3,Rural,2018,273726.1374
2138,5,1,Suburb,1992,326732.836
1786,4,1,Suburb,2000,208106.4869
2443,3,2,Suburb,2011,310722.2334
1498,3,2,Rural,2008,138341.8557
1709,5,3,Urban,2015,129389.1378
1379,3,1,Rural,1977,171828.0412
2166,2,1,Rural,2010,267230.5783
1739,2,2,Rural,1955,193997.3942
1631,4,3,Suburb,1971,198847.1536
2888,3,3,Suburb,1992,374975.0952
2047,2,1,Rural,1966,214661.5907
1538,5,3,Rural,1982,148622.7704
1944,5,3,Rural,1976,314282.4121
2098,5,1,Urban,2003,337466.4591
1752,2,2,Rural,1956,268419.8509
1534,3,3,Suburb,1999,225726.0854
1672,3,2,Suburb,1957,180790.6108
2064,3,3,Urban,2008,264239.9869
2773,4,2,Urban,2009,308390.5278
2774,3,3,Urban,1953,281243.3098
1567,2,3,Suburb,1968,101252.5497
2436,2,3,Suburb,1961,282320.7782
1414,3,3,Rural,1984,213310.6477
1448,5,3,Rural,2010,181348.2088
1609,4,1,Suburb,1961,253124.4049
1657,4,3,Urban,2007,234013.788
2797,2,1,Suburb,1979,227665.9863
1435,4,3,Suburb,1963,231687.1664
2575,5,2,Urban,1993,269629.0414
1704,3,2,Suburb,1999,133238.6386
1238,4,2,Suburb,1979,116284.5606
2065,4,1,Urban,1958,320494.0116
1733,2,1,Suburb,1979,273824.0704
2731,5,2,Rural,1963,286554.4247
1799,2,1,Suburb,1993,242648.1835
1009,2,2,Urban,1953,141100.3198
1746,4,3,Urban,1983,189440.8435
2860,2,3,Rural,2014,320125.2247
2288,2,3,Urban,2014,159566.5894
2604,4,3,Urban,1966,264521.8756
2468,4,1,Suburb,2000,265782.5483
1138,4,2,Rural,1953,156522.4629
2890,3,1,Suburb,2012,371024.4731
1730,5,2,Suburb,1993,317863.8613
1195,3,3,Rural,1959,106219.1115
2097,4,2,Urban,1968,260364.5235
2638,5,1,Rural,2014,318282.416
2248,2,2,Urban,1950,102776.2471
2658,5,3,Urban,1982,331287.6714
2125,4,1,Suburb,2008,202711.2475
1263,3,1,Suburb,1968,53916.21983
1944,5,2,Suburb,1966,227277.2722
1919,2,3,Urban,1982,259746.3956
1160,3,2,Rural,1962,98440.79005
2256,3,1,Rural,1999,328814.6777
1490,3,2,Urban,1994,141909.5914
2810,3,2,Suburb,1959,402339.9237
1769,2,3,Urban,1959,192809.8914
1310,4,2,Rural,2003,233378.1643
2674,2,3,Suburb,1963,281091.4215
1226,4,2,Rural,1952,143758.9758
1272,4,3,Rural,2019,133054.8051
1937,5,1,Suburb,1976,208162.9412
1316,2,3,Suburb,1957,124232.7182
2922,4,3,Rural,1976,308865.3862
2109,2,2,Suburb,2006,293370.8301
1290,2,2,Suburb,1982,177064.6948
2492,4,1,Urban,1961,192897.7842
1728,4,3,Urban,1993,195162.9558
2894,3,1,Urban,2002,382234.0672
2601,5,2,Suburb,2011,337422.787
2792,4,3,Urban,2003,270130.5596
2670,4,1,Rural,1965,267142.1506
2427,4,2,Urban,1974,302086.0925
2450,5,2,Rural,1992,241278.8253
1374,2,1,Rural,1961,91205.34807
2925,3,3,Urban,2003,318134.487
1566,3,1,Urban,1957,209296.8309
1867,2,2,Suburb,1966,217712.5197
1754,5,3,Suburb,1983,201393.2033
1251,5,3,Urban,2015,140339.6355
2556,4,1,Rural,2011,325181.2573
1306,5,2,Urban,2019,117072.9619
2453,5,1,Suburb,2003,311964.9717
1674,4,1,Suburb,1984,230818.1813
1867,2,2,Rural,1987,180433.357
1263,3,3,Suburb,1977,165444.4177
1067,2,3,Urban,2013,155371.4197
2130,2,1,Rural,2008,220425.7095
2423,4,3,Urban,2002,229470.1876
2602,2,2,Rural,2020,210726.6515
2222,5,3,Rural,1960,203760.1512
2215,2,2,Urban,1998,280654.8453
1513,2,3,Suburb,2016,102370.993
1768,4,1,Suburb,1966,215972.3039
1441,4,2,Rural,1956,149135.7838
1000,3,2,Rural,1965,68931.84905
1357,5,2,Suburb,1954,96271.48959
2138,5,3,Rural,2018,239991.1909
1902,3,1,Suburb,1992,272275.9408
2623,3,3,Suburb,2014,290254.4022
2220,4,1,Urban,1955,385563.3951
2627,3,2,Urban,1962,376982.3552
1273,2,3,Suburb,1990,97844.67352
1855,3,2,Suburb,1972,147913.697
2017,2,3,Urban,1977,266909.2162
2183,3,1,Suburb,1957,191977.1131
1172,4,1,Suburb,1963,100920.8768
2568,5,2,Rural,1953,317548.085
2481,2,1,Urban,2018,345661.4474
1584,5,3,Urban,1953,237148.6642
2456,2,3,Urban,1975,272066.2833
1928,5,2,Rural,1984,281386.8912
1480,4,2,Urban,1956,260256.4019
1454,2,2,Urban,1992,155220.9845
1195,3,2,Urban,1986,96950.35279
1795,4,3,Suburb,1960,174279.5587
1598,5,2,Rural,1972,185896.3164
2332,2,1,Suburb,1978,225721.7518
2759,4,1,Urban,1971,317671.5468
1555,5,1,Rural,1992,131104.3823
1847,2,1,Suburb,2001,212029.7657
2517,2,2,Rural,1972,245445.1767
1438,4,3,Urban,1953,176621.4403
1649,5,1,Rural,2011,262903.6543
2805,5,1,Urban,1982,412620.573
1358,2,1,Rural,1989,151419.914
2059,5,1,Urban,2011,308018.8012
2057,3,2,Urban,1987,241086.7243
2111,3,1,Rural,1995,157113.0889
1657,2,1,Suburb,1988,188716.807
1015,5,1,Urban,1961,68502.04053
1744,2,3,Urban,1998,259690.7851
1420,3,3,Urban,1958,152214.9168
1552,2,1,Suburb,1976,61705.60004
1766,2,3,Urban,1955,125536.7723
1792,4,1,Suburb,1989,171830.3391
2149,4,1,Urban,1987,137913.6044
2031,3,1,Rural,2010,236417.4312
2495,5,1,Rural,1980,333690.8979
2491,3,2,Urban,1981,248635.1616
1879,5,1,Urban,1964,223765.6475
2885,5,3,Rural,1983,416102.8841
1851,4,2,Suburb,1957,179527.5823
1509,4,3,Suburb,1976,149176.4836
2425,3,2,Urban,2010,240200.8689
2859,3,1,Suburb,1953,340301.6554
2199,3,1,Suburb,1992,194070.8795
2763,4,1,Urban,1962,297841.0346
1965,4,1,Urban,2011,300411.4147
2858,2,2,Suburb,1972,240956.6277
1913,3,3,Rural,2017,248930.577
2390,2,1,Suburb,1966,306619.6889
2511,5,1,Rural,1976,321154.1654
1017,3,1,Suburb,1967,169725.2509
1055,4,1,Rural,1965,93171.00525
1918,3,3,Urban,1972,264066.1169
2058,3,2,Suburb,2008,184519.7939
1901,4,1,Urban,1957,211933.0282
1629,4,1,Rural,1996,120388.5956
1793,5,3,Urban,1992,220692.1867
2789,3,3,Urban,1981,307207.6867
2748,3,3,Rural,1982,372206.0745
2596,3,2,Rural,1973,227717.1841
2623,3,1,Suburb,1963,266111.6797
2806,5,3,Rural,1964,271093.5912
1346,3,2,Rural,1983,128141.1025
2055,5,2,Rural,1967,159197.5216
1907,5,3,Rural,1964,164925.0663
2023,4,1,Urban,1967,260786.3188
2156,3,3,Urban,1955,170601.0619
1575,4,3,Rural,1977,83116.37071
1198,5,3,Urban,1983,194545.673
2279,2,2,Suburb,1969,201487.7184
2365,2,2,Urban,1977,316615.5824
2690,3,2,Rural,1980,284202.747
2998,2,2,Rural,1957,316690.0171
2254,4,3,Urban,1996,181525.6251
1300,2,1,Suburb,1954,112745.3822
2016,2,2,Suburb,1990,196842.7864
2570,5,3,Rural,1990,336262.814
1025,4,2,Suburb,1971,141576.4552
2558,3,1,Rural,2019,282511.503
2676,4,3,Rural,1973,266278.3123
2497,4,1,Suburb,2013,269876.786
2410,3,3,Rural,1969,323777.5243
2308,4,2,Urban,2018,283217.065
1449,5,2,Urban,1982,175553.5379
1319,3,2,Urban,1984,125988.5383
1155,5,2,Urban,1972,192559.2154
1470,4,1,Urban,1957,180578.428
1419,2,3,Urban,2000,184355.4017
2136,3,2,Urban,1965,249966.178
2925,3,2,Rural,1965,355387.1478
1650,2,1,Rural,1993,98908.42651
2445,2,1,Urban,2015,262328.8393
1885,3,2,Suburb,2001,165945.7672
1929,2,1,Suburb,1995,176639.8532
2744,5,1,Suburb,1974,258261.9326
1834,4,2,Rural,2016,229001.9907
1875,5,2,Suburb,2000,291219.0521
1941,4,2,Urban,1964,288979.343
1993,4,2,Suburb,1953,263274.7452
2621,2,3,Rural,1950,362225.6908
2308,2,3,Suburb,2003,249741.7728
1571,5,3,Suburb,2004,143710.6576
1053,2,1,Urban,1965,111430.5695
1604,5,1,Suburb,1958,211076.0988
1324,3,1,Urban,1950,208660.3781
1969,5,3,Rural,1990,295871.0947
2481,4,1,Suburb,1993,183792.5611
1884,3,3,Rural,1997,109617.7084
1264,5,3,Rural,1986,147559.6819
1381,5,3,Rural,1963,220030.1768
2236,3,3,Urban,1977,227422.5703
1332,3,1,Suburb,1966,126823.9238
2033,4,2,Rural,1982,200380.4607
2381,4,1,Rural,1993,239786.6627
1202,4,1,Suburb,2014,163164.576
2731,2,2,Rural,2018,190777.9293
1057,4,3,Urban,1994,185458.17
2517,2,1,Rural,1986,301331.4561
2533,5,3,Suburb,1956,213500.4519
2791,5,3,Suburb,2017,326709.138
2246,5,3,Suburb,1973,277103.0229
2392,2,1,Rural,1981,201415.2824
2715,5,2,Suburb,2011,276444.8701
2441,5,1,Rural,1978,247967.8446
2897,2,2,Urban,1990,207782.5906
1546,4,2,Rural,2007,146324.6016
1870,4,2,Urban,2021,261406.363
1102,4,1,Suburb,1976,84551.55841
2184,4,3,Urban,1994,252791.4731
2223,3,2,Rural,1984,264050.9815
2183,5,3,Urban,1994,207727.1454
2718,4,2,Urban,2004,352176.1323
1864,4,1,Suburb,1998,190024.9245
2159,4,1,Urban,1956,221256.6612
2965,4,1,Rural,2000,324344.3902
1397,4,3,Urban,1960,346257.7784
2761,3,1,Rural,1991,339011.9349
1391,3,1,Rural,1991,159565.1189
2778,2,3,Urban,1958,269146.9493
1105,2,2,Rural,1985,185195.9023
2606,4,3,Rural,1991,367799.7554
2612,2,2,Urban,2001,311683.015
2077,3,1,Suburb,1995,230891.926
2300,4,2,Rural,1974,308108.2975
1110,2,1,Suburb,1954,166241.3808
1223,2,1,Urban,1997,121133.2848
1074,3,1,Suburb,1952,160754.2026
1505,5,3,Suburb,1954,153777.6433
2037,4,3,Suburb,2005,248592.7263
2994,2,3,Rural,1987,236233.7833
1769,3,3,Suburb,1992,248320.8109
1481,4,3,Rural,2011,129669.3033
2212,3,1,Rural,1960,280629.8173
1363,4,1,Rural,1953,134769.5438
1238,5,1,Rural,2009,107354.8513
2424,5,1,Urban,2012,213002.229
1845,4,2,Suburb,1993,212187.7995
1984,4,3,Rural,1953,265768.9596
2327,3,2,Rural,1959,183938.4231
2114,4,2,Rural,1978,207924.5554
1391,2,2,Suburb,2012,184293.1017
2207,4,3,Urban,1999,229503.0358
2040,4,1,Suburb,1962,344704.4822
1964,5,1,Rural,1965,164693.7417
1011,5,2,Suburb,1994,145769.9908
2189,3,1,Suburb,2008,282839.3038
1145,4,3,Suburb,1962,93503.22309
2305,2,1,Urban,2003,321368.0264
2572,2,1,Rural,1990,327008.2336
2605,4,3,Urban,2003,263754.9027
1168,3,2,Urban,1979,181628.537
1846,2,2,Suburb,1970,179270.3901
1169,3,3,Rural,1992,70022.50369
1764,4,2,Rural,1993,238826.8335
2369,3,2,Rural,1983,264146.5831
1498,4,2,Rural,2013,170454.7695
2483,5,2,Urban,2006,282314.7717
2320,4,3,Rural,1957,269830.4331
2966,3,2,Rural,1995,274938.5593
2165,2,2,Urban,1965,191389.3531
1896,4,3,Rural,1983,217495.7936
2808,4,1,Rural,1993,326366.0275
2760,4,3,Suburb,1996,331906.7239
2718,5,2,Rural,1973,334006.5289
2756,5,3,Suburb,1987,371502.0842
2076,5,3,Urban,1963,186055.627
1117,2,3,Suburb,1961,165597.9872
1364,2,3,Urban,1959,190542.1591
2694,4,1,Rural,1970,295570.9568
2981,2,3,Suburb,1959,349667.5534
1135,3,2,Suburb,2006,106934.8882
2437,3,1,Suburb,1967,234793.248
2100,5,3,Urban,1952,299946.5694
2871,3,2,Suburb,2016,330793.1013
2985,3,2,Rural,2021,349263.9251
1556,4,2,Rural,2002,158833.5841
1017,5,2,Suburb,1967,116933.6821
2890,5,1,Rural,2011,290209.758
2964,5,2,Urban,1957,317389.951
1402,3,2,Suburb,1968,206609.4962
1204,2,2,Suburb,1966,96954.71472
1498,4,2,Rural,1991,150433.7029
1323,2,1,Urban,2015,152269.8252
1594,5,3,Suburb,2011,246737.5039
1561,5,3,Suburb,1961,204077.181
2304,3,3,Rural,1965,170649.3208
2189,4,1,Urban,1980,352424.5191
2266,4,3,Urban,1965,305807.8779
2912,4,2,Rural,1985,335546.3299
1478,3,1,Rural,1981,126991.354
1163,2,3,Urban,1963,177524.0385
1323,4,3,Urban,2008,204782.7067
2591,2,3,Urban,2008,302614.9052
1550,3,1,Suburb,1979,119190.2831
1830,3,1,Rural,1953,127036.4837
1639,2,2,Urban,2017,205692.6884
2926,4,1,Urban,1971,348875.7299
1633,2,1,Urban,1992,224945.9628
1758,4,2,Rural,2006,184931.276
2721,5,3,Suburb,1981,206580.893
1207,5,3,Suburb,2011,127253.092
1314,4,1,Rural,2009,160153.4984
1303,2,2,Suburb,1957,13848.4939
1900,4,3,Urban,2002,266440.6292
1238,4,2,Urban,1992,209626.4027
2750,4,2,Urban,1959,208738.0784
1803,5,1,Suburb,2013,162962.62
2247,3,3,Suburb,2010,214441.6381
2111,5,2,Rural,1983,212801.1516
2560,4,3,Rural,1973,317767.5439
2452,2,3,Urban,1955,238650.3098
2243,3,3,Rural,1961,222055.7617
1274,4,3,Rural,1969,141223.3643
2670,3,2,Suburb,1994,412058.9857
1953,2,3,Urban,1962,335824.3169
2768,3,2,Rural,1961,360405.1929
2089,3,1,Rural,1960,220411.6303
2615,4,1,Suburb,2020,233002.5558
2446,2,2,Urban,1979,212621.7558
1254,2,1,Suburb,1970,162746.3179
1124,5,1,Suburb,1979,89713.60875
2169,3,3,Urban,2019,188051.2623
1614,4,2,Rural,1956,181421.2635
1384,3,2,Suburb,1993,162157.766
1446,3,3,Urban,2003,198977.9736
1386,3,1,Suburb,1951,207481.2591
1382,4,3,Rural,1976,211832.9511
2300,3,2,Rural,1967,192183.2217
2405,4,3,Suburb,1982,232094.6849
1123,2,2,Rural,2016,206281.9717
2949,3,2,Suburb,1969,327295.0016
2290,5,1,Suburb,1962,325264.7287
2813,2,2,Urban,1990,287289.0287
2134,5,1,Urban,1989,222374.3554
2404,3,3,Suburb,1966,138472.4645
2848,2,1,Suburb,1961,366633.0782
2624,4,3,Suburb,1957,302207.2166
2922,3,3,Suburb,1961,320680.5062
2181,3,3,Suburb,1985,163283.4757
1727,4,2,Urban,1958,231536.857
1895,5,1,Suburb,1965,223859.7138
2836,2,3,Urban,1963,301291.9665
2571,2,3,Rural,1983,256751.5612
2622,4,1,Suburb,2001,148230.6298
2141,2,3,Urban,1994,217022.7078
1327,4,2,Urban,1996,106971.9838
2983,5,1,Rural,1968,364131.8687
1693,5,3,Rural,2014,194106.2939
2091,2,1,Rural,1988,185666.9361
2457,4,2,Suburb,1959,313764.8195
1358,4,2,Suburb,1950,108289.0699
2002,4,3,Suburb,2010,279014.5915
2694,4,1,Rural,2021,338222.0158
1796,2,2,Urban,1978,163170.2385
1442,3,1,Urban,1977,178205.3142
1163,2,1,Rural,1991,64589.17661
1972,4,3,Suburb,1979,287432.3021
1360,3,2,Urban,1981,215269.7786
1584,3,3,Urban,1999,183804.7787
2142,2,1,Urban,2006,216688.3052
1852,4,3,Urban,1954,254167.3756
2010,4,3,Suburb,1998,132258.1382
2218,4,2,Suburb,1981,235874.9343
2624,4,1,Suburb,2001,274331.9842
2880,4,3,Urban,1983,288980.8369
2611,3,1,Suburb,1956,339536.6738
2756,2,3,Urban,2000,294608.6732
2674,2,2,Suburb,2000,262719.1937
2023,5,3,Urban,1996,110138.1064
2907,2,2,Rural,1984,326570.9056
2930,3,3,Suburb,1985,300280.9735
1240,5,3,Rural,1961,150285.1028
2532,3,2,Suburb,1954,297422.2359
1665,2,3,Rural,2020,123399.2922
1564,3,3,Rural,1994,169730.9711
2165,3,2,Rural,2012,221122.9377
1831,2,3,Suburb,2015,218641.0749
1975,3,1,Urban,1970,173545.1223
2929,5,3,Urban,1986,304721.4659
1030,5,2,Urban,1975,198528.3837
1222,4,3,Suburb,1983,105751.1494
2827,5,1,Urban,2018,367506.7755
1265,5,1,Suburb,1998,209008.7858
2305,2,3,Urban,2007,422083.7277
1787,5,3,Rural,1950,247695.2317
1380,2,2,Rural,1992,165967.2274
1555,5,3,Rural,1974,246420.3236
1061,2,2,Suburb,1983,102816.0465
1712,2,1,Rural,1986,200495.1378
1846,3,1,Rural,1993,162488.586
1520,5,1,Urban,2011,285298.3305
2094,2,1,Suburb,1989,169936.4337
1601,5,3,Urban,1957,225215.024
2559,4,3,Rural,1972,298695.2152
1139,3,2,Rural,1990,84155.68355
2339,3,2,Urban,1982,209737.6022
2363,2,1,Suburb,1952,193843.3376
2911,5,2,Suburb,1961,284316.0282
1589,3,3,Urban,1958,185300.324
2749,3,2,Urban,2004,314707.1457
1527,3,1,Suburb,1962,183070.6267
1540,2,2,Rural,1964,182585.6034
2439,4,3,Rural,1991,323072.9676
2490,2,2,Suburb,1991,273711.1582
1374,4,1,Urban,1974,199916.5535
1290,3,3,Rural,1989,182554.8465
1042,4,2,Suburb,2002,159784.2455
2887,2,1,Rural,2011,336308.6449
2910,2,2,Urban,1971,319177.0752
2076,5,2,Rural,2012,173671.981
2811,5,3,Suburb,2002,359127.8997
2906,2,3,Urban,1952,391709.9161
2255,5,3,Suburb,1960,205077.563
2235,3,1,Suburb,2013,285648.3201
1007,4,2,Rural,2015,128152.5405
2657,2,1,Suburb,1987,298321.7932
1482,2,3,Suburb,1960,225121.4347
1041,5,1,Rural,1981,177907.7326
1332,2,1,Rural,2003,112940.5321
2256,5,3,Rural,1958,219455.3829
2093,3,2,Urban,1982,202304.6221
2902,2,1,Rural,1982,280939.8869
2039,3,2,Rural,2013,228433.295
1068,3,3,Urban,1952,120246.0034
1052,2,2,Urban,1980,100260.1562
1684,5,2,Rural,2012,167614.2345
2970,5,2,Rural,2000,334990.7784
1993,3,2,Rural,2000,174428.239
2797,5,1,Suburb,1954,344184.977
2402,5,1,Rural,1994,274850.9385
2824,3,3,Rural,1952,222719.8857
2486,2,3,Rural,2013,289144.0278
1526,2,3,Urban,1982,207083.9599
2805,4,1,Suburb,1993,364583.7917
2702,2,1,Rural,2009,243351.2787
1062,5,1,Rural,2000,85068.39788
1260,4,2,Rural,1980,182032.1994
2523,4,1,Urban,1968,258776.0725
2144,4,1,Rural,1982,256668.7346
1857,2,1,Rural,2014,238300.597
2263,4,3,Urban,1983,253646.8057
2488,4,3,Urban,1992,287015.9562
2130,4,3,Urban,2016,193078.9838
1179,2,1,Urban,1978,151556.4085
2039,2,1,Urban,2007,240453.4918
1354,2,3,Urban,1979,132933.7888
1933,2,2,Urban,1951,219475.1094
2332,3,3,Urban,1954,278053.5057
1726,2,2,Urban,1985,220271.8764
1588,5,2,Rural,1998,139367.9345
2760,4,1,Suburb,2016,251452.7115
1604,2,1,Rural,1975,122720.2086
1180,5,1,Urban,1954,122176.4958
1173,5,2,Rural,1988,847.8950726
1353,5,2,Urban,1980,212333.2743
1353,3,3,Suburb,1979,192881.6115
2242,3,3,Suburb,1956,186211.1561
2678,3,3,Urban,1970,276991.5017
2338,5,3,Urban,1954,299119.4187
1433,2,2,Rural,1972,193540.5679
1904,5,1,Rural,1980,214377.648
1281,3,1,Urban,2000,224668.0911
1258,3,1,Suburb,1974,188082.7749
1867,3,2,Rural,1956,241963.9648
1558,2,1,Rural,2021,234466.0976
1004,5,3,Suburb,1980,106002.1871
2597,3,3,Suburb,1951,230961.2183
1595,5,1,Rural,2015,159876.5872
2668,5,1,Urban,1980,250358.2162
1393,3,3,Suburb,1964,170939.4625
1335,4,1,Rural,2019,125959.7602
1062,4,1,Urban,2017,142437.9718
2816,4,1,Urban,1972,328943.6654
1043,3,2,Urban,1973,98729.80398
1152,5,1,Rural,1995,148401.8419
2949,4,3,Rural,1981,286445.3462
2805,2,2,Suburb,1977,319863.8589
1853,4,3,Suburb,1974,134064.9744
2706,2,3,Urban,2002,308566.1784
2179,4,1,Urban,1963,227790.2883
2501,4,3,Rural,1984,242700.4628
1274,4,1,Rural,1991,96922.06535
2381,2,2,Suburb,2017,213563.7002
1425,2,1,Suburb,1997,259946.1877
2555,4,1,Rural,1953,259616.2951
1482,2,1,Urban,1958,158334.8317
1213,5,1,Urban,1987,151206.4243
1078,4,1,Suburb,2007,147717.2177
1138,5,2,Suburb,2018,137181.1523
1949,3,1,Urban,1962,224078.8589
1097,3,2,Rural,1960,187309.6419
2912,3,3,Urban,2020,351837.9848
1663,5,1,Urban,2013,326809.1007
1197,2,3,Urban,1988,151421.3089
1784,3,2,Suburb,2006,159377.17
1155,4,1,Urban,1996,152773.5846
2073,4,1,Urban,1968,182823.7918
1478,2,3,Urban,1962,218243.8986
1227,4,3,Urban,1953,151242.1604
2974,5,3,Rural,1982,352295.6613
2480,3,2,Rural,1953,202935.8354
1521,5,2,Suburb,2015,135127.3576
1148,4,1,Urban,2014,66222.31357
2081,5,3,Rural,1996,287869.9629
1161,2,2,Suburb,1963,99196.79185
1862,5,2,Urban,2006,211193.4784
2500,4,2,Urban,1983,352972.7945
2130,4,3,Urban,1953,225517.9661
2450,3,2,Urban,2001,305508.3263
1394,5,2,Rural,1953,156771.8323
1800,2,3,Rural,2005,247572.0546
1185,3,2,Urban,1973,122891.688
1557,4,3,Urban,2000,243164.0313
2980,5,3,Suburb,1985,392325.1929
1445,2,2,Rural,2015,93496.70556
2664,4,3,Urban,2020,329581.5355
2940,4,1,Suburb,1973,381210.7465
1829,3,3,Suburb,2006,188166.4128
2471,4,1,Urban,1959,234657.5259
1086,2,1,Rural,1979,48634.18356
2272,2,3,Suburb,2001,258829.6312
2864,3,1,Suburb,1976,293717.504
2463,3,1,Suburb,2018,258474.3828
2280,2,2,Suburb,1984,237498.0792
2300,3,3,Suburb,1973,279449.3584
2813,4,3,Urban,2014,342106.5154
1437,2,1,Suburb,1959,274668.8541
1515,3,3,Rural,2007,210560.7345
2600,2,3,Rural,1965,348164.8991
1946,4,2,Suburb,1991,221345.1331
2225,3,2,Suburb,1970,266668.4455
2598,2,3,Suburb,1975,271441.3222
2678,4,2,Urban,1994,268663.8953
1755,3,3,Suburb,2018,224496.3404
2827,2,2,Urban,2017,309849.9448
1796,4,1,Suburb,1998,118049.1637
2203,4,2,Urban,1978,303990.0373
1685,4,1,Urban,2021,117210.5188
1324,5,2,Suburb,2021,156070.3588
2948,4,3,Suburb,2011,310605.7973
1622,4,3,Suburb,2000,159489.5671
1686,3,1,Suburb,1962,145764.4595
2498,5,1,Urban,2007,282003.0764
2688,4,3,Suburb,1988,300148.6721
2999,3,2,Rural,1974,314038.4845
1399,3,1,Rural,1985,90423.2179
1867,2,3,Suburb,1995,179625.3966
1216,2,2,Urban,1962,120146.2347
1808,5,3,Rural,1977,183031.3226
1960,3,3,Urban,1981,268389.2828
2476,4,2,Suburb,1994,202148.9819
2000,4,2,Suburb,2008,204363.8773
2427,3,2,Suburb,1995,196591.7128
2988,5,2,Rural,2010,277685.5228
1931,4,3,Suburb,1959,217432.1273
1239,5,3,Urban,1969,201411.4311
2761,3,3,Urban,2003,373287.7436
2209,5,2,Urban,2005,226406.1414
1047,2,3,Suburb,2003,23176.97604
2409,5,3,Urban,2008,320732.8358
2231,5,2,Rural,1972,317549.9786
2180,4,2,Rural,2015,182520.924
2248,5,1,Urban,1990,277300.1095
2167,4,2,Rural,2006,251374.5074
2442,4,3,Urban,2005,227791.4839
2134,2,2,Rural,1979,110502.007
2853,4,1,Rural,1983,268449.9082
1874,3,1,Suburb,1970,160055.7853
2897,4,3,Urban,1964,244485.5108
2488,3,2,Urban,1979,273029.5059
1131,4,2,Rural,2003,59122.79344
1624,3,1,Rural,1999,200267.0355
2859,2,2,Suburb,2021,427993.1919
2970,5,3,Urban,1968,356757.9021
1600,4,3,Suburb,1979,294585.2784
1672,2,2,Rural,1952,253044.0219
1333,2,2,Rural,1997,105783.0994
2943,4,3,Suburb,1968,348000.0484
2098,4,2,Rural,2006,279289.0812
2816,3,1,Rural,2019,240562.9197
2435,4,1,Urban,2004,209790.5686
2542,4,2,Rural,2005,334055.8503
2648,3,1,Urban,1974,169982.9022
1035,3,3,Rural,2005,158015.1125
1777,4,2,Urban,1957,221000.0109
2648,4,1,Rural,1990,364164.4183
2827,4,3,Urban,1986,385883.5854
1222,5,2,Urban,1979,144409.398
2746,5,2,Urban,2018,234741.8334
1529,2,2,Urban,2009,193113.8314
1240,2,2,Suburb,1985,123718.0637
1133,4,1,Urban,1995,75194.18509
2755,3,2,Rural,1963,287717.3188
1390,4,2,Suburb,1966,160804.5612
1101,4,1,Rural,2012,75323.48183
2675,2,1,Rural,1997,243064.6779
1680,4,3,Suburb,1973,240303.2797
1497,4,1,Urban,1956,187070.5227
1510,2,2,Suburb,1979,66163.22773
1702,2,1,Rural,1980,281437.1915
1993,3,2,Suburb,1987,195088.3168
2560,3,1,Urban,1991,301074.7952
1948,3,3,Urban,1976,297770.5178
2568,5,3,Suburb,2005,278204.9108
2366,5,3,Rural,2014,310766.3364
1840,4,3,Urban,1979,153705.3862
1005,3,3,Urban,1978,2697.849758
1957,2,1,Rural,2007,242480.5262
1193,3,2,Suburb,1961,163278.3398
1741,4,1,Urban,1961,189841.6395
2160,5,3,Rural,2016,200249.9336
2858,5,3,Suburb,2014,285823.8381
1911,4,2,Rural,1981,126953.2279
1472,3,3,Rural,1990,105619.1893
1215,4,1,Rural,2002,89127.78365
2372,4,3,Suburb,2006,215202.7461
1875,5,3,Suburb,1988,205247.8062
2206,5,2,Rural,1976,357062.619
2191,5,3,Suburb,1990,239788.5774
2817,4,1,Rural,2015,217381.0525
1037,3,3,Suburb,1959,107155.3002
2698,4,1,Rural,1958,260200.4398
1470,3,3,Urban,1976,203705.0226
1451,3,1,Rural,1973,218097.1178
2978,4,3,Suburb,2020,372332.4768
2513,3,2,Urban,2007,291632.4901
2165,3,1,Urban,1959,223921.8387
2012,4,3,Rural,1997,245213.4088
2783,5,1,Urban,2015,297825.4105
2966,4,3,Urban,1995,313402.2034
1102,5,2,Rural,2011,191287.7257
2734,3,2,Urban,1990,295929.3561
2735,5,2,Rural,1963,327193.8645
1041,5,1,Urban,1982,76440.03026
1946,2,2,Suburb,1953,307693.8653
2170,2,1,Rural,2001,228453.5618
1065,5,1,Suburb,2003,148820.9885
1942,2,2,Suburb,1982,174469.5286
1192,5,1,Rural,2007,121326.8168
2321,2,1,Urban,1973,334136.3723
2061,3,1,Rural,2006,154513.1625
1501,4,1,Urban,2013,174209.713
2676,2,2,Rural,1963,287146.4938
2641,4,1,Rural,1961,233809.2951
2451,2,2,Suburb,1998,288054.4568
1663,5,2,Rural,1981,155869.634
1351,2,1,Suburb,1962,242124.3315
2949,2,1,Suburb,2011,327154.9314
1325,4,2,Suburb,2019,157114.6998
2061,4,2,Suburb,1986,116079.8917
2120,2,2,Rural,1953,141287.4438
1107,4,1,Suburb,1991,201356.5798
1630,2,1,Urban,2010,158914.5253
1150,5,3,Urban,1973,138938.1577
2097,5,1,Suburb,1996,222931.1749
2080,3,1,Urban,1982,218107.7827
1877,4,2,Urban,1994,297969.1488
1334,2,1,Urban,1958,114460.2847
2275,5,3,Suburb,2015,177625.4205
2942,3,2,Urban,1985,435920.0554
1803,3,3,Rural,1973,220496.5253
2848,2,1,Rural,2020,284134.2308
1766,3,3,Urban,1968,294298.5717
2277,3,1,Rural,1960,317127.4384
2408,2,2,Rural,1998,173096.0242
2479,3,3,Rural,1981,316942.742
1258,3,1,Suburb,1966,172760.7548
1781,2,2,Suburb,1954,144501.0745
2488,2,2,Urban,1975,142294.5532
1033,5,2,Rural,1968,125959.5052
2518,3,1,Rural,1994,243554.0638
1325,5,2,Suburb,1993,180813.8492
1836,5,1,Suburb,1967,171243.2084
2261,4,3,Urban,1951,239740.8343
1690,2,1,Urban,1965,278232.5895
2639,4,1,Urban,2002,272913.7901
2564,2,1,Urban,1950,342706.3257
1738,4,3,Suburb,1981,133441.302
2489,2,1,Suburb,1983,337237.2118
1743,3,3,Rural,1995,192432.7884
2327,3,3,Suburb,1971,166485.7232
2885,5,3,Suburb,1998,371575.6856
1846,4,3,Rural,1970,204185.6016
1116,5,2,Rural,1992,128364.8593
2230,4,3,Rural,1953,172249.5926
2935,2,2,Rural,2010,281772.7401
2720,2,3,Suburb,2016,348237.762
2504,4,3,Rural,2014,255577.9024
1649,4,2,Rural,1996,123200.1018
1402,3,2,Rural,2002,132385.6845
1996,4,1,Suburb,1956,261635.3608
2858,3,2,Rural,1954,311724.2534
2699,4,2,Urban,2005,345707.7821
2923,3,2,Rural,1954,390382.5337
2610,5,1,Suburb,1979,247491.4909
1232,3,1,Rural,2007,140887.7576
1928,5,3,Rural,2010,199091.5229
2307,3,3,Rural,1959,227542.1426
1479,2,1,Rural,1997,115310.8285
2912,3,2,Suburb,1972,329635.1634
2790,4,1,Suburb,1955,255465.1199
1975,5,1,Rural,1976,196767.4256
1008,4,1,Rural,2001,37029.3512
1714,4,1,Suburb,1983,248086.165
2925,2,1,Urban,2001,286596.5749
1378,3,3,Rural,1980,178918.0071
2840,2,2,Rural,1971,366790.3673
2626,3,3,Suburb,1954,345938.9479
1380,4,3,Rural,1967,147264.0223
1843,3,1,Urban,1970,178106.1411
2685,2,3,Urban,2010,283890.2271
1359,5,2,Suburb,1994,123863.8779
1175,2,2,Urban,2019,181080.5429
1484,2,2,Urban,1978,159726.5398
2428,2,1,Suburb,1995,217511.1114
1032,5,3,Rural,2000,169971.8757
2488,4,1,Suburb,1953,290364.1752
1695,2,3,Rural,1993,117692.4176
1156,2,3,Suburb,1983,157318.4096
1564,2,2,Suburb,1993,278072.9228
2831,5,3,Suburb,2016,324148.3454
1201,5,2,Rural,2007,187065.2835
2809,5,1,Rural,2010,380417.3727
2198,4,3,Suburb,1959,299147.5427
2267,3,3,Urban,1962,173040.2476
2292,4,2,Rural,1978,158867.2569
1922,4,3,Suburb,2000,258860.4851
2469,4,2,Rural,1995,328452.798
1073,3,1,Urban,1972,62620.08178
1095,2,3,Rural,1972,176127.3508
2896,5,1,Suburb,2004,279354.3799
1172,4,1,Urban,2004,125853.7185
2922,5,2,Urban,2019,296545.7931
2429,5,2,Rural,2009,362539.2733
1154,5,3,Suburb,1974,87023.17791
2206,2,1,Urban,1995,200819.353
2346,5,2,Urban,2019,293902.3919
1288,5,3,Suburb,1995,120898.7238
1257,2,1,Suburb,1972,221798.4437
2610,5,3,Urban,1981,299747.415
1173,3,1,Suburb,1992,183266.2127
1329,3,1,Urban,1970,165186.3136
2254,4,3,Suburb,2021,267029.008
1758,3,1,Suburb,2017,247217.3141
2019,3,2,Urban,1965,256046.1049
1160,3,3,Urban,2008,207898.4835
1185,2,1,Urban,1998,118929.21
2926,3,1,Suburb,1989,326777.0629
1142,5,1,Rural,1996,49351.85754
2305,4,1,Suburb,1980,195466.8874
1906,5,1,Urban,2021,177470.0717
1639,5,3,Urban,1978,157950.2773
2701,3,3,Urban,1955,313611.6895
1026,4,2,Rural,1960,69792.77827
2269,5,2,Rural,2013,263085.517
2510,4,3,Rural,1974,281756.9525
2670,3,3,Rural,2017,291167.3361
2920,5,1,Suburb,1990,327982.1913
1201,2,2,Urban,1980,143926.4008
2044,5,2,Suburb,1999,332892.475
2614,5,2,Suburb,1967,297649.698
1669,4,1,Rural,1983,183717.7135
2117,4,2,Suburb,2004,159881.0952
2031,4,1,Suburb,1988,156741.2869
1471,3,1,Suburb,1981,232068.1471
2362,4,1,Rural,2020,303444.1246
1258,3,1,Suburb,1971,190521.122
1054,4,3,Urban,1981,207289.9583
1910,2,2,Suburb,2008,230364.0786
2571,4,3,Suburb,2006,376158.4762
2029,3,2,Suburb,1958,171771.333
2400,3,3,Urban,1982,183837.4965
1553,5,1,Rural,1955,177403.0816
2073,4,3,Urban,1964,254319.4845
1111,3,1,Urban,1962,151835.0995
1145,5,3,Urban,1963,207267.2818
1229,2,1,Suburb,1963,136599.4553
2746,3,3,Urban,1988,340116.9696
1496,4,1,Rural,1962,166873.5378
2329,2,2,Suburb,1988,206583.864
2565,3,1,Suburb,2007,291540.9547
1460,4,3,Suburb,1961,208069.5888
1806,3,2,Urban,1980,203845.6993
2651,4,1,Rural,2009,286168.3115
2931,5,3,Suburb,1950,301013.4745
1225,3,3,Suburb,1962,100783.4653
1058,3,1,Rural,1984,157926.5372
2099,2,2,Rural,1995,182866.5793
1427,5,3,Urban,1958,130079.2027
1727,2,3,Rural,1962,200764.8628
2155,3,3,Suburb,1999,191737.7132
1931,5,2,Urban,1984,224132.7112
1497,4,2,Rural,2021,247266.7206
1815,5,3,Urban,1993,218922.9886
1909,5,3,Urban,1960,156902.6899
2616,4,2,Rural,2015,287362.3276
2328,3,2,Suburb,1997,170776.3482
1066,3,1,Rural,1964,602.2090994
1229,2,1,Urban,2013,79782.18728
1982,3,1,Suburb,1989,288772.4786
1332,3,1,Suburb,1997,114360.0593
2928,4,3,Rural,1972,409563.3042
1276,2,3,Urban,1964,194119.8813
2896,5,1,Suburb,2015,401943.1894
2607,2,3,Urban,1972,165073.1806
1720,3,2,Urban,2019,237377.4222
2807,2,2,Suburb,1961,283468.0262
1143,5,1,Rural,1964,185594.1675
2274,4,3,Suburb,1967,242349.3281
2819,3,2,Suburb,2018,304072.457
1690,3,3,Rural,1970,186626.4401
2975,5,2,Rural,1978,334421.1908
2103,4,3,Urban,2009,308486.2929
1056,2,2,Urban,2001,144027.683
2389,5,2,Urban,1988,263890.3057
1307,2,2,Urban,1959,95962.85008
1173,4,1,Urban,2016,117826.196
2485,4,3,Urban,2017,226332.8142
1749,4,1,Rural,1998,158568.9157
2003,4,3,Suburb,1991,274870.3285
1677,2,2,Urban,1963,207115.423
2619,5,1,Rural,1972,379248.6446
2516,5,2,Suburb,1980,265570.7318
1559,2,1,Urban,1987,172850.6375
2662,4,3,Rural,1998,299295.6047
2704,4,3,Rural,2016,296256.5277
2889,3,3,Suburb,1962,245021.7415
2397,3,2,Suburb,2012,240143.1586
2978,2,1,Rural,1968,352323.1746
1348,5,1,Urban,2016,185944.2786
2090,3,1,Urban,1955,243340.0511
1329,3,1,Rural,1998,223766.6159
2875,5,1,Suburb,2002,393823.7497
1193,3,1,Rural,2002,178597.1292
2178,5,3,Urban,1955,367394.4313
2183,2,3,Rural,1957,276333.8345
2719,3,1,Rural,1981,263971.1893
1265,4,1,Urban,1984,127415.0788
1167,2,1,Rural,1951,153492.6715
1144,3,1,Suburb,1965,104038.6498
1185,5,3,Urban,1986,204640.7273
1885,2,2,Urban,1993,87169.36975
1864,3,3,Urban,2013,181491.4271
1773,2,1,Rural,1959,221952.3561
2446,4,1,Urban,2006,268297.6319
2006,3,3,Suburb,1962,153881.1375
1785,3,3,Rural,2007,212557.6851
1456,5,2,Rural,1987,221692.2242
2863,2,2,Suburb,2006,218571.4266
1344,4,3,Suburb,1975,229156.7869
1734,5,3,Urban,2017,172472.489
1553,3,3,Rural,1964,166908.7816
2020,5,1,Urban,1993,168281.8714
2539,5,3,Rural,1987,290880.6149
1787,4,2,Rural,2006,391305.3244
2819,3,1,Suburb,1976,284344.8189
1935,4,3,Urban,1973,227133.2351
1704,3,1,Rural,1976,146621.236
2127,2,1,Urban,1972,169093.8834
1246,2,1,Rural,1962,144984.7043
1811,4,2,Urban,1953,181412.0862
2046,5,1,Rural,2008,245124.8335
1952,3,2,Urban,1982,179766.0793
1814,3,2,Urban,1980,210065.2424
2548,4,2,Suburb,2015,165852.7939
1143,5,2,Urban,1976,42333.41171
1729,5,1,Suburb,1977,254361.395
2718,3,3,Suburb,1983,277447.9329
1862,2,3,Urban,2015,168485.8629
2777,3,3,Rural,1989,270066.6937
2216,2,3,Suburb,2001,246999.8294
1464,4,3,Urban,1959,153593.2144
2807,5,3,Urban,1963,258094.0212
1374,3,3,Urban,1952,188004.2383
1676,4,3,Rural,2003,179742.1017
1691,5,2,Suburb,1979,111406.6907
1628,2,1,Suburb,1952,169738.8849
2289,4,2,Rural,1966,209206.5259
2401,4,3,Suburb,1998,236347.5833
2573,3,3,Rural,2003,237574.2895
1555,4,3,Urban,2001,237053.8405
1862,4,1,Suburb,1962,206335.6667
1073,3,2,Rural,1971,113352.0544
1437,4,1,Suburb,1995,169129.9204
1880,2,2,Rural,1964,177420.2852
1225,3,2,Suburb,1957,90159.86838
2842,2,3,Urban,1996,297572.8548
1307,3,2,Suburb,2009,87027.86918
1965,5,2,Suburb,2007,248113.3933
1347,4,1,Rural,1988,178227.3488
1475,5,2,Suburb,1971,114923.7757
2338,2,1,Suburb,1980,187978.3028
1524,5,2,Rural,1993,156988.3502
2448,2,1,Rural,1995,334227.333
1523,5,3,Suburb,1968,183577.0833
1561,2,2,Rural,1964,195354.8112
2848,4,1,Rural,1997,188611.2208
2969,5,1,Rural,1985,279284.0243
2272,2,3,Urban,1983,259712.3645
2654,2,3,Rural,1963,350067.0279
1568,5,1,Rural,2018,253183.5797
2205,5,1,Suburb,2014,267888.9334
2985,5,1,Rural,1984,403699.0279
2799,4,2,Rural,2011,403825.6462
1105,4,2,Rural,1999,130992.7304
1190,4,1,Rural,1974,179489.9315
2160,5,3,Urban,1966,185599.564
1699,2,3,Rural,2010,266074.993
2143,2,3,Suburb,2019,277649.4805
2777,2,2,Urban,1997,331380.0716
1830,3,3,Urban,1970,208976.2648
1071,5,3,Rural,2009,194145.4061
1754,2,1,Suburb,1993,238336.471
2154,5,3,Urban,1989,205073.0269
1456,5,2,Rural,1995,186935.9104
2804,2,2,Rural,1964,317204.408
1904,5,1,Rural,1972,203138.2519
1478,3,1,Suburb,1981,227979.9265
1051,3,2,Urban,1991,225964.3509
2003,2,1,Urban,2001,275719.9872
1573,5,2,Rural,2011,142139.6342
2142,3,3,Rural,1999,240348.0898
2900,2,2,Urban,2017,281725.9885
2287,4,2,Rural,1989,235164.1178
2262,4,3,Rural,1974,233752.7159
2374,4,3,Suburb,1969,321629.9922
1892,4,3,Urban,1973,172970.6054
1254,3,1,Suburb,1972,107851.0713
1684,2,1,Rural,1994,190772.2727
2332,3,1,Rural,1955,345629.169
2772,4,2,Urban,2018,378549.9358
2854,5,3,Suburb,2014,345745.1078
2630,4,1,Rural,2021,243118.433
2872,5,1,Urban,1991,338560.6018
2518,2,1,Rural,2008,316389.5836
1056,3,1,Suburb,1958,190647.2673
1949,5,3,Suburb,1966,298350.5841
2426,4,3,Urban,2019,346524.0049
2090,3,1,Urban,1993,273628.2317
2069,5,2,Rural,1955,262954.2009
1605,2,3,Suburb,1950,213271.535
2673,5,2,Rural,1973,375201.0278
1368,5,2,Suburb,1957,202335.2405
2628,2,3,Suburb,1979,245352.9178
1231,3,2,Rural,1993,184703.4074
2425,2,3,Rural,1951,205119.555
1907,3,1,Rural,1957,210238.6736
2584,3,3,Suburb,1951,226428.0314
2046,3,1,Suburb,1972,279372.2314
1573,5,2,Urban,1966,214240.0014
2290,4,2,Suburb,1959,301326.7081
1840,4,1,Urban,1966,239619.4534
1117,5,3,Suburb,2018,128306.6396
2975,3,1,Urban,2009,345523.9363
2623,2,2,Suburb,1990,287325.9704
2624,2,1,Rural,1955,286775.098
2078,4,1,Rural,1973,252197.9055
2176,3,1,Rural,1955,230499.3783
2262,5,2,Urban,2014,245403.7132
2288,5,3,Urban,1977,238004.0325
1267,4,3,Rural,1982,177980.1789
2930,3,2,Rural,1990,288586.7216
1112,2,2,Suburb,1984,153261.9023
1165,2,1,Urban,1955,166787.7994
1667,5,3,Urban,2009,308704.9627
2031,4,3,Urban,2010,272188.2905
1713,5,3,Suburb,1969,128664.0199
2240,2,2,Urban,1957,267234.1262
1430,5,3,Urban,2002,237688.8912
2315,3,1,Rural,2000,228234.8071
1892,2,3,Rural,2012,252405.7228
2073,2,3,Urban,1992,252865.3427
1106,5,1,Rural,1969,206541.6104
2032,5,1,Suburb,1956,261575.2522
1744,4,2,Rural,1965,203065.4287
1699,5,2,Urban,2007,212616.0065
2479,3,1,Urban,2005,276428.7397
1322,4,3,Rural,1970,160233.6702
1308,4,3,Rural,1960,103705.6371
1849,2,1,Rural,1993,220267.113
1621,3,2,Rural,1955,238925.0873
1994,3,1,Urban,1972,261909.6002
1144,4,3,Rural,1974,141822.1916
1739,4,3,Urban,2013,193391.3256
1820,2,2,Urban,1996,167580.6809
1411,5,2,Urban,2003,125100.248
1113,3,2,Rural,2002,164837.0453
1574,3,1,Rural,1954,188029.8335
1398,2,2,Urban,1961,141004.0783
2298,4,1,Rural,1969,277493.6223
1123,3,1,Rural,2018,162868.8615
1085,2,1,Rural,1999,213611.0887
2605,4,2,Rural,1973,212700.2881
1046,2,1,Rural,1959,71523.98389
2734,3,2,Suburb,2010,435348.0419
2899,4,1,Suburb,1962,309435.2778
1943,2,1,Suburb,2010,220279.4196
2224,2,2,Rural,1968,259211.3198
2299,2,1,Rural,2004,206470.1557
2572,3,3,Suburb,1971,248698.6051
2738,3,1,Suburb,2015,254459.3875
2153,5,2,Suburb,1950,164942.0436
2471,3,3,Urban,2016,324813.9299
1803,2,2,Rural,2009,279649.7704
1388,3,1,Urban,2001,124791.9959
1575,2,2,Suburb,2010,248306.8136
2286,2,1,Urban,1974,268697.9863
2989,2,3,Suburb,1972,395695.6081
1631,4,2,Urban,1955,213086.9077
2301,5,3,Rural,1994,313841.7703
1713,5,3,Urban,1998,232780.5508
2069,2,1,Rural,1986,188811.689
2191,3,2,Suburb,1967,257177.8343
2468,5,2,Urban,1999,305584.3936
1621,2,2,Rural,2004,254654.6408
1045,3,3,Rural,1953,155324.5144
1723,4,1,Rural,1981,147117.9051
1539,4,3,Urban,1964,166975.4276
1086,2,2,Suburb,1997,168855.9642
1802,3,1,Rural,2005,178311.1446
2408,4,1,Rural,1995,258700.1312
2692,4,1,Urban,1975,300944.8602
1264,4,1,Rural,1960,64711.5535
2800,3,1,Rural,1964,314619.5689
2045,2,2,Urban,2015,293303.0731
2791,2,2,Suburb,1958,182593.0236
1702,4,2,Urban,1980,188334.441
2473,2,2,Urban,1986,200236.0453
2999,5,3,Urban,1988,344426.4896
1231,4,1,Urban,1998,157924.9381
1185,3,1,Rural,2020,153219.0664
1325,2,2,Suburb,2012,179198.6875
2206,3,2,Rural,2020,214298.2382
1396,2,1,Suburb,2000,82558.31491
2504,3,3,Rural,1961,261609.2806
2426,3,3,Rural,2007,226490.6803
2486,2,1,Urban,2017,264275.5662
2440,4,2,Urban,1989,264133.9447
2225,4,1,Rural,2000,210969.5727
2088,3,2,Urban,1967,238357.1045
1955,5,1,Suburb,1963,278381.5012
2931,3,1,Urban,1988,373129.4432
1554,5,2,Rural,1978,183170.5606
1732,4,1,Rural,2003,238880.4021
2040,5,1,Rural,1980,141395.529
2859,2,3,Rural,2015,271411.9291
1796,5,3,Suburb,1961,58331.83301
2206,2,2,Rural,2018,174883.4938
1390,3,1,Urban,1993,179559.8906
1043,5,3,Rural,1978,115183.4305
2996,2,2,Rural,1956,242810.5457
1900,3,3,Urban,2000,237107.7492
2723,5,3,Suburb,1964,279720.006
2925,5,1,Urban,2013,385635.5986
1481,2,3,Suburb,1982,50641.6089
2286,3,3,Rural,1977,288247.0293
2197,2,1,Suburb,2017,361712.6715
2464,5,2,Rural,2004,401551.4426
1565,3,1,Suburb,1956,211817.9345
1219,4,1,Rural,2004,204159.6521
2581,4,2,Urban,2003,275042.0768
2417,4,3,Rural,2011,247556.7185
1771,5,1,Rural,1995,198029.6688
2218,4,1,Rural,1973,204372.3411
1408,5,1,Rural,2005,58263.07468
1470,3,2,Suburb,2020,155129.5094
2370,2,1,Suburb,1961,227108.8013
2485,5,1,Urban,1981,222562.4847
2084,3,2,Suburb,1968,192823.5882
1165,3,3,Urban,1993,160923.445
1671,3,1,Rural,1977,280186.205
2174,2,3,Suburb,1973,248301.0284
1110,5,2,Urban,1969,142462.0848
2511,3,3,Rural,1963,273461.7341
1548,4,2,Urban,1952,195394.9751
2026,4,2,Urban,1997,214810.0193
2506,3,3,Urban,1964,277254.304
2036,4,3,Suburb,1975,186411.3778
2185,4,1,Suburb,1958,250054.5889
1343,5,2,Urban,1982,215423.1655
2472,2,3,Urban,2008,232478.6744
1331,5,1,Urban,1952,57663.62601
1263,3,2,Urban,1972,149356.8293
1082,3,1,Urban,1955,105068.1979
1776,4,1,Suburb,2021,199752.6832
1923,5,2,Urban,1996,186597.4944
1333,3,1,Urban,1992,162796.5143
2403,3,3,Urban,1998,222765.6207
2242,4,1,Urban,1966,347227.8412
1657,4,1,Rural,1961,164136.693
2833,3,2,Urban,1971,162266.1932
2832,5,3,Rural,1960,331482.1024
1453,2,3,Rural,1971,136119.6756
1672,5,3,Urban,1953,193809.9936
1740,4,3,Urban,1964,158884.781
2769,3,1,Rural,1992,321734.6472
2112,4,3,Urban,1990,214727.5374
1332,3,3,Rural,1971,206531.1285
1309,3,2,Rural,2017,227767.5253
1726,2,3,Suburb,1992,177764.4779
2443,4,2,Urban,1999,173458.9615
2632,2,3,Rural,1997,303606.8628
2748,5,1,Rural,2003,211944.1587
1353,4,3,Urban,1956,142183.8819
1823,2,2,Rural,2009,244092.8248
2123,4,3,Urban,1972,247997.5808
1144,2,1,Suburb,1990,60315.54185
2033,2,2,Urban,2010,185825.4168
2067,4,1,Suburb,1960,202156.1947
2786,5,3,Urban,2015,275221.8198
2409,2,3,Suburb,1991,282166.5697
2762,2,2,Rural,1964,296077.094
1909,4,1,Suburb,1968,146863.2424
1760,5,1,Urban,1995,98804.64277
1494,4,2,Rural,1966,201145.5782
2516,3,3,Rural,2015,269905.384
2192,4,3,Urban,1955,230336.0517
1641,3,1,Urban,1971,146441.1279
1530,2,2,Rural,1968,165871.9614
2359,5,1,Rural,1990,254469.0112
2770,5,3,Urban,1980,266018.6867
2880,4,3,Rural,1953,276358.4231
1512,3,1,Rural,2011,135206.3748
1129,4,3,Urban,1963,87322.33323
2007,5,3,Suburb,2002,239587.9892
2562,3,2,Urban,1987,289330.5979
2537,5,2,Rural,2009,300687.5923
2273,3,2,Rural,1954,182788.7254
1733,4,3,Rural,1958,106588.0572
1946,2,2,Rural,1953,225800.2179
2161,2,1,Rural,2003,277569.4184
2298,3,3,Rural,2006,139828.4792
2001,3,1,Suburb,1957,259939.7277
1463,2,3,Rural,1963,163236.2368
1140,4,1,Urban,1977,237398.4622
2967,4,2,Suburb,1996,340761.5536
2279,5,3,Rural,2002,156544.8841
1881,5,3,Urban,2016,286693.463
2847,2,1,Suburb,2015,263959.1379
1455,2,3,Urban,1954,181519.5566
2975,2,1,Rural,1958,314637.1934
1433,3,2,Urban,2018,185499.6162
2630,5,1,Suburb,1965,368073.7142
1172,2,1,Urban,1973,136223.1065
1472,2,3,Urban,2007,244558.0873
2978,5,2,Rural,1965,301903.5575
2446,2,2,Urban,1981,273748.0692
2019,2,2,Suburb,2002,288745.6298
1916,4,2,Suburb,1983,230931.5098
1438,5,3,Rural,1954,245351.9606
2015,4,3,Rural,2004,200651.5405
2080,5,3,Urban,1996,232977.3383
1497,2,2,Suburb,1971,220831.2091
2637,3,1,Rural,1984,341312.2516
1168,3,2,Suburb,1999,184728.9163
1988,4,2,Urban,1996,270484.9814
2605,3,2,Rural,1960,292061.6076
2873,3,1,Suburb,1967,248754.6281
1560,4,1,Suburb,1968,148242.7855
1427,2,3,Suburb,2007,116807.3839
1418,5,2,Urban,1971,227278.9732
2370,2,2,Suburb,1956,202284.3082
2540,4,2,Rural,1976,155511.1544
1454,2,2,Urban,1951,175031.2513
1713,2,3,Urban,1969,197507.8447
1201,4,1,Rural,1970,174155.4733
1178,4,3,Rural,1991,193378.4012
1056,4,3,Urban,1980,137118.7519
2721,3,3,Suburb,2012,276528.2636
2627,4,1,Urban,1953,285669.057
2827,4,3,Rural,1958,326405.5712
2929,4,2,Urban,1985,297974.8344
1945,4,3,Rural,1962,198487.8889
1500,2,2,Urban,2005,224046.3637
1738,4,3,Rural,1954,220216.2712
2956,5,3,Urban,1964,299562.8591
1111,4,2,Suburb,2011,111297.4962
2171,5,2,Rural,1952,255922.849
2804,5,2,Rural,2001,231179.2177
1714,3,2,Suburb,1973,207442.6623
2401,3,2,Suburb,1969,258169.024
1876,2,1,Suburb,1959,197065.9478
2938,4,1,Suburb,2013,291321.4775
2371,4,1,Suburb,1976,238341.4334
2381,5,3,Suburb,1998,280091.3366
2079,4,1,Urban,2001,166628.0055
1812,5,2,Urban,1967,211524.3092
2339,3,1,Urban,1998,247872.3812
1963,2,1,Rural,2009,222559.7553
2208,3,3,Rural,2003,202186.1519
2077,4,2,Suburb,2008,245965.8956
1036,5,3,Rural,2019,155905.6813
2746,3,1,Urban,2019,326385.7153
2828,4,1,Urban,1952,310949.6677
2012,5,3,Rural,1985,215938.1701
2293,4,3,Urban,1965,274799.5621
1862,4,2,Urban,1968,243140.8407
1731,2,1,Rural,2010,166064.5923
2531,3,2,Urban,1966,170741.596
2251,4,1,Urban,1985,273227.4095
2451,4,1,Rural,1997,313391.7198
2893,2,3,Rural,1976,273299.7558
2746,2,1,Rural,1998,334959.7072
1809,5,1,Suburb,2006,231317.7406
2024,4,2,Urban,1975,151750.5368
1022,4,1,Urban,1955,189550.5288
2526,4,1,Urban,2000,312940.1066
2471,4,1,Rural,2014,258177.1999
1795,2,1,Urban,1986,241284.845
1495,3,3,Suburb,1991,196371.387
1899,2,1,Urban,1984,168605.8885
1424,5,1,Urban,1980,204443.9034
1699,2,3,Urban,1981,149004.2986
1017,3,1,Rural,1981,115117.4257
2982,4,3,Rural,1987,337919.3196
2468,5,2,Rural,2013,338552.0036
2584,5,1,Rural,1999,310393.0005
2582,4,3,Rural,1970,256241.8438
1626,3,2,Suburb,1985,98046.86798
2062,2,1,Urban,1950,210545.8214
2752,4,2,Suburb,1969,429222.794
2233,3,1,Rural,1992,315941.3774
2797,3,3,Suburb,1971,261652.6991
1210,3,3,Urban,1950,236703.7407
1564,4,3,Rural,1974,251259.2988
1971,3,3,Rural,1968,188001.3064
2304,5,3,Urban,2009,401419.7172
2890,5,1,Rural,1959,300976.8729
2856,2,3,Suburb,1997,360842.8184
1132,2,1,Urban,1994,41024.23273
1448,3,1,Rural,1956,102043.8641
1263,3,1,Rural,1967,183081.7132
2830,3,1,Urban,2008,304053.9001
1110,2,1,Rural,1999,165140.0317
2578,5,1,Suburb,1967,358313.138
1849,5,3,Rural,1957,171270.0661
2261,4,3,Urban,1986,260663.7847
2914,2,3,Rural,2002,345395.1752
2480,3,1,Rural,1984,326459.4994
1900,5,1,Rural,1965,155607.6845
1758,4,1,Urban,1998,125345.7451
2539,5,1,Rural,2011,291210.6457
2899,4,2,Rural,1952,391874.2244
1860,3,2,Suburb,1980,216108.3718
1896,3,3,Suburb,1972,165299.2087
1861,5,3,Urban,1997,189571.4822
2847,2,1,Suburb,1971,281645.3729
2196,5,1,Urban,1987,158897.2821
1192,2,3,Urban,1978,139401.8588
1514,5,3,Rural,2018,146543.5001
1789,2,3,Suburb,1969,196739.5716
1967,3,1,Suburb,2009,301960.5367
2591,4,3,Suburb,1967,347705.4955
2809,2,1,Suburb,2021,326360.0596
2432,3,2,Suburb,1982,241367.5174
2711,4,1,Rural,2011,336368.9488
2651,3,3,Suburb,1971,221288.7626
1083,3,2,Rural,1969,83815.25392
2694,3,3,Rural,2007,276754.5021
1797,2,2,Suburb,1985,247333.4575
1079,3,1,Urban,1958,89595.50282
2601,3,3,Urban,1970,294025.9835
2232,3,3,Suburb,1977,184789.1674
1521,2,3,Urban,1964,211164.6621
2222,5,2,Urban,1993,283000.1017
2594,3,1,Rural,1980,343161.6441
1233,5,3,Suburb,1982,153111.6029
2842,3,2,Suburb,1977,351860.1636
1243,2,2,Rural,1972,60072.30795
2914,5,3,Suburb,2005,274684.5824
2416,3,1,Rural,1989,232935.4694
2589,5,2,Urban,1971,240926.0825
2469,4,2,Urban,2007,274503.3694
1848,5,3,Rural,2013,283884.8531
1392,3,3,Suburb,1972,154709.7829
1008,5,3,Suburb,1950,113430.7007
1612,3,3,Urban,1978,257161.5174
2943,5,2,Suburb,1996,258483.1009
1806,5,2,Rural,1993,200604.3977
1714,2,2,Suburb,2003,149639.9976
2927,2,2,Rural,1981,313601.7044
2176,5,2,Urban,2008,226952.4155
1109,2,3,Suburb,1979,56583.91761
1833,2,2,Urban,2020,190056.4485
1265,4,1,Urban,1978,131253.5215
2396,3,3,Suburb,1993,247112.2785
2175,3,3,Urban,1987,173527.9639
1975,4,3,Urban,1982,241208.5307
2618,5,1,Rural,1989,313006.081
1954,2,2,Urban,1962,211758.1994
2438,3,2,Suburb,1951,245613.6723
1906,4,3,Suburb,1992,177042.8847
2669,3,1,Urban,2014,260967.4812
2349,5,3,Rural,1983,336965.7527
1671,4,2,Urban,2007,170862.1125
2574,5,3,Urban,1969,296775.9965
1175,5,1,Urban,1950,152769.3393
1524,4,2,Rural,1990,131521.3797
2338,3,3,Rural,1975,231403.49
2090,2,1,Rural,2011,234658.2257
1951,2,1,Suburb,1989,174565.6224
2783,4,1,Urban,1967,260566.51
2576,2,1,Rural,1978,180222.72
2207,5,2,Suburb,1991,284441.2741
2058,3,1,Urban,1975,190546.4118
2957,4,3,Urban,1962,277001.5905
1504,5,1,Rural,2008,174437.3196
1848,5,2,Rural,1998,231519.0455
1962,3,2,Rural,1982,188932.2998
2825,3,3,Rural,1956,389876.427
2099,2,3,Rural,1975,293423.8941
1471,3,3,Suburb,1999,160554.0951
2605,4,3,Suburb,1968,303950.7809
2769,4,1,Urban,2015,216749.8955
1522,3,1,Rural,1997,197906.8118
1879,3,1,Urban,1971,217457.874
2306,5,3,Rural,1973,162926.8966
2839,4,3,Suburb,1982,291060.1175
2559,2,3,Urban,2015,197634.2371
1273,5,1,Suburb,2020,195193.8611
2562,5,1,Urban,1979,218551.6427
1053,2,3,Rural,1985,40212.53249
2078,2,3,Urban,1956,175722.6504
1887,3,1,Urban,1973,197390.8107
1744,3,3,Urban,1992,190326.4117
1276,5,1,Urban,1992,112365.6298
2466,4,1,Suburb,2010,265207.9818
1882,4,3,Suburb,1953,176710.608
2441,5,3,Rural,2005,283871.079
1631,4,3,Urban,1952,225040.9458
2248,4,2,Suburb,1966,250500.4122
1569,2,2,Rural,1958,158231.6134
2278,3,3,Suburb,2005,247611.1412
1175,3,2,Suburb,2004,89213.50812
1565,5,1,Suburb,1970,222787.7772
2169,2,1,Rural,1988,222997.8647
1770,4,1,Urban,1986,266880.1633
2687,5,1,Suburb,1991,388903.4941
2408,5,1,Urban,2008,192427.3735
1261,4,1,Urban,1971,178132.3155
1530,3,1,Suburb,2019,150716.0698
2877,4,1,Urban,1989,319645.5377
2394,5,2,Urban,1958,264884.7498
2706,3,2,Urban,1993,228377.8441
1890,5,3,Rural,1976,250369.4704
2927,2,1,Rural,2006,268829.5843
2220,3,1,Suburb,2005,309601.718
1947,5,1,Suburb,1999,205684.6097
1584,5,2,Suburb,1990,195480.9936
1814,2,3,Suburb,2006,223765.8951
2620,4,2,Suburb,1961,308458.9806
2307,3,1,Rural,1974,274869.7413
1301,5,2,Suburb,2007,190418.7483
2155,5,2,Suburb,1989,233632.537
2143,5,2,Suburb,1983,222073.2792
2751,5,2,Rural,1975,336905.9811
2159,4,1,Urban,1983,241789.1643
1627,4,1,Suburb,1960,145464.593
1572,4,2,Rural,1985,181359.3332
1528,3,1,Urban,2015,101003.4408
1033,4,2,Rural,1998,117211.6956
1531,3,3,Urban,1982,165986.5414
2231,4,3,Rural,1985,247240.4431
2993,5,1,Suburb,1995,325306.5588
2697,2,1,Urban,2013,316821.1453
2322,3,1,Rural,1997,312334.8401
2545,2,2,Urban,1997,244522.7383
2117,2,3,Suburb,1971,197917.9387
2437,5,3,Suburb,1960,279476.3121
1370,5,1,Rural,1950,113110.5879
1408,3,3,Suburb,1969,251797.8895
2406,3,1,Rural,1956,257503.3874
2464,3,1,Suburb,2002,217988.5099
2901,4,3,Rural,1969,282435.1786
2470,4,3,Suburb,1968,235231.7151
2642,2,2,Urban,2016,324205.7479
1616,3,1,Urban,1954,189681.5884
1070,2,2,Suburb,1955,220501.1159
2966,4,2,Urban,2003,152748.991
1083,2,3,Urban,1970,187000.9925
1208,2,3,Rural,1998,17546.40486
1258,3,3,Suburb,1957,99434.26261
2262,3,2,Suburb,2000,238163.2894
2325,2,3,Rural,1991,209239.7117
2255,4,3,Urban,2005,216704.2378
1931,2,1,Urban,2018,241518.5032
1281,4,3,Rural,1991,215656.8045
1393,2,1,Rural,1978,192701.4479
1417,2,2,Urban,1997,172262.066
2229,3,1,Suburb,1986,244147.8172
2287,2,3,Rural,1993,157200.2496
2334,4,1,Suburb,1952,227359.9879
1858,2,3,Urban,1976,154801.1442
2929,2,2,Urban,1971,365776.4392
2720,4,1,Rural,2019,350533.808
1625,2,3,Urban,1968,132566.659
2102,2,3,Suburb,2017,146300.882
2892,2,1,Rural,1997,396025.2379
2365,2,1,Rural,1967,362290.6101
2836,4,2,Urban,1977,253697.2555
1561,5,3,Suburb,1991,119804.4311
1831,4,3,Urban,1961,186579.5426
2118,4,1,Suburb,2015,259310.2143
2793,5,1,Suburb,1969,345689.0366
1940,4,2,Rural,1988,164358.4353
2374,2,1,Urban,2013,334186.1984
1061,4,1,Urban,2001,94113.8804
2165,2,2,Rural,2010,230455.9619
2865,3,1,Urban,1983,289696.2411
1733,2,3,Suburb,1951,165320.3973
2891,2,3,Suburb,1983,398939.7358
2134,4,2,Urban,1968,129794.8589
2639,4,2,Rural,2009,292489.8524
2550,4,2,Suburb,1981,347830.3693
1781,3,1,Urban,1999,98202.39245
2694,5,1,Urban,1978,284712.6723
2180,2,3,Suburb,1985,266437.153
1538,5,2,Suburb,1951,237285.9207
1596,5,2,Urban,1993,198944.0899
1008,3,2,Suburb,1987,55807.6717
1275,2,3,Rural,1988,171168.0625
1226,2,2,Suburb,2014,97894.49313
1185,3,3,Rural,1973,155328.6598
1590,3,2,Rural,1958,82951.51532
2239,2,3,Suburb,1971,231606.9719
1432,3,3,Rural,1961,164756.1968
1568,4,1,Urban,1955,160581.1696
1655,2,3,Urban,1968,202976.1689
1355,5,2,Urban,1958,186972.8821
1842,4,2,Urban,1979,300465.46
1391,5,3,Urban,2012,134708.2732
1578,3,3,Suburb,2010,226922.7414
2298,5,1,Urban,1985,258310.5478
2517,4,3,Suburb,2000,311431.1057
2640,3,1,Urban,1979,307983.3536
2474,4,2,Urban,1983,272755.1503
1419,3,1,Rural,1967,193373.6062
2723,2,3,Rural,1952,245000.8325
1163,5,2,Urban,2016,178015.7278
1778,5,3,Rural,1974,138289.442
2586,2,3,Rural,1961,299797.1246
1637,2,2,Suburb,1993,212962.8998
2615,5,1,Urban,1970,200659.7724
2206,2,1,Suburb,1991,172611.8937
2333,3,1,Rural,1973,211909.948
1016,5,1,Rural,1962,179076.4684
1445,4,1,Suburb,1961,218366.5078
1169,2,1,Suburb,1999,109976.4342
2303,3,2,Rural,1969,265000.3599
2936,5,3,Rural,1981,272882.7005
2839,5,2,Urban,1980,305286.266
1339,3,3,Rural,1963,201489.8186
1725,2,2,Suburb,1994,238345.861
2733,5,3,Suburb,1981,380648.2746
2542,2,3,Suburb,1972,232711.9476
2933,3,2,Suburb,2012,305626.3076
2034,4,1,Rural,1989,174945.0315
2547,3,3,Suburb,1968,284962.7339
2645,2,2,Rural,1962,263399.2714
1132,5,3,Rural,1957,155446.1391
1900,2,1,Urban,1953,188818.704
1639,2,3,Urban,1980,313542.2263
2171,4,1,Suburb,1951,261337.4685
2589,5,3,Urban,1979,258411.8088
1822,4,1,Urban,2011,190199.7349
1953,4,3,Rural,1977,235468.7284
1078,3,1,Rural,1968,82018.04558
1345,3,3,Urban,2002,142839.538
1608,5,2,Urban,1991,121789.6959
2272,4,3,Urban,1979,231289.5281
1638,4,1,Urban,1982,143979.5387
2565,2,1,Urban,2016,173532.1994
2047,2,3,Urban,1970,215653.6057
2494,3,3,Suburb,1990,233268.9583
2224,4,3,Urban,2012,148845.9975
1130,5,1,Rural,2014,183931.6089
2657,4,2,Rural,1964,335862.2032
1355,3,2,Suburb,1952,118576.4393
1943,5,2,Urban,2000,259273.1216
2862,4,1,Suburb,2018,259535.4905
1149,2,1,Suburb,1980,93267.50451
2549,4,2,Urban,2010,266306.9432
2327,3,2,Rural,1954,319302.0489
2564,3,1,Suburb,2012,274779.918
1049,4,1,Suburb,1989,165437.2888
1463,3,1,Suburb,1968,80383.33229
2263,2,1,Suburb,2006,212209.0992
2505,2,1,Suburb,1977,301602.4292
2929,2,1,Rural,1961,298944.4198
1454,4,2,Urban,1968,163084.1338
2306,3,1,Rural,2016,227857.7165
1334,2,3,Rural,1953,195682.628
2375,5,1,Urban,2003,268385.6854
1667,3,1,Suburb,1998,118555.6504
2672,3,2,Urban,1995,254293.4961
1326,5,2,Suburb,1952,276119.9376
2015,3,1,Urban,1988,216977.4627
1335,2,1,Rural,1991,44486.20145
1665,3,3,Urban,1952,205878.0316
1994,2,2,Rural,2000,252042.3334
1080,2,2,Urban,1979,190792.9042
1086,2,1,Urban,1975,109477.0634
2799,4,1,Suburb,2014,406608.5139
1257,3,3,Urban,1965,176761.2962
1990,5,3,Suburb,1968,342359.6148
1184,4,3,Rural,1954,142009.8298
2715,4,3,Suburb,2004,358907.8783
1697,4,3,Suburb,1971,299462.0704
1122,4,1,Suburb,1975,126005.0797
2912,2,1,Urban,2005,249657.5051
2119,2,2,Urban,1970,155088.2843
1604,5,2,Rural,1998,174770.1961
1514,3,2,Rural,1958,122457.9474
1903,5,1,Rural,1980,183292.2597
2466,3,2,Rural,1994,246841.9385
2537,2,2,Rural,2012,264884.7748
2981,3,3,Rural,1952,308306.6
2394,3,3,Urban,1974,190670.688
1304,4,2,Urban,1987,79640.07878
2380,5,3,Urban,1977,374155.9214
2171,4,2,Urban,1980,298965.724
2308,4,3,Rural,1972,260184.2001
1656,4,1,Suburb,2001,274657.6798
2865,4,1,Urban,1968,305330.8398
2896,2,1,Urban,2015,254927.2361
2941,5,2,Rural,2011,393848.0342
1261,4,2,Rural,1958,204350.4568
2597,5,2,Urban,2010,364599.1716
1490,4,3,Rural,1970,136894.8236
1737,2,2,Rural,1952,155729.4903
2054,4,2,Rural,1972,225774.5789
1701,3,1,Rural,1973,150503.0602
1886,2,2,Rural,2002,176143.8751
2291,5,3,Urban,1966,266200.9874
1011,3,1,Rural,2015,78596.64923
2214,3,1,Suburb,1983,229673.4613
2423,2,3,Suburb,2003,251184.2258
2560,5,2,Rural,1997,266812.4588
2941,2,1,Suburb,1980,427219.2398
1090,4,1,Suburb,1970,153786.7342
1599,2,2,Rural,1960,201383.1325
2867,2,3,Urban,1990,311233.5965
2524,4,2,Urban,2018,265502.5453
2809,4,3,Urban,1959,237022.1666
1300,5,2,Rural,1987,87844.96001
2134,2,1,Suburb,1972,226668.3136
1079,4,2,Urban,1965,172882.6735
1835,5,2,Suburb,1961,151764.914
1651,5,1,Rural,1999,179911.9705
1432,4,1,Urban,1965,221691.7169
1416,4,3,Urban,1970,185594.8206
2237,5,3,Suburb,1950,260111.7366
2470,3,2,Suburb,1987,250330.3989
1017,4,2,Urban,2013,142303.4787
2077,3,1,Urban,1993,204403.6169
2903,5,1,Suburb,2001,288554.1948
2632,2,2,Suburb,1985,325466.566
2818,3,2,Rural,1982,326434.4818
1745,3,2,Urban,1969,330503.178
1239,3,3,Suburb,1982,186147.8006
1845,3,2,Suburb,1977,228394.1733
2944,3,1,Suburb,1979,250764.6941
1417,3,2,Urban,1969,88405.85232
1855,2,1,Suburb,1955,298684.5143
2509,2,1,Urban,2010,273728.5312
2467,2,3,Rural,1960,244093.631
2589,3,1,Urban,1972,174077.4342
1598,5,3,Suburb,2018,333850.1445
2796,4,2,Rural,1968,309611.4702
2771,3,1,Suburb,1984,319260.4442
2146,2,2,Urban,2020,242480.1804
1419,5,2,Rural,1983,195703.2308
2589,5,1,Rural,1970,299521.901
1215,3,2,Urban,2014,76557.98812
2443,2,1,Rural,1982,299681.0709
1708,4,1,Urban,1988,238206.7805
1550,4,2,Rural,1951,245318.806
1965,2,1,Suburb,1993,186701.715
2900,2,3,Rural,1965,325672.5508
2251,5,3,Urban,2008,284171.7568
2260,3,2,Rural,1950,395460.7967
2667,3,1,Urban,1988,449584.8573
2353,3,2,Urban,2003,275259.3821
1832,4,2,Suburb,1982,159168.1216
2492,4,1,Urban,1990,243957.0484
1679,4,2,Urban,1983,184603.6887
1486,3,1,Urban,1971,228623.4391
2572,2,1,Urban,1966,340171.598
2602,2,2,Suburb,2000,326055.3283
1622,3,3,Suburb,1960,225270.7082
2438,3,3,Rural,1974,321278.3489
1218,2,3,Rural,1986,68337.35813
1720,2,1,Suburb,1987,123309.9208
1380,4,2,Suburb,2008,103754.4764
1086,5,1,Rural,2020,145844.569
2484,5,2,Urban,1994,299814.2072
1814,3,1,Suburb,2013,121923.2814
1410,5,2,Rural,1957,176930.833
1690,5,3,Rural,2000,230193.9211
2939,5,3,Rural,1963,315310.3937
2012,4,3,Suburb,2012,321015.0839
1524,4,3,Rural,1984,288138.4936
1446,2,2,Suburb,1955,119667.9108
1299,3,2,Suburb,2009,135588.9649
1407,5,3,Rural,1997,209896.0799
2660,2,2,Urban,2001,284552.6285
1374,4,1,Urban,1960,103974.8615
1232,5,2,Suburb,1994,222212.4364
2786,3,2,Urban,1952,307688.7789
2922,5,1,Urban,2002,326902.6553
1637,4,3,Rural,1995,142481.7165
2770,5,1,Urban,1954,251814.9534
1649,5,3,Rural,2001,216072.1333
1960,5,1,Urban,1997,330936.4538
2072,5,3,Suburb,1999,177116.5752
2915,4,1,Urban,1957,294089.2358
1185,2,2,Rural,2000,83073.65759
2228,5,1,Rural,1995,202877.8585
1077,3,1,Urban,1963,215046.1917
2504,5,3,Suburb,1995,295699.9218
2409,3,3,Suburb,1967,298248.4307
1193,3,2,Suburb,2003,108495.7237
2126,5,1,Suburb,1951,301438.2849
2640,5,2,Suburb,2015,268141.3306
2399,3,3,Urban,1972,173737.5007
1286,4,1,Suburb,1950,128436.2202
2859,2,2,Urban,1982,370925.4493
2505,3,2,Suburb,2015,211488.9703
2746,4,3,Rural,1964,338535.9004
1249,2,1,Rural,1985,149178.9602
2828,2,3,Rural,1998,366488.8168
2224,2,3,Suburb,1999,272535.3758
1535,5,1,Urban,1989,239069.5833
2484,5,1,Rural,2021,356542.5177
1299,3,3,Urban,1976,126980.9205
2501,5,3,Urban,2013,331872.5324
2106,4,1,Rural,1963,232633.6331
1808,2,2,Suburb,1988,186805.8169
1457,2,2,Rural,1989,256654.8426
1690,2,1,Rural,1998,298473.5055
2321,5,1,Urban,1962,264097.301
2387,5,1,Suburb,2010,253928.3829
1717,5,2,Rural,1970,316328.3853
1039,4,1,Urban,2007,125087.7581
2839,5,3,Suburb,1994,267729.9688
2648,5,1,Rural,1996,335561.1925
2363,5,1,Suburb,1954,220818.7836
2539,4,3,Urban,1950,201912.669
1107,5,1,Suburb,2003,34178.22643
2339,3,3,Suburb,1989,194592.8559
2137,5,2,Rural,1950,171603.2074
2190,3,2,Urban,1980,196900.7777
1260,4,1,Suburb,1981,185985.4054
2641,3,2,Urban,1985,301284.1587
2247,4,1,Suburb,1960,209794.7916
2285,5,1,Urban,1980,290919.3803
2274,5,3,Rural,1967,261014.4045
1525,3,3,Suburb,1995,152478.112
1709,5,1,Urban,2002,217394.5917
1125,3,2,Suburb,1973,144846.6103
2229,4,1,Suburb,1952,222439.114
2163,5,2,Rural,1995,140177.4305
2085,5,3,Rural,1969,199525.4022
2306,5,2,Urban,1994,317947.3663
1053,2,1,Suburb,2010,16747.86625
1345,2,2,Rural,1968,162973.9039
2547,3,2,Rural,2002,299580.8041
1135,2,1,Urban,1981,108303.1142
1329,5,3,Urban,1956,108914.6875
2167,2,1,Suburb,1994,324674.8304
2459,3,3,Rural,2007,317648.1259
2305,2,2,Suburb,1989,213752.8747
1135,4,3,Urban,2014,62766.86392
2512,4,2,Suburb,2015,315215.4826
1812,2,3,Rural,1962,182294.5276
2756,4,1,Suburb,1997,341970.6847
1851,4,2,Rural,1974,236245.0868
2744,2,1,Suburb,1958,264724.294
2938,4,1,Suburb,1957,328005.4119
2424,3,3,Suburb,1991,335105.5792
1870,3,1,Urban,2021,182653.4955
1891,5,3,Suburb,1974,137839.2349
2472,3,3,Urban,1965,245517.6577
1634,5,2,Suburb,2001,180886.0729
2651,5,1,Urban,1979,241144.0859
1668,2,1,Rural,1956,211697.5517
2293,4,1,Suburb,1991,270514.5757
2040,2,1,Rural,2013,259402.4882
1268,5,3,Rural,1989,176432.9451
1860,2,3,Rural,1979,186008.1463
1481,4,1,Suburb,1960,232051.3187
2242,4,3,Suburb,1970,270449.7096
2342,4,3,Urban,2020,321280.6825
2261,5,1,Rural,2010,225058.4078
2568,2,3,Rural,2010,317722.6804
1284,2,1,Urban,1971,154786.6007
2060,5,2,Urban,1997,258779.4986
1102,5,3,Suburb,1956,174793.3905
2746,3,2,Rural,2010,214808.1499
2453,2,2,Suburb,2021,248851.1938
1791,4,2,Urban,2005,188757.2747
2677,2,3,Rural,2006,291054.8402
1238,3,1,Urban,1960,141276.9789
1740,4,1,Suburb,2005,222714.1555
1644,3,2,Urban,1995,166461.4212
2148,5,2,Urban,1969,248952.3922
2588,5,2,Suburb,1985,307993.0545
2623,2,2,Suburb,1996,299114.2238
2633,5,3,Urban,1957,279756.7749
1881,5,3,Suburb,1974,213905.8866
1606,2,2,Suburb,1978,219588.2665
2949,3,3,Rural,1991,308977.3279
1187,3,2,Rural,1973,69951.82868
1887,4,1,Rural,1971,209224.0074
2279,4,2,Rural,1955,267584.7007
2608,3,3,Urban,2016,335256.3255
1986,5,1,Suburb,1991,241059.0062
1923,4,3,Rural,2010,248145.486
2897,3,3,Rural,2012,283367.8465
1793,5,3,Rural,1997,172990.995
1529,5,1,Suburb,1992,197734.2144
1675,3,2,Urban,1954,288154.0858
1391,2,1,Suburb,1980,220088.0056
2681,3,1,Urban,1965,344686.4778
2491,5,3,Suburb,2012,310070.8659
2849,4,1,Rural,1999,301566.6264
2276,5,1,Suburb,2013,317292.5582
1671,5,3,Urban,1954,263230.1971
1860,3,2,Urban,2013,199377.1983
2584,5,1,Urban,1978,249584.6951
2199,2,3,Suburb,1952,233403.8775
1465,4,2,Urban,1989,186903.1383
1838,3,2,Suburb,2012,167190.0915
2600,2,2,Urban,1973,235591.8578
1987,4,2,Urban,2002,219991.0734
2312,2,1,Urban,1955,212948.6174
2073,5,1,Suburb,1999,237488.0098
1003,5,3,Urban,1969,225887.1386
2654,2,1,Rural,2019,339934.3182
1851,4,1,Urban,1974,296144.7901
2908,2,1,Urban,1978,215990.4627
2523,2,2,Suburb,2010,360370.767
2699,2,1,Urban,2016,264946.6038
2246,4,3,Suburb,1992,277744.2804
2893,2,1,Rural,2014,418372.3964
2691,5,2,Rural,1975,307412.6669
2922,3,3,Suburb,1994,240186.8246
2285,5,2,Urban,1954,173754.2978
2708,5,1,Suburb,2019,298774.3468
1534,2,3,Rural,1963,114731.2849
1902,3,2,Urban,2014,200051.7282
2399,2,2,Suburb,1977,262214.9335
2084,3,2,Suburb,2009,252392.5898
2379,5,1,Urban,1974,258146.0433
2856,4,1,Urban,1978,382674.2306
1645,2,3,Suburb,1951,180474.4412
1023,5,2,Urban,2000,140782.4756
2316,3,2,Suburb,1987,241599.4539
1556,5,3,Suburb,1993,199449.4161
1690,5,2,Suburb,1987,220019.2744
1355,5,1,Urban,1971,181821.176
1869,4,1,Rural,1999,185352.8345
1940,2,3,Urban,1978,262475.1977
1574,2,2,Suburb,2016,60887.90921
1028,2,1,Urban,1965,92212.15906
1356,4,1,Rural,1972,225140.2669
1364,4,2,Rural,2021,221502.4173
1607,3,3,Suburb,2013,179418.1155
1408,2,1,Urban,2012,103376.6918
2289,3,1,Rural,1953,213618.7889
2314,5,2,Suburb,2008,234484.6801
1566,3,3,Rural,1963,123358.775
2176,3,1,Rural,1973,272008.8497
1218,5,2,Suburb,2020,152324.5163
1172,5,1,Urban,2015,221060.2496
1607,3,1,Suburb,2008,112549.8557
2658,3,1,Urban,1968,236043.4256
2035,2,1,Suburb,1964,253005.6813
2539,4,3,Suburb,2019,376393.3878
2385,5,3,Suburb,1952,213999.9303
1857,3,2,Urban,1952,214794.9
2602,4,1,Urban,1997,248447.3028
1656,3,3,Rural,1962,111586.7893
1968,2,3,Suburb,1983,177054.6308
2500,3,2,Rural,1967,243426.1227
2600,5,2,Suburb,1997,293428.5837
2105,3,2,Rural,1963,154600.1744
2640,3,3,Urban,2015,306844.4514
2716,5,1,Urban,2009,328093.9495
2363,2,2,Suburb,1963,235726.2474
1440,5,3,Urban,1960,297942.516
1616,3,2,Rural,2003,249219.2384
1225,2,1,Urban,2004,248493.7702
1370,5,2,Urban,2015,142468.6204
1027,4,3,Rural,2017,162158.628
2007,4,3,Urban,2015,237432.3979
1994,4,2,Rural,1964,208478.3561
1015,5,2,Urban,1963,139385.7043
2300,2,1,Suburb,1995,198169.965
1332,5,2,Urban,1952,145070.0741
1482,3,2,Suburb,2012,137595.8453
2833,5,1,Urban,2016,346069.6345
1565,4,1,Rural,1995,134490.8479
2311,4,1,Rural,2001,263385.0939
1113,3,1,Urban,1997,99686.34429
1037,5,3,Suburb,1966,163296.0403
1453,4,2,Rural,1994,174818.5613
2905,5,3,Suburb,1983,303352.1924
1741,4,2,Rural,1979,243472.7673
1165,3,3,Rural,2017,78413.98967
1693,2,3,Rural,1986,165781.2552
2979,2,2,Rural,1985,270521.2668
1204,4,3,Urban,1984,50278.88455
1877,4,1,Suburb,2017,173191.1667
1244,5,3,Rural,2010,127430.0429
2894,2,3,Suburb,2007,314687.3218
2356,5,2,Rural,2004,267120.6306
1942,4,3,Urban,1997,273193.7029
2419,2,3,Urban,1996,289810.9531
1820,5,3,Rural,2004,220151.5923
1506,4,3,Suburb,1964,229980.9363
2952,5,3,Urban,1951,267932.1051
1923,5,2,Suburb,1998,260243.4563
2144,4,1,Rural,1982,237974.0334
2282,5,1,Suburb,1997,319588.6389
2745,5,2,Suburb,2000,340566.6197
1409,2,3,Suburb,1975,65692.79755
1309,5,3,Urban,2017,105100.5314
2831,3,2,Urban,2000,278838.8121
2729,4,1,Rural,2003,257608.6114
1067,5,3,Suburb,1994,74088.62768
1113,4,2,Suburb,1970,93385.72072
1219,3,3,Suburb,1981,70888.65322
1219,4,1,Suburb,2019,169896.9182
2496,3,3,Rural,1951,290609.4348
1729,3,1,Rural,1993,171146.8842
1748,2,3,Urban,1957,297332.7943
1942,3,2,Urban,2004,141898.5622
1385,2,1,Suburb,1987,201331.7129
2321,5,3,Urban,1980,280411.3195
1929,2,1,Suburb,1992,124744.0935
2629,2,2,Rural,1968,305353.3793
2276,5,3,Suburb,1965,282116.7112
1404,4,2,Urban,1951,204597.627
1491,4,1,Suburb,1982,154786.2683
1356,5,3,Rural,1982,128619.3347
2451,3,2,Suburb,1977,239296.0758
1214,2,1,Suburb,1961,166154.1938
2403,4,3,Urban,1968,217479.4772
2793,4,2,Urban,2017,310558.3622
2882,3,1,Rural,2012,379912.7618
1751,4,3,Urban,1971,230526.2542
1826,4,2,Rural,1972,233742.4094
2237,4,3,Rural,1982,310038.1149
2121,5,3,Suburb,1957,269319.8377
1527,4,2,Rural,1968,182485.9077
1915,4,3,Suburb,1963,192109.2429
1665,5,2,Rural,1971,168652.0843
2551,4,3,Suburb,1989,330789.577
1709,3,1,Rural,1967,191973.2953
2643,2,2,Urban,1971,237694.0783
1534,5,2,Suburb,1963,204160.0047
1553,5,1,Urban,2020,269439.3833
2572,4,2,Urban,1978,205144.3469
1327,2,3,Urban,2011,152577.1507
1901,3,2,Urban,1969,202807.2887
2188,3,3,Rural,1974,313110.0122
2139,2,3,Suburb,1985,230331.7754
1149,2,2,Suburb,1987,136732.1325
2541,3,2,Suburb,1958,285622.0112
2055,4,2,Urban,1959,271520.8459
1656,2,1,Suburb,1967,219646.0406
1805,2,2,Rural,1973,161251.1121
2936,4,2,Suburb,1956,255691.836
1292,5,3,Suburb,1968,89545.00536
1918,2,2,Rural,1962,192290.1851
1688,4,1,Urban,2014,260181.0392
1956,3,3,Rural,2016,158230.7836
2200,5,3,Suburb,1992,357213.9031
2084,2,2,Suburb,1991,242740.7525
2612,4,3,Urban,1951,201369.2134
1415,5,3,Suburb,1965,143227.426
2406,4,2,Rural,1959,291175.8798
1597,3,2,Suburb,2013,221151.8512
2726,2,1,Suburb,1961,184268.3912
1006,4,1,Rural,2012,203271.1162
1917,2,2,Urban,2000,238127.9537
1084,4,3,Suburb,1990,152024.114
1773,2,1,Rural,2015,323592.9899
1956,2,1,Suburb,2012,180388.335
2421,5,2,Urban,1952,248703.626
2935,4,3,Rural,2006,425984.778
2794,4,1,Suburb,1974,272969.1899
2416,2,2,Urban,2005,259378.5404
2070,2,2,Rural,1983,130807.1313
2364,5,3,Suburb,1983,355359.7659
2521,3,2,Urban,1955,234647.5151
1605,4,2,Urban,1956,207158.2113
2501,2,2,Urban,1973,314872.5527
1425,5,1,Urban,1953,157785.3857
1425,2,3,Suburb,1986,214906.6946
1735,4,2,Rural,1974,127672.6236
1790,5,2,Rural,1992,226413.3182
1514,5,3,Suburb,1999,186216.8897
2152,2,1,Urban,2016,327973.5414
2858,2,3,Urban,1953,329141.9451
2272,3,1,Suburb,1981,210574.5485
1740,3,2,Suburb,2002,247097.8324
2862,4,3,Urban,2015,319900.0907
1130,4,1,Rural,1961,162696.3302
2763,5,3,Suburb,1964,315020.9401
2712,4,2,Urban,2014,278069.9493
1322,3,1,Suburb,2020,168557.8345
1822,3,2,Suburb,2020,188433.3249
2923,3,3,Urban,1965,405163.2674
1542,2,2,Suburb,1996,76526.89705
1065,3,3,Suburb,1964,139855.9567
1717,3,3,Urban,1976,144606.0712
2124,4,2,Rural,1981,222065.9214
2855,3,1,Suburb,2003,263812.331
1030,3,3,Suburb,2001,123134.7269
1884,2,3,Suburb,2005,154898.6966
1190,3,1,Suburb,2009,132441.0954
2601,4,1,Suburb,1986,268050.4141
1414,2,1,Rural,1975,146270.0792
2838,5,2,Urban,1955,363559.3369
1746,3,1,Urban,2001,175405.7179
2813,3,3,Rural,1982,325921.396
2737,3,3,Urban,2012,393972.3238
2523,5,2,Rural,1958,225933.1806
2885,2,2,Rural,2020,328920.1462
2760,2,3,Urban,2006,247206.8298
2618,3,3,Suburb,1978,308477.3759
2069,5,3,Urban,1971,189679.576
2112,4,2,Urban,1983,257666.0175
2721,5,3,Rural,1985,400679.824
1374,3,3,Urban,2007,181907.723
2724,5,2,Rural,2011,290923.6587
2269,2,3,Urban,2018,264337.4711
1557,2,3,Rural,1977,83346.03748
2280,2,1,Rural,1958,271531.4428
2375,4,3,Urban,1982,246947.1157
2944,5,1,Rural,2004,376315.3521
2596,3,2,Suburb,1987,286498.7276
2128,3,2,Urban,2018,162431.4988
2360,2,1,Urban,1998,237944.2333
2549,3,3,Urban,1960,199513.5407
2324,4,1,Rural,2021,289641.0246
2100,5,2,Suburb,1978,202374.1179
2534,4,3,Suburb,1994,321143.9929
2253,5,3,Suburb,1997,197359.8758
2702,5,2,Urban,1978,319044.1117
1577,5,1,Rural,1962,195338.5977
1031,3,1,Suburb,1980,168191.6196
2631,3,2,Urban,1998,243928.4638
1057,3,3,Urban,2015,157241.8649
2127,3,2,Suburb,2020,198436.5556
1311,3,3,Urban,2007,202798.6952
2669,3,1,Suburb,2000,349551.1418
2752,2,1,Rural,2008,258389.2658
2090,2,1,Urban,2009,189986.5692
1689,2,1,Urban,1971,115941.3796
2397,4,2,Rural,1999,161405.4952
2782,4,1,Rural,2014,341588.6359
2829,4,2,Rural,1995,365362.9095
1234,5,2,Suburb,1980,145912.6879
1642,5,2,Rural,1981,150385.5974
2135,4,3,Suburb,1967,218398.926
2412,2,1,Urban,1973,264662.6737
2431,3,3,Suburb,2005,306685.281
2077,3,3,Rural,1988,176655.7839
1801,3,2,Rural,1951,203946.1464
1238,5,1,Rural,1999,150729.4388
2775,4,2,Urban,1972,264017.9877
2318,2,1,Urban,2015,286703.7459
1111,3,3,Rural,2017,180532.7756
2111,4,3,Rural,1991,231262.7589
2763,4,2,Suburb,2007,305410.4193
1475,5,1,Urban,1957,126483.6115
1303,5,2,Urban,2005,187702.2399
2328,5,2,Rural,1958,361224.6744
1289,5,3,Suburb,1996,215928.8526
1207,4,2,Rural,2020,131481.9643
1867,5,2,Urban,2007,138479.6949
2926,3,1,Rural,1993,326124.4783
2809,2,1,Urban,1985,290277.364
1581,5,1,Urban,1992,167123.1111
1369,3,2,Suburb,1973,183411.0053
1219,2,1,Suburb,1956,136637.1869
2254,5,2,Suburb,1999,216990.3525
1801,5,1,Rural,2019,235590.5991
1818,2,1,Suburb,1995,183142.4927
2896,3,1,Rural,1950,266140.4455
1348,3,2,Urban,1976,115602.2781
1254,4,3,Rural,1995,121119.6866
1451,4,3,Suburb,1988,159771.8999
1141,5,2,Suburb,2010,59437.02429
2092,3,2,Rural,1966,239356.2884
1088,3,3,Suburb,1954,216255.0329
1870,5,2,Suburb,1968,143916.0067
2159,2,1,Urban,1999,145370.299
2678,2,3,Suburb,2019,325056.2767
2874,4,2,Suburb,1955,335518.1098
2722,5,2,Suburb,1986,260245.0486
1522,2,3,Rural,2013,82469.67086
1659,5,2,Rural,1983,284157.7987
1950,3,3,Suburb,2018,245505.4516
2827,2,2,Suburb,1969,277248.6682
2873,2,2,Urban,1971,278753.1228
1909,2,3,Urban,1955,182940.1975
1441,3,3,Suburb,1957,192381.4932
1037,4,1,Suburb,1978,59847.98218
2880,5,2,Suburb,2003,306160.5972
2231,2,2,Urban,1972,290230.7668
1209,3,3,Rural,2014,114489.5027
1512,2,1,Rural,1969,177437.8262
2383,5,3,Urban,1960,284005.4506
2600,5,2,Urban,1963,433312.2586
2024,2,3,Rural,2006,212312.569
2778,3,2,Rural,1988,373717.7688
1980,2,2,Urban,1978,236935.3266
1380,3,3,Suburb,1961,172933.6671
1827,4,2,Urban,1973,188755.1819
2560,2,2,Suburb,2021,293064.8153
1858,3,1,Rural,1999,258218.1793
1393,2,1,Rural,1984,206796.7616
2073,5,2,Rural,1982,238697.2433
1395,5,2,Suburb,1985,189419.2059
2883,2,2,Suburb,2008,392953.263
2776,2,1,Urban,1990,272386.3004
1031,3,2,Suburb,2015,141108.3051
1544,3,1,Rural,1960,236482.2758
1711,5,1,Rural,1996,234974.298
2257,3,2,Suburb,1989,264186.2036
2049,5,1,Rural,2004,211446.2333
2577,4,2,Urban,1959,303119.4644
2457,2,3,Urban,1959,271717.0613
2084,3,3,Urban,1990,289503.2127
1552,5,3,Suburb,1980,206382.4171
2464,5,3,Suburb,1957,288689.3771
2153,2,2,Rural,1995,262962.5723
2890,2,3,Rural,2018,341409.1964
2377,2,2,Urban,1971,284745.6291
1197,3,2,Rural,1984,147773.8434
1798,4,2,Rural,1955,148136.8373
2686,4,2,Urban,1967,233830.9489
2739,4,2,Urban,1985,269810.495
1693,4,1,Urban,1982,306375.3015
2394,5,3,Rural,2018,213174.3252
2947,3,1,Suburb,2017,369503.4402
2742,4,1,Rural,1961,304112.0209
1146,4,3,Urban,1955,212847.2535
2739,3,2,Suburb,2011,338888.5619
1497,3,2,Urban,2011,213507.0615
1047,2,3,Suburb,1965,151731.379
1769,2,3,Urban,2013,85362.94848
1650,4,3,Urban,1956,261152.9157
2195,5,1,Urban,2004,233932.0035
1612,2,1,Suburb,1969,269832.1821
1698,3,3,Suburb,1966,230753.7185
2919,2,3,Suburb,1971,209343.1079
2338,2,3,Rural,2007,222478.2179
1375,3,3,Rural,2011,76534.59881
1805,4,1,Urban,1951,140975.303
1920,2,3,Urban,1972,237362.3237
1874,2,3,Urban,1962,275309.4299
2556,4,3,Rural,2015,324136.2873
1809,2,3,Rural,1992,148608.9376
2443,5,2,Rural,2014,340187.8101
1904,4,2,Rural,2008,260298.2861
2419,5,3,Suburb,1955,388605.9698
2545,3,1,Suburb,2019,291197.9763
2210,5,2,Urban,1986,196604.0747
2005,3,1,Rural,2012,238350.5295
2668,4,2,Rural,1959,291105.8276
1032,3,2,Urban,2021,269485.1963
1068,3,3,Urban,1992,134359.6792
1591,3,3,Suburb,1950,146420.9487
2214,3,3,Suburb,2009,270693.5424
1100,5,1,Urban,1954,74386.95948
2508,3,1,Urban,1968,298590.8419
2308,3,1,Suburb,2017,226907.7277
1913,2,3,Urban,2013,229491.5168
1732,2,2,Urban,1977,108027.214
1389,2,2,Suburb,1986,176175.4182
2588,3,2,Suburb,1958,312524.7751
1159,2,3,Suburb,1976,159177.2996
1891,5,2,Urban,1953,198968.4297
2577,4,2,Suburb,1977,262688.3502
2070,4,1,Suburb,2018,202075.596
2182,4,1,Suburb,1971,267613.136
2469,2,3,Urban,1967,342949.1135
1695,3,2,Suburb,1962,183577.7174
1757,4,3,Urban,2013,273483.5561
1522,5,1,Suburb,2017,151711.5894
2689,2,2,Urban,1952,347126.1059
1731,2,2,Rural,1995,226538.8323
1154,5,1,Rural,1969,87405.90103
1338,3,2,Urban,1960,187407.8966
2976,3,3,Rural,1958,316210.4378
2388,5,2,Urban,1983,324522.9313
1794,5,1,Suburb,2016,243174.9536
2722,2,1,Rural,1957,281763.4685
2597,5,3,Rural,1987,265120.7852
2171,3,3,Rural,1984,232920.0538
1898,3,1,Urban,1983,219660.5596
2167,3,3,Suburb,1954,270191.7352
1102,3,1,Urban,1969,154161.7808
1811,3,3,Urban,2014,191434.808
1092,2,1,Urban,1969,64175.06071
1974,5,3,Rural,1978,252544.1606
2309,5,3,Urban,1994,297509.2542
2447,4,3,Urban,1964,281177.301
1118,2,3,Suburb,1964,17831.83147
2984,2,2,Suburb,2021,302209.0903
1028,2,1,Urban,1957,39302.61743
2012,2,1,Rural,1996,234247.5007
2534,2,2,Rural,2006,196101.212
2053,3,3,Urban,2014,239382.4146
1871,4,3,Urban,1979,225212.0421
2389,3,1,Rural,1986,307190.3725
1799,4,1,Suburb,2012,200473.6617
2161,2,1,Suburb,2013,244566.9748
1474,2,2,Urban,1952,174927.5707
1562,5,1,Suburb,1983,184437.0794
2415,2,2,Rural,2020,309637.6251
1434,2,2,Suburb,1952,215842.767
1803,2,1,Urban,1969,172764.8822
2257,2,1,Suburb,1958,203928.919
1054,2,1,Suburb,1988,145141.4874
1930,4,3,Suburb,1986,223734.6244
2315,5,3,Rural,2016,259121.7293
1751,2,3,Suburb,1974,121809.4837
1311,2,1,Suburb,2013,199779.5387
2571,2,2,Rural,1954,203027.4142
2112,4,2,Suburb,1984,224180.2449
2235,4,3,Urban,1966,218566.2652
1956,5,2,Suburb,1959,162013.0141
1317,2,3,Suburb,2016,278835.1856
2900,5,2,Urban,1952,305154.768
1756,3,1,Urban,2002,194672.2659
1464,4,1,Suburb,2004,253602.3489
2110,2,2,Rural,2017,246544.9033
2432,4,3,Urban,1974,267971.8443
2263,5,1,Urban,2007,243025.5448
2855,3,2,Suburb,1992,294536.0624
1699,2,3,Rural,2007,250814.8161
2080,4,2,Urban,1968,275325.2441
2136,3,3,Rural,2016,207548.4156
1734,5,2,Urban,1980,172732.7695
2093,5,2,Urban,2016,307538.0878
1738,4,1,Suburb,1957,177700.3579
1767,4,3,Suburb,1983,282929.5893
2715,2,1,Rural,2013,197764.1327
2207,5,1,Suburb,1990,314974.4459
2726,2,1,Urban,2021,295393.9526
2987,4,2,Suburb,2013,334293.9468
1743,3,2,Suburb,1976,233736.7564
1275,2,1,Rural,1970,117119.0943
1232,5,3,Rural,1989,197566.8356
1053,4,2,Suburb,1960,184828.0749
1256,4,1,Rural,2013,102674.3882
1089,2,2,Urban,2001,148681.4856
2761,2,1,Rural,1986,298845.9514
2782,4,2,Urban,1998,251080.8444
2929,2,1,Suburb,1980,274392.3622
2686,4,3,Suburb,2006,291224.899
2458,5,3,Rural,1986,274073.9952
2648,3,3,Urban,2014,244914.541
1407,2,3,Suburb,2004,196097.7787
2292,5,3,Suburb,1981,342549.9581
2692,5,1,Urban,2004,329583.1251
2977,2,2,Suburb,1956,345191.5318
1365,5,1,Suburb,1987,261357.7095
2882,4,3,Urban,1964,327284.8939
1350,2,1,Suburb,1980,146772.0922
2322,3,1,Rural,1968,370454.2881
2929,4,1,Suburb,1995,381855.4675
2182,5,1,Rural,1991,273423.6599
1486,5,3,Urban,1970,173716.6376
1841,3,1,Urban,1993,239489.3598
1983,3,1,Urban,1958,164218.1781
2760,5,1,Rural,1980,297603.7703
2549,3,3,Suburb,1966,266255.6662
2378,3,1,Urban,1956,250772.4047
1620,5,2,Rural,2011,234514.7852
1929,4,3,Rural,1969,151519.9687
1400,2,3,Rural,1967,218974.4652
2428,5,1,Suburb,1973,247756.892
2119,3,3,Urban,1958,243550.0371
2730,3,2,Rural,1987,312434.1532
1569,4,2,Suburb,2011,172203.1799
1974,5,2,Rural,1981,210595.6456
1391,5,3,Suburb,1954,153957.3957
1351,3,3,Rural,1957,229534.4015
1805,5,2,Rural,2012,209462.4897
2689,3,3,Rural,1988,312243.9961
1575,3,3,Urban,2004,167978.4905
2693,3,3,Suburb,1992,295481.328
1776,2,3,Suburb,2013,150892.9663
1632,3,3,Suburb,1971,142656.3325
2311,4,1,Suburb,1977,228877.9801
1522,5,3,Suburb,2016,230590.652
1725,2,1,Urban,1996,151301.2237
1161,5,1,Rural,2008,95776.09636
2640,4,2,Urban,1968,347057.0196
2937,2,3,Rural,1961,245339.0699
1658,5,3,Suburb,1985,114344.8482
2205,2,1,Rural,2021,175951.4586
1849,3,1,Rural,1952,164374.123
2572,3,2,Rural,2018,240674.586
1081,5,1,Rural,2010,172884.8102
1523,4,1,Rural,2002,188248.5462
1003,2,3,Urban,2009,116666.7578
1494,2,3,Suburb,2010,183532.9603
2578,5,1,Urban,1960,303960.8514
2946,3,2,Suburb,1963,338229.5296
2074,2,2,Rural,1991,277081.6158
2284,3,3,Suburb,2003,316430.4858
2157,3,2,Rural,1964,242902.9484
2996,4,1,Rural,2009,357419.7985
2622,3,3,Rural,1950,185657.5614
2385,3,3,Urban,1975,293215.0518
1567,2,1,Rural,2016,253446.3575
2240,4,3,Urban,1998,233398.9644
1877,4,3,Urban,2001,209698.9819
2091,5,2,Rural,2004,204799.1339
2011,5,3,Urban,1961,231576.4899
2014,5,2,Urban,2012,101927.2098
1863,4,2,Urban,1972,223442.2281
2579,3,3,Rural,1965,273921.3513
2166,4,3,Rural,1968,336328.3717
2369,3,1,Rural,1962,198503.5566
2577,5,3,Urban,1998,345615.5137
2674,5,3,Suburb,1960,325536.2591
2608,3,3,Urban,1952,238048.7449
1778,3,3,Suburb,1991,181507.4988
2217,5,1,Rural,1965,315238.2942
2004,3,3,Rural,1981,104249.0844
2690,4,3,Suburb,2013,291906.9144
2269,5,3,Suburb,1980,281993.1481
1313,4,2,Urban,1978,179935.507
1729,5,1,Rural,1979,235984.7354
2991,2,2,Suburb,1972,288427.133
1383,4,3,Urban,1969,174867.6609
2788,2,3,Rural,1969,251655.2007
2812,5,1,Urban,2014,284179.5161
1276,4,2,Urban,1965,185087.0235
2095,4,2,Suburb,1974,285793.9357
2152,4,3,Urban,1986,191615.0851
2381,3,2,Suburb,2002,267500.3632
1697,4,2,Urban,1983,246752.5784
2548,4,3,Suburb,1981,230598.4196
2864,2,3,Urban,1963,326592.0637
2243,4,2,Urban,1953,226818.6188
2029,3,3,Urban,2011,217588.7153
1750,4,1,Suburb,1969,231046.0448
1982,2,3,Urban,1967,169129.5172
1623,4,2,Rural,1970,140104.518
1227,4,2,Suburb,1995,152141.7558
2977,2,3,Urban,1999,435611.2336
1016,5,1,Rural,1981,107781.4064
2608,4,3,Suburb,1953,364086.8457
1011,5,1,Urban,1986,160183.3879
2621,2,1,Suburb,1975,377043.449
2522,2,1,Suburb,1984,226621.1237
1691,5,1,Urban,1965,290559.3758
2657,3,1,Rural,1966,260194.5168
2739,3,1,Suburb,1958,326156.7189
2525,2,2,Urban,2002,306789.764
1069,3,1,Urban,2013,309748.3415
1107,3,1,Suburb,1977,152277.556
1200,2,2,Suburb,1979,129693.0454
2075,4,1,Rural,2007,187359.5816
2572,4,2,Rural,1969,238450.2638
1628,4,1,Rural,2015,160151.644
2282,3,2,Suburb,1955,235315.4191
2505,5,3,Urban,2005,274688.0511
2287,3,2,Suburb,2004,260410.7955
1905,4,3,Suburb,1990,246124.5952
1302,2,2,Suburb,1952,122886.1262
1936,2,3,Suburb,2009,230914.6404
1575,2,3,Rural,1992,226379.5658
2577,3,2,Urban,1984,310275.3304
1554,5,1,Rural,2012,193960.7438
1124,4,3,Urban,2021,112723.6369
2928,2,2,Rural,1983,268287.0594
2293,4,3,Suburb,2018,294489.6229
1858,4,2,Rural,1983,212064.6129
1744,3,3,Suburb,2003,130609.287
1479,2,2,Urban,2014,95548.69265
1131,3,1,Rural,1986,169812.7129
2025,4,3,Rural,2010,281182.771
1114,4,1,Suburb,1976,160846.0595
1480,4,2,Suburb,2019,153297.143
1980,2,1,Suburb,1960,237639.9381
2024,2,1,Urban,2008,187065.6363
1330,2,2,Suburb,1984,166252.7659
2600,4,2,Urban,1966,368329.254
1941,4,1,Rural,1963,117432.7595
1954,5,2,Rural,1971,191550.7565
2994,2,2,Urban,1975,260485.4107
2660,4,2,Urban,2012,410866.6712
1767,4,1,Suburb,1999,228263.9479
1390,5,3,Suburb,2000,115327.8533
1833,5,1,Urban,1995,212046.2595
1142,4,3,Suburb,2009,127431.6245
1327,2,3,Urban,1970,112712.2266
2781,3,3,Rural,1970,256941.4755
1627,3,3,Rural,1997,77270.55406
1376,3,1,Rural,1952,108573.068
2838,2,1,Urban,1986,223774.461
1089,4,1,Rural,1956,216856.3421
1807,3,3,Suburb,2012,175701.0164
2020,3,1,Rural,1959,179705.7361
2065,2,1,Rural,1975,244748.632
2970,4,3,Urban,2010,309152.0706
2058,4,3,Suburb,1958,144860.9553
2011,2,2,Rural,1973,182255.5408
2517,3,2,Urban,1992,263116.9641
1552,4,1,Urban,2019,243015.7263
2876,4,1,Rural,1964,326310.4946
1123,3,1,Suburb,1991,142821.7443
1056,2,1,Urban,2019,64353.80287
1805,3,3,Rural,2008,220670.5707
2479,5,3,Suburb,1977,261794.4369
1234,4,2,Suburb,1957,152091.7946
1607,2,3,Rural,1950,123678.6123
1391,3,3,Urban,2012,188752.7835
2515,3,1,Rural,2004,294039.6863
1969,2,2,Suburb,2001,139395.5175
2854,4,3,Urban,1986,277039.5405
2366,2,3,Rural,2020,209027.0599
2667,5,2,Rural,1981,339400.2936
2199,2,1,Suburb,1986,284588.7425
1051,5,1,Rural,2009,40691.56139
2573,4,1,Urban,1960,277355.2731
2501,3,3,Urban,1969,255806.0678
1488,5,3,Urban,1974,157247.6837
2878,5,2,Rural,2018,347399.7936
1004,2,3,Suburb,1977,164649.5533
2748,2,1,Urban,2020,326904.4278
1631,3,1,Urban,1971,230340.0276
2861,4,3,Urban,1953,378112.1606
2904,5,3,Suburb,1984,319439.0643
2232,3,1,Suburb,1968,287016.2017
1216,5,3,Suburb,1965,191252.3614
1535,3,3,Suburb,2018,213494.4048
2365,2,2,Suburb,1991,192875.1085
2740,2,2,Rural,1958,298346.8128
2424,4,3,Suburb,1982,272539.2153
2485,2,1,Urban,1968,310595.0156
1737,3,1,Rural,1987,182797.8059
1729,5,3,Suburb,1983,180728.2749
2234,3,3,Urban,2021,263847.7854
2049,4,2,Suburb,1978,218232.7268
2275,2,1,Urban,2019,286292.7252
1002,2,1,Urban,2019,81695.11149
2025,5,2,Rural,1950,283193.2797
2627,4,1,Suburb,1950,223412.7507
2025,4,2,Urban,2003,254977.9951
1149,2,1,Suburb,2016,129350.7618
2606,4,3,Suburb,1982,327165.1196
1003,3,2,Urban,1965,93419.44816
2520,4,2,Suburb,2007,276997.7995
2573,3,1,Rural,2008,285901.6568
2894,3,2,Rural,2010,361225.3585
1467,3,2,Rural,2004,224795.7836
1069,2,1,Urban,1978,90059.18597
1200,3,3,Suburb,1998,73734.50268
1307,5,1,Urban,1991,129546.8567
2275,4,1,Urban,2000,212283.9193
2310,3,1,Suburb,1997,175330.7337
1921,5,2,Rural,1974,195662.8644
1291,2,3,Suburb,1990,129915.2225
2177,2,2,Suburb,2001,250036.9913
1923,2,1,Urban,1987,339167.989
2156,2,2,Rural,2010,214400.6273
1882,4,3,Rural,1954,299641.091
1585,2,1,Rural,1956,112606.3502
2297,4,3,Urban,2020,309459.607
2806,5,1,Suburb,1987,332635.296
2720,2,1,Suburb,1959,254998.7169
1508,2,1,Rural,2013,163184.8552
2376,5,3,Rural,1960,288662.2458
1004,5,1,Suburb,1954,109248.6423
1292,4,2,Urban,1978,134498.6393
1359,3,1,Rural,2003,145374.8261
2621,4,1,Rural,1957,295438.4246
1213,3,1,Rural,1959,101159.7429
2429,4,2,Urban,1962,260633.3864
2459,3,2,Suburb,1995,270949.1767
2038,2,3,Urban,1966,229707.8516
2296,3,1,Suburb,1964,268945.4625
1562,5,3,Suburb,2015,194656.0676
1764,5,3,Urban,2006,169230.8158
1044,3,1,Urban,2020,84789.75337
1702,2,1,Suburb,1950,219506.3736
1633,2,2,Urban,1976,188679.0745
2435,3,2,Urban,1960,288475.1121
2210,3,3,Urban,1968,263602.321
2749,5,1,Urban,1978,292426.7558
1660,5,3,Rural,2020,226315.7955
2193,4,2,Urban,1972,208450.1856
1720,2,3,Suburb,1962,176362.7905
2988,2,1,Urban,1952,306472.3307
1593,2,3,Rural,2014,206341.1726
2424,4,3,Suburb,2016,268604.369
2731,4,1,Rural,1962,256509.8201
1245,5,1,Suburb,2002,90168.63071
2926,5,1,Rural,1996,322580.1183
1856,3,2,Rural,1975,219934.6259
2892,4,3,Rural,2001,277610.1659
1551,4,3,Urban,2020,210950.8683
2703,4,1,Suburb,1952,384181.7648
1042,2,1,Suburb,1991,127647.2148
1840,5,2,Suburb,1972,224413.8577
2746,3,1,Urban,2009,275303.0081
1178,4,2,Rural,1995,240473.704
2480,4,2,Urban,1971,258093.8693
1534,4,2,Urban,1950,171617.8624
1606,2,1,Urban,2011,194609.7336
1671,3,3,Suburb,1960,153727.6783
2267,3,1,Urban,2004,245074.0113
1926,4,3,Rural,2017,272646.4666
1016,3,1,Suburb,2009,151825.5501
2135,2,2,Urban,2005,170613.0097
2638,4,3,Urban,2011,287710.4676
1825,5,1,Suburb,1966,174050.5965
2621,5,1,Urban,2013,366518.7018
1546,3,3,Urban,1967,208381.2546
2053,5,2,Urban,2002,180787.1993
2215,5,2,Rural,1953,306781.8357
1436,4,3,Suburb,1996,207980.4389
1178,2,1,Rural,2012,51737.16885
1615,4,2,Rural,2000,196835.3694
1676,2,1,Urban,1960,189780.1062
2497,4,2,Rural,1959,311382.8097
1633,5,1,Urban,1958,176572.4026
2157,4,2,Suburb,1980,170272.5267
1801,3,1,Rural,1956,154771.3785
1311,3,1,Rural,1993,203092.2363
2759,2,2,Suburb,1981,299686.8022
1024,2,2,Urban,1999,107342.9573
1370,2,1,Urban,1966,101217.9807
1524,3,3,Rural,1980,128864.156
2342,4,1,Suburb,1980,190193.9603
1229,5,3,Suburb,2011,138694.9288
2125,2,2,Rural,1953,268054.0997
2473,4,3,Urban,2006,166017.8204
1377,4,1,Rural,1960,131949.2802
1887,3,2,Rural,1970,139854.2214
2924,3,2,Suburb,1971,275826.9778
2226,5,3,Rural,1977,299918.5773
2290,4,2,Urban,1980,311645.9629
1461,2,3,Rural,2007,208252.4741
1364,3,1,Urban,2005,153939.0482
2757,4,2,Urban,1982,271905.7732
1103,3,1,Suburb,1997,155493.1624
2134,4,3,Rural,1969,205694.847
1427,3,3,Urban,1951,129319.7576
1468,2,1,Suburb,2008,229373.4277
2014,5,3,Rural,2016,186779.2138
2604,2,3,Suburb,2006,338445.1957
1869,3,1,Urban,2021,163805.5766
1769,3,1,Suburb,2012,209589.2741
1679,3,2,Rural,2015,170989.5298
1804,2,2,Suburb,1963,182137.8715
1885,3,1,Suburb,1975,169092.1826
1560,2,2,Rural,2012,205328.1177
2273,3,3,Suburb,1976,297384.1579
2505,5,2,Rural,1979,340730.8274
1330,5,2,Rural,1954,121422.2776
2955,3,3,Urban,1964,379427.4026
1586,4,1,Urban,2005,225523.2885
1200,2,3,Urban,2011,38978.97253
1453,3,2,Suburb,2007,175459.575
2527,2,3,Urban,2005,321468.5985
2569,4,1,Suburb,1961,292097.6
1825,5,2,Rural,1960,182060.5511
1110,2,1,Urban,1962,46003.40634
2956,2,1,Rural,1968,259206.091
1863,2,3,Urban,2001,230416.1054
2851,2,1,Urban,1995,233137.1359
1907,2,3,Urban,2008,185314.6344
2772,5,3,Suburb,1977,327356.3522
2567,2,2,Suburb,2020,239544.1777
2232,2,1,Suburb,1965,182798.8948
2667,5,1,Rural,1951,241628.314
2641,3,1,Urban,1981,330856.9263
1032,3,1,Rural,1955,99740.83213
1554,2,1,Rural,1963,131183.0146
2903,5,3,Rural,2006,232639.0317
1106,2,2,Rural,1965,203299.025
2288,3,2,Suburb,2010,214173.642
1225,5,1,Suburb,1962,175109.8663
1486,4,3,Suburb,2018,228368.0169
1178,5,3,Suburb,2009,134653.6066
2245,3,1,Urban,1964,195884.9736
2393,5,2,Suburb,2000,203422.358
1636,4,1,Suburb,2019,205794.8321
1787,5,3,Urban,1969,263579.1679
1166,2,1,Suburb,2018,114439.098
1662,2,1,Rural,2004,181326.8552
2576,3,1,Suburb,2013,255766.5357
1299,5,3,Rural,1957,140282.4322
2404,3,2,Suburb,1978,329861.3045
1034,5,1,Rural,2000,148083.9502
1406,3,2,Suburb,1956,141257.4566
2525,5,2,Urban,1980,269049.433
1313,2,3,Rural,1951,126429.0235
1815,3,1,Suburb,2020,162616.12
1742,3,1,Rural,1975,197540.7756
1726,4,2,Rural,2004,119134.0353
1825,5,2,Suburb,1999,152537.6156
2124,2,2,Suburb,1963,192286.6093
1568,2,3,Urban,2002,193028.6986
2238,2,3,Suburb,1971,198011.3161
2958,3,2,Suburb,1997,386034.8678
2691,2,3,Suburb,1964,255837.3106
1575,3,3,Rural,1990,170259.2991
1061,4,3,Suburb,1969,170014.9372
2874,2,1,Urban,1997,271623.5625
1368,4,3,Urban,1970,232646.9796
2391,5,2,Suburb,1980,262617.664
2597,5,1,Rural,1995,303155.6052
1093,4,2,Urban,1982,125573.2772
2492,5,3,Suburb,1989,283124.8381
1983,2,2,Rural,2018,184034.0401
2876,2,2,Urban,1982,283126.145
2049,3,3,Rural,2009,210978.0311
2458,4,2,Urban,1972,282757.0527
2144,4,3,Suburb,1970,181195.6878
1049,3,3,Suburb,1988,149061.778
1882,2,3,Suburb,1980,239918.9113
1763,4,2,Rural,2020,259596.1562
1035,3,2,Urban,1969,116086.7141
2433,4,2,Urban,2014,279005.3634
2312,4,1,Suburb,1965,221707.3311
2402,3,2,Urban,1986,335942.864
1099,4,3,Suburb,1973,106314.5849
2347,5,3,Suburb,1994,274732.9383
1328,3,1,Suburb,1983,242104.2426
2671,3,1,Rural,1957,323933.0466
1705,5,1,Rural,2016,110546.4191
1220,4,1,Rural,2007,137889.7254
2814,5,2,Urban,2000,325449.5468
2861,4,2,Suburb,1989,256041.4926
1566,2,3,Rural,1968,286959.4632
2962,5,2,Rural,2012,235720.9965
1995,5,1,Urban,2001,275807.2377
2021,5,1,Rural,1953,227771.2792
1109,2,1,Rural,1982,83209.39105
1148,4,1,Rural,2020,171605.2749
1405,2,2,Rural,1975,134892.8098
2800,5,3,Suburb,1965,427622.2451
2697,2,3,Suburb,2000,314423.0096
1698,5,2,Suburb,1961,226256.7307
2016,3,1,Rural,1957,219137.7034
2433,4,2,Suburb,1961,193772.6894
2152,5,2,Urban,1985,144985.7042
2507,2,3,Suburb,1997,296140.7184
1107,2,2,Rural,1982,172910.5838
1388,2,1,Suburb,1957,101143.0485
1424,4,2,Suburb,1976,152469.7036
1446,3,3,Urban,1979,196083.916
1917,4,3,Urban,1961,156665.1749
2091,3,3,Rural,1962,288676.2311
2967,2,2,Suburb,1974,336068.2359
2089,4,1,Urban,1993,233858.0636
1655,3,1,Suburb,1955,277588.151
2999,2,1,Urban,1989,334732.674
2588,2,3,Suburb,2008,301251.9803
2663,4,3,Urban,1980,275471.1198
2527,3,3,Urban,1950,260166.4962
2527,2,1,Suburb,1963,233625.0371
1320,2,3,Rural,1996,107809.2639
1718,2,3,Urban,2004,244476.1678
2855,5,2,Rural,1965,265968.6596
1727,3,3,Urban,2001,213372.4771
1579,3,3,Rural,2002,138106.017
1446,5,1,Rural,1997,181352.4935
2597,2,1,Urban,1963,277164.6297
1209,5,2,Urban,1990,110665.555
1848,5,1,Suburb,1998,236939.0606
2862,5,1,Urban,2000,270553.1605
1369,3,3,Rural,1961,163609.2606
2964,2,2,Suburb,1958,194182.3223
2587,2,3,Suburb,2015,311735.9544
2651,3,3,Suburb,1954,321897.564
2916,3,2,Suburb,2015,391906.4179
2481,5,1,Rural,1951,309112.5996
2918,5,2,Urban,2015,254763.8695
1576,4,3,Rural,1970,113185.6468
2665,4,2,Rural,1977,341788.2584
1688,3,1,Urban,2008,268642.4439
1789,5,2,Suburb,1994,112553.3383
1991,3,3,Rural,2001,209811.8827
2948,5,3,Suburb,1994,330163.4584
1162,5,3,Urban,1979,129713.8017
1976,3,3,Suburb,2017,226474.3457
2355,3,1,Urban,1964,290111.9287
2687,2,2,Suburb,1981,380071.7754
1349,2,2,Urban,1950,180335.2284
2771,4,2,Urban,2006,292246.8882
1669,3,1,Urban,2003,200134.3046
2491,4,2,Suburb,1971,218708.3476
1425,3,2,Rural,1980,160639.4466
1326,3,1,Suburb,1957,163814.0241
2129,3,3,Suburb,2012,224632.1315
2841,2,3,Suburb,1964,249039.156
1254,4,1,Suburb,1996,128764.3983
1357,3,1,Rural,2005,133767.664
2990,4,3,Rural,2013,280358.0377
1443,4,1,Urban,1973,104442.7169
1112,2,2,Rural,1964,63555.93293
2053,2,2,Urban,1980,254888.187
1523,3,1,Rural,2013,131745.9584
1688,5,3,Urban,1989,165187.0181
1990,4,2,Suburb,1988,305273.9718
2873,2,3,Rural,2005,268821.568
1045,4,2,Urban,1958,200426.6417
2194,5,3,Rural,1951,323105.4114
2153,4,1,Rural,1996,225006.9309
1756,3,2,Suburb,2009,218341.7814
2376,4,2,Rural,1963,204136.6094
2226,2,2,Rural,2013,184120.5442
2249,3,1,Suburb,1996,279276.2118
2103,3,1,Rural,1951,300550.5637
2333,5,3,Suburb,1998,296281.5735
2058,3,3,Urban,1960,212626.198
1563,2,3,Rural,1971,155622.2989
1160,5,2,Suburb,1958,146096.0086
2619,3,3,Rural,1998,336205.2913
1839,5,3,Suburb,1994,191596.5812
2458,4,2,Suburb,1991,257733.0485
1537,3,3,Urban,1993,210621.8987
1224,2,2,Rural,2013,191600.9647
2469,2,2,Rural,2011,251291.2476
2340,3,3,Suburb,2019,235067.0668
2689,4,3,Urban,1984,273938.9444
2828,5,3,Rural,2000,358597.9676
2437,2,1,Rural,1954,267460.0724
1094,2,3,Suburb,2005,91309.62337
2248,5,1,Rural,1987,343919.2236
2802,5,2,Urban,1985,342861.2986
1948,2,2,Rural,1957,220748.075
1552,5,3,Rural,1967,189096.5406
1644,3,3,Suburb,1999,162300.8757
1065,2,3,Suburb,2009,50171.21958
2420,2,1,Urban,2015,303594.5216
2982,2,2,Rural,1974,286503.6896
2233,3,1,Suburb,2014,216161.5957
2497,2,3,Urban,1999,261707.701
1664,5,1,Urban,2020,171464.1717
1683,2,2,Rural,2008,244364.3533
1909,3,3,Urban,1991,158953.3804
1836,3,1,Rural,1984,182652.1917
1570,4,2,Suburb,2010,112645.2392
1695,2,3,Rural,1965,148441.6098
2513,3,3,Urban,2006,255398.1623
1179,4,3,Rural,2002,205009.0913
1833,2,3,Suburb,2006,187528.1335
2859,3,1,Suburb,1959,319153.9236
2547,3,1,Urban,1996,226502.441
2482,2,3,Suburb,1954,259244.9879
2091,2,3,Rural,2018,222626.5059
2962,4,1,Rural,1995,206074.3428
2352,2,1,Suburb,1955,225065.4195
1201,2,3,Urban,2010,209166.3531
2498,5,3,Urban,1954,255367.5646
2541,2,1,Suburb,1951,329451.5899
2038,3,1,Urban,1998,279353.5842
2065,4,1,Rural,1977,162626.1781
1542,4,1,Urban,2010,153527.2272
1981,4,3,Urban,1993,146816.754
2716,3,1,Suburb,1953,287104.1371
1773,2,3,Suburb,2006,293046.6243
2312,3,1,Rural,1977,320354.6425
2948,5,1,Suburb,2001,323516.9302
2556,4,2,Suburb,1971,275298.2154
2915,2,2,Urban,1999,412460.1742
1693,2,2,Rural,1959,137624.8279
2719,4,1,Urban,2002,328399.419
2267,5,2,Urban,1985,176505.057
2885,5,2,Suburb,2011,237681.0075
2684,2,3,Suburb,1958,238252.3044
2791,3,2,Urban,1971,275248.767
1611,4,2,Rural,1975,192065.4271
2590,3,3,Rural,2015,313298.1496
2721,2,1,Suburb,2005,236713.2207
2855,4,2,Rural,1955,338394.037
2621,5,3,Suburb,1963,412366.1271
2197,5,3,Urban,1974,224312.1022
2557,5,2,Rural,1997,291214.8244
2532,2,3,Suburb,1989,302834.4523
1243,5,2,Rural,1983,216797.6756
1059,4,1,Suburb,1955,27276.36469
1103,4,2,Rural,1951,133167.7562
1650,4,1,Rural,1954,293152.9503
2326,4,3,Suburb,1964,139054.3263
2694,5,3,Urban,1958,288584.605
2010,4,1,Suburb,1956,261321.7515
2767,2,2,Urban,1974,262002.9604
1076,4,2,Suburb,1986,202433.0938
2041,5,2,Urban,1977,210117.8397
2557,5,3,Urban,1994,340979.2936
2207,3,3,Suburb,1950,290148.1627
2680,4,1,Urban,2017,276708.305
2573,5,2,Urban,1987,328903.4155
2304,3,3,Suburb,1995,217168.8885
2311,2,3,Urban,1960,324442.4178
2678,4,3,Urban,1973,366654.0658
2548,5,1,Urban,1959,391462.6028
1697,5,3,Suburb,1951,291395.529
2497,4,1,Suburb,1983,314491.2375
1945,3,1,Urban,1950,180400.5225
1266,4,1,Urban,1984,228689.0895
1780,2,2,Rural,2017,240120.5791
1608,2,2,Rural,2005,142887.6207
1945,4,3,Urban,1976,216914.9641
2380,3,2,Rural,1951,258341.0003
2829,2,2,Rural,1952,240694.2187
2024,4,3,Suburb,2003,196644.3048
2830,3,1,Suburb,1967,355974.3901
2050,3,1,Rural,1959,254978.6808
1547,5,3,Urban,1997,313020.8519
1159,2,3,Rural,1969,86227.01071
1936,4,2,Suburb,1978,219235.4446
1398,2,1,Rural,1954,141705.7348
1542,3,2,Rural,1978,207110.7281
1126,5,1,Rural,1962,128222.4606
2797,2,1,Suburb,1972,237566.414
2880,4,2,Rural,1994,283600.0453
2008,2,1,Urban,2019,280054.2895
1947,3,1,Rural,1950,184628.5879
1209,5,1,Rural,1955,162173.5895
1149,2,2,Rural,1992,127651.0449
1030,3,2,Rural,1998,89034.40491
1611,3,3,Suburb,1981,212212.0549
2864,5,1,Rural,1997,360728.9049
1301,3,1,Suburb,2007,194425.6189
1962,2,1,Suburb,1983,213417.6086
1864,4,2,Urban,1985,264843.4517
2754,5,1,Rural,2000,240158.5448
1764,3,2,Suburb,2017,176771.4655
1682,2,2,Suburb,2000,175799.7954
1256,5,2,Suburb,1955,158492.4577
1939,3,2,Rural,1994,303103.0657
2080,2,3,Rural,1988,184695.7846
1008,3,2,Urban,1968,92941.16502
2028,2,3,Suburb,1970,198692.2288
1846,3,2,Suburb,2018,250888.4997
2137,5,2,Urban,2004,266544.1604
1776,5,1,Urban,1961,298569.5389
1684,5,2,Urban,2018,193133.4574
1731,3,1,Suburb,1961,215692.63
2228,3,2,Urban,1950,279988.1653
1023,5,3,Rural,1998,80778.359
1492,5,3,Urban,1978,181317.5483
1969,4,3,Suburb,1998,214477.0579
2705,2,2,Rural,1966,320338.0162
2429,4,1,Suburb,1984,373530.0209
1102,2,2,Urban,2012,99121.52767
2083,3,1,Urban,1953,256714.0363
2109,2,3,Urban,1970,219194.0256
1766,2,1,Urban,1984,148246.4265
2022,3,3,Rural,2004,202152.92
2700,3,1,Rural,2002,304536.0768
1371,3,1,Suburb,2021,181820.3892
1678,5,1,Suburb,1953,230308.6974
1595,5,3,Rural,1998,187442.5891
2993,2,3,Suburb,2021,273396.0726
1201,3,3,Suburb,1972,90414.62055
2625,5,3,Urban,1991,261843.2407
1088,3,1,Suburb,2015,36353.35706
1436,2,3,Suburb,1985,132559.7503
1119,5,2,Urban,1971,137218.7126
1155,5,1,Urban,1982,51271.63708
2996,4,2,Suburb,2001,290904.2714
1398,2,3,Rural,1972,150963.9752
2723,5,1,Suburb,1972,354581.4013
1187,2,3,Suburb,1962,132623.6321
2797,2,1,Rural,1950,392990.4338
2075,3,1,Urban,1983,284690.1487
1651,2,3,Suburb,1987,172788.3718
2554,4,3,Urban,1973,229916.3165
2503,5,1,Suburb,2014,213348.7241
1586,2,2,Rural,2018,158973.4381
1229,2,1,Suburb,1956,95250.88437
2504,3,3,Rural,2011,314643.8673
2153,3,3,Rural,1977,311397.8994
1054,4,2,Rural,1950,46223.48231
1270,2,2,Urban,1962,222292.3422
2983,2,1,Suburb,2000,449113.4464
2123,2,1,Suburb,2020,236558.0924
2092,2,2,Rural,1999,180467.5449
2934,5,1,Rural,2010,336624.9304
2322,2,3,Rural,2005,256041.9915
1969,2,1,Urban,1971,255042.6925
2552,5,1,Suburb,2002,266192.8788
2377,3,2,Suburb,1970,284666.1795
2651,4,3,Suburb,1965,292308.2
2175,2,1,Suburb,2007,167114.357
1329,5,1,Rural,1964,167415.546
1115,2,3,Rural,2002,112096.0541
2565,3,3,Urban,1969,265527.8754
1322,5,3,Rural,2002,112705.611
1562,5,1,Suburb,1972,272710.0596
2595,5,2,Rural,2006,306278.9137
1228,2,1,Rural,1969,152779.1879
2794,3,1,Urban,1980,277798.6833
1359,4,3,Suburb,1997,101677.2814
2028,5,3,Urban,1958,169852.0162
1027,2,1,Urban,1954,99316.40966
2789,4,3,Urban,1963,339196.6864
2387,5,1,Urban,1988,313263.1496
2485,2,3,Rural,1998,219486.8363
2254,4,2,Suburb,1959,136150.5888
2418,4,1,Rural,1981,296759.5446
2991,5,1,Suburb,2013,293281.9872
1868,2,3,Suburb,2019,231552.5256
2735,4,1,Rural,2009,325444.388
2867,3,1,Suburb,1976,329224.2792
2294,3,1,Suburb,1951,240484.2868
2874,4,3,Rural,1990,427367.8227
2327,5,3,Urban,2000,191526.4955
2406,5,1,Suburb,2016,194150.9978
2581,5,2,Suburb,2010,184893.6322
1027,4,2,Suburb,1957,113686.754
2542,5,1,Urban,1955,286196.5109
1743,5,2,Rural,2006,122864.4504
2222,3,1,Urban,2005,288690.0809
2629,2,3,Suburb,1971,358335.6555
2105,3,2,Urban,1999,257634.0093
2111,4,2,Rural,1985,253130.6146
2413,3,1,Urban,1986,109236.6712
2721,2,1,Suburb,2011,270632.8948
2778,3,3,Urban,1978,297307.0127
1579,5,2,Rural,2014,245512.3527
2846,2,2,Suburb,1956,265573.4933
1450,4,2,Rural,1958,226160.3399
1432,3,2,Urban,1960,210377.2251
1373,3,1,Urban,2010,194793.2474
1434,5,3,Rural,1953,188791.9105
2210,2,2,Urban,2011,119683.6424
2774,5,3,Rural,2012,327512.9831
2413,3,1,Urban,1989,341225.7764
1217,3,1,Rural,1970,179959.4347
2131,2,1,Rural,1974,285497.0885
2842,3,3,Urban,1991,245443.1293
2573,2,3,Urban,1998,230993.9146
2930,4,2,Rural,1978,297140.6296
1947,3,3,Rural,2010,268776.0122
1348,2,3,Rural,1959,174830.9165
1787,2,2,Suburb,1990,231117.3294
2545,5,1,Urban,1995,289049.8527
1025,3,1,Urban,2008,126503.634
2071,5,3,Rural,2018,158672.2418
1858,2,2,Rural,2007,140174.4999
1369,4,3,Urban,1953,192617.4014
2037,4,3,Rural,1990,132811.1762
2635,3,1,Rural,1966,276319.7554
2210,4,2,Suburb,2003,232323.6793
2547,3,3,Urban,2013,350460.7841
1883,3,3,Suburb,1996,234241.8724
2914,2,3,Suburb,2021,361311.0947
1278,2,1,Rural,2004,156546.2263
1340,2,1,Rural,1990,199646.0042
2351,5,3,Suburb,1962,304184.8698
2702,2,2,Rural,1999,238009.5063
2657,3,1,Suburb,1989,281320.3422
2928,2,3,Suburb,2007,278252.2776
1606,5,1,Suburb,1982,221176.7588
2048,2,1,Suburb,1981,240806.8366
1528,4,3,Urban,1994,153739.5833
1425,3,1,Urban,1960,187325.0023
1028,4,1,Urban,1977,77529.49654
1955,4,3,Suburb,1988,227907.9628
1322,5,1,Suburb,1981,164575.2239
2876,4,3,Rural,2009,314360.5847
1312,2,3,Urban,1952,70858.82689
1583,3,3,Rural,1975,243201.4636
2293,4,1,Urban,1975,168258.7518
1761,4,2,Rural,1968,206274.0686
1294,3,2,Rural,2009,152237.9971
1655,2,1,Urban,1995,95094.25628
1785,4,1,Urban,1971,257913.3625
1222,3,3,Rural,1963,115892.345
1074,2,2,Rural,1984,150109.2802
1101,2,2,Rural,1954,144392.4716
2555,2,1,Urban,1983,244511.3417
2652,5,3,Suburb,1990,243769.0341
2709,2,1,Rural,1959,211843.0894
1884,2,1,Suburb,2004,181858.7577
1172,3,2,Urban,1996,222123.1674
2027,5,1,Rural,1960,250922.9043
2875,2,2,Urban,2017,363486.2726
2502,4,1,Suburb,2021,277092.2262
2683,5,2,Urban,2001,273092.8589
1394,3,2,Rural,1980,163492.3421
2649,5,2,Rural,1974,292108.0511
1832,4,2,Urban,1983,122571.7033
2003,5,3,Urban,1976,249113.8959
2937,4,2,Rural,2014,265156.1005
1166,2,3,Urban,1962,71408.26104
1299,2,3,Urban,1987,153612.4452
1117,5,1,Rural,2015,160522.0443
1511,5,2,Urban,2014,185731.7941
1611,3,1,Urban,1951,184736.4688
2809,3,1,Rural,1981,301053.6556
2198,4,2,Suburb,1988,228541.5689
1158,2,2,Urban,1982,114972.9948
2407,5,1,Suburb,1985,276340.4413
2250,2,1,Urban,1970,267852.5675
2958,5,2,Rural,1954,311102.3031
2061,4,3,Rural,1963,141496.5501
1462,2,3,Urban,2003,169664.9536
2454,3,1,Urban,1961,253586.0945
2733,4,3,Suburb,1984,303836.6253
2671,2,1,Rural,2016,264542.5032
1103,4,2,Suburb,1969,108138.5692
1981,5,1,Rural,2021,292263.3421
2216,2,3,Rural,2008,197279.2306
1249,2,3,Suburb,1966,239597.1294
2036,2,3,Suburb,2005,185145.5488
1566,3,2,Rural,1981,160833.2744
2879,4,2,Urban,1964,350030.3873
1596,3,2,Urban,1992,255863.5925
1620,3,3,Urban,1971,227253.2454
1554,4,2,Rural,2015,255305.8206
2411,4,2,Rural,1960,303818.2799
1070,2,2,Rural,1990,91661.35323
1955,2,1,Urban,1995,265633.9112
2803,4,3,Suburb,1958,208395.5426
2594,2,3,Urban,1988,316380.87
1972,5,3,Rural,2015,264579.2442
1437,2,2,Urban,1998,210263.3735
2067,4,2,Rural,1991,200251.6921
2295,3,2,Rural,1963,216608.4116
2925,4,1,Suburb,2013,252138.4845
2037,4,1,Suburb,2014,222507.8008
2394,3,1,Rural,1961,231585.528
2135,5,2,Urban,2020,201302.364
2402,2,2,Urban,1994,171689.028
1313,5,3,Suburb,1956,156629.9691
2438,3,1,Rural,1972,245983.3231
2763,5,2,Suburb,2010,325022.589
1484,3,1,Suburb,2014,113712.6845
1168,4,1,Rural,2004,68718.29455
1887,5,2,Suburb,1985,212564.1097
1802,2,1,Urban,1992,255583.9763
1245,2,1,Suburb,1959,239040.5389
1265,3,2,Rural,1962,126388.7774
1848,4,2,Urban,2012,187426.2045
1242,5,1,Urban,2007,59456.42819
2693,5,3,Urban,1980,325564.6604
2323,3,3,Suburb,1992,222247.8247
2974,5,3,Urban,1972,302318.7843
2350,2,2,Rural,1984,238433.4612
1529,2,3,Urban,2008,224221.7187
2618,5,2,Rural,2004,304067.9046
1846,5,1,Rural,1977,244231.7729
2766,4,2,Suburb,1997,386668.4754
2003,4,3,Urban,1968,194380.7621
1341,5,3,Rural,1965,204144.6827
2788,5,3,Urban,1988,294402.707
2702,3,3,Rural,2016,242475.4897
2577,4,3,Suburb,1954,291407.6599
2272,5,1,Urban,1986,318424.686
1759,3,1,Urban,1975,228881.5488
2973,4,1,Rural,1977,278818.4918
2403,3,1,Rural,2004,202530.6407
1797,5,2,Suburb,1975,220330.5542
1531,2,3,Suburb,1983,165690.2297
2917,2,3,Suburb,2017,247542.6384
1863,2,1,Urban,1956,239462.9624
2404,2,1,Rural,1983,222120.1281
1041,5,1,Rural,1994,106409.2792
2368,2,2,Urban,1993,314280.2791
1598,2,2,Urban,1954,180219.6949
2284,5,1,Rural,1994,302864.2331
1305,4,3,Rural,1989,178603.6464
1808,4,2,Urban,1974,277866.4638
1861,4,1,Urban,1959,131936.5593
2263,3,1,Suburb,1985,295901.4436
1678,4,1,Suburb,1993,233860.5333
2336,5,3,Suburb,1970,270147.119
1730,4,2,Suburb,1970,190556.9626
1440,3,3,Urban,1988,169998.0192
1932,3,2,Suburb,1991,117579.5532
1902,2,3,Rural,1987,289189.6556
1132,5,2,Suburb,1953,132134.5703
1718,4,3,Rural,1995,223568.391
1050,4,1,Suburb,1994,205549.3083
1617,5,3,Rural,2003,172454.6291
1391,5,1,Rural,1968,162303.1541
1695,5,3,Suburb,1967,213951.8974
2736,5,1,Rural,1987,345579.2659
1522,5,1,Urban,1967,169711.1214
2789,5,3,Urban,2004,227966.8274
1507,5,3,Urban,1996,113224.9158
2685,3,3,Urban,1954,288547.0981
1353,2,3,Urban,1976,86026.99907
1866,4,3,Rural,1972,119588.4799
1972,3,1,Rural,1954,243613.4813
2418,3,1,Rural,1958,307346.3636
1955,4,2,Suburb,2020,224870.8189
1095,3,2,Urban,1950,156412.7468
1105,5,2,Rural,1986,117022.8052
2678,3,3,Suburb,1976,326452.4833
1677,4,3,Suburb,1987,126938.0964
1512,2,3,Urban,2008,250803.82
2581,4,3,Rural,1991,248888.212
2265,2,1,Urban,2021,204051.3286
1855,5,1,Suburb,1970,158435.0637
2962,3,1,Suburb,1962,274000.4896
2511,4,2,Rural,1983,233853.9425
1789,4,2,Suburb,1966,145892.1518
1514,2,1,Rural,1998,152667.8796
2677,3,1,Rural,1973,271076.6919
1897,4,1,Urban,2005,189678.6637
2084,4,1,Rural,1994,266365.7566
2439,3,1,Suburb,1985,325600.0353
2007,5,2,Urban,1992,210906.0656
2317,2,3,Suburb,1982,314205.7616
1736,4,3,Urban,1984,116667.3155
1301,3,1,Rural,1978,152220.727
2193,5,3,Suburb,2017,288223.5536
1645,4,1,Rural,1962,199409.3532
2064,5,1,Suburb,1979,250815.4088
1230,4,3,Urban,2015,129968.5781
2432,4,3,Suburb,2002,301321.6258
1737,5,3,Suburb,1991,235053.6347
2674,2,1,Suburb,1976,258723.4389
2645,5,2,Urban,2016,333776.5511
1996,3,1,Urban,1975,261967.6233
1296,4,3,Urban,2010,111704.9411
1454,5,1,Urban,1992,187821.864
2080,5,2,Rural,1973,236672.0424
1941,4,2,Urban,1960,223065.2429
2658,4,1,Urban,1979,309377.1266
1239,5,1,Rural,1952,158398.8788
2621,2,2,Urban,1957,256762.2225
2199,4,3,Rural,1978,202725.3664
2086,5,3,Suburb,1997,192814.5096
1550,3,1,Suburb,1986,282871.3991
1137,2,3,Rural,1975,171427.7284
1453,3,3,Rural,1961,199637.6576
2776,4,1,Rural,1968,268204.5354
2472,4,3,Rural,1976,284973.8045
2249,2,2,Rural,2002,306953.8016
1442,4,1,Urban,1970,198057.6805
2229,3,2,Rural,1977,194640.162
2699,5,3,Rural,2020,276824.5814
1026,5,2,Suburb,2007,110499.1105
1456,3,2,Urban,2012,135940.5244
1694,3,2,Suburb,1976,204143.2505
1709,4,2,Urban,2019,162969.8587
1848,4,2,Rural,1998,265168.7494
1948,2,1,Urban,2020,267322.2629
1106,5,1,Urban,1993,139966.2383
1443,2,2,Suburb,2007,124403.1541
2724,3,2,Suburb,1990,301999.6045
1035,3,3,Rural,1958,67728.09637
1596,2,1,Suburb,2017,146137.7038
1154,2,1,Urban,1991,116554.3255
2192,5,3,Suburb,2006,253620.443
1795,3,3,Urban,1962,174600.8091
1271,2,1,Suburb,2014,145946.8146
2570,5,3,Rural,1998,315957.3211
2443,4,1,Rural,2020,263395.9337
2207,4,2,Urban,1977,257359.4179
2634,5,1,Suburb,2006,286595.157
2260,2,3,Suburb,1992,285389.2527
2938,5,1,Suburb,1986,409278.4039
2532,5,2,Urban,1973,233956.2416
2464,2,2,Rural,2017,269139.6211
1980,4,1,Rural,2002,198654.5161
1121,5,2,Suburb,1963,135798.5998
2440,4,2,Urban,1959,255750.7705
2558,5,1,Suburb,1969,246121.5599
2398,3,2,Urban,1991,269008.9618
2598,2,1,Urban,2015,333331.6164
2349,4,2,Suburb,1985,225040.7855
2503,2,3,Urban,1980,232894.73
1149,4,1,Suburb,2011,65789.65442
1706,4,3,Urban,1993,156970.8131
1994,2,3,Rural,1983,278516.1468
2615,5,3,Urban,2001,390300.7673
2513,5,2,Suburb,1991,348805.5257
2850,3,1,Suburb,1971,321551.4649
1152,4,1,Suburb,2020,144462.6174
2040,2,3,Urban,2018,268153.7411
1550,4,3,Rural,2007,176524.5945
1844,5,2,Urban,1990,223079.1863
2371,2,1,Urban,2008,158110.3286
2482,2,1,Urban,2000,370742.2109
2225,4,2,Rural,2002,265805.4853
2446,3,1,Urban,1951,327993.0211
1279,5,3,Urban,1975,124101.2239
1421,5,3,Rural,2016,180202.6553
2623,4,1,Urban,1997,279651.436
1992,4,3,Urban,1952,152935.9582
2488,3,1,Urban,2006,280683.18
2976,5,1,Suburb,1990,353801.8214
2835,3,2,Rural,1967,360861.1992
1803,2,2,Suburb,1993,224220.666
1354,2,1,Rural,2005,164262.9963
2605,3,3,Urban,1997,257813.9861
1377,3,2,Rural,1966,125722.1181
2147,4,3,Urban,2019,291157.2204
1079,5,1,Suburb,2003,195326.2997
2580,5,3,Urban,1964,333132.6065
1987,5,1,Urban,1997,186428.2635
1232,3,3,Suburb,2018,165878.2764
2503,4,1,Rural,1983,207087.6456
1153,4,2,Suburb,1992,207805.4741
1906,4,2,Rural,1998,153261.0143
2715,3,3,Rural,2019,257061.9834
2432,3,3,Urban,2013,343935.072
2054,4,2,Suburb,1971,258642.4268
2620,3,2,Rural,2010,244579.9412
2580,2,1,Suburb,1991,273937.1819
2526,5,2,Suburb,1984,389120.2146
1370,5,1,Suburb,2002,156033.3818
1322,5,2,Suburb,1998,153087.2206
1331,2,1,Urban,2018,92531.68429
1242,4,1,Urban,1971,142952.1912
2575,5,1,Urban,1984,286832.7966
1429,3,3,Rural,2019,214270.2571
2205,2,1,Suburb,1998,242540.9776
1808,4,2,Urban,1997,226673.6143
2496,2,2,Urban,1960,300578.1155
1375,5,2,Urban,1986,207382.8497
1080,4,1,Rural,1998,124560.9862
2573,5,3,Suburb,1965,280407.3526
2891,4,1,Suburb,2018,336817.7084
1419,5,3,Urban,1968,221080.8128
1466,4,3,Suburb,1979,227503.9984
2451,2,2,Rural,1980,238218.6094
2080,4,2,Urban,1968,206839.7343
2345,4,2,Suburb,2020,343005.3022
2565,2,1,Rural,1955,301875.5401
2518,4,2,Urban,1994,246837.0849
2289,2,2,Suburb,2011,305121.6363
2250,5,1,Rural,1968,117180.8781
1828,5,1,Suburb,1978,213058.011
2982,5,3,Rural,1997,298293.1381
1803,4,3,Urban,1991,168443.277
2077,3,1,Urban,2020,288326.8059
2632,3,1,Suburb,2015,305990.4479
2984,5,3,Urban,1999,305297.3234
1977,2,2,Rural,2012,333636.6868
1003,4,3,Rural,2011,109175.0024
2462,2,2,Urban,1985,276805.7389
2333,4,3,Urban,1959,224179.0271
2902,2,2,Rural,2003,440910.2619
1602,5,3,Rural,1992,160593.2052
2112,3,2,Rural,1965,185202.5404
1319,2,3,Suburb,1998,152827.8708
2398,5,1,Suburb,1995,357606.4727
2627,3,3,Suburb,1964,218176.2305
1500,3,1,Rural,1954,119757.9099
2685,3,3,Urban,2018,327734.9044
2257,2,1,Rural,2017,169494.4171
2944,2,3,Suburb,2004,379489.0148
2360,3,3,Suburb,1957,251381.1698
1570,2,1,Urban,2007,172571.4259
1184,5,1,Rural,2003,113140.2463
2461,4,1,Suburb,1954,240119.6245
1555,3,2,Rural,1993,146829.7014
2203,4,3,Urban,1956,290679.226
2099,3,2,Urban,1955,288978.6819
2679,4,2,Urban,2005,371759.4035
2636,3,2,Rural,1968,289856.4623
1892,5,2,Rural,1987,202829.7455
2295,3,1,Urban,2011,221162.9125
1054,5,1,Rural,2018,56002.43913
2724,3,2,Urban,1996,207053.0418
1862,2,2,Rural,1959,194896.2416
2870,4,1,Rural,2000,311424.416
1076,5,1,Urban,1956,121370.0898
1295,3,2,Urban,1965,160242.489
2242,2,2,Urban,1979,360044.5148
2300,3,1,Rural,2011,249378.9545
2601,4,1,Urban,1986,326440.7374
2671,3,3,Suburb,1963,302152.6209
1745,2,3,Rural,1997,161550.723
2734,3,3,Rural,1966,268890.6678
2289,3,3,Urban,1957,234117.8365
2976,5,2,Rural,1962,428265.9306
1899,5,1,Rural,1978,204905.2978
1042,3,2,Rural,2016,204066.459
2384,3,3,Suburb,2021,244902.3662
2251,2,3,Suburb,1954,247246.7976
1226,3,2,Urban,2011,133642.0901
2086,4,2,Rural,1985,219686.8102
1170,5,1,Suburb,1984,138015.5583
1962,4,3,Urban,1999,220226.4063
1761,3,3,Urban,1954,239325.4134
1849,2,2,Urban,1962,114223.2002
2785,4,1,Rural,1973,422390.8074
1306,3,2,Urban,1974,195759.3142
2773,5,2,Rural,1958,222183.2911
1567,3,2,Urban,1973,161601.2799
2706,5,3,Urban,1977,320820.6826
2943,2,1,Rural,2003,255738.6611
1991,5,2,Rural,2019,124112.6143
1033,3,2,Suburb,1967,130042.0779
1826,2,1,Urban,2002,234166.6477
2665,5,3,Rural,2009,291723.0372
1129,5,2,Urban,2018,214619.5917
2417,4,2,Urban,1982,292805.771
2174,5,3,Suburb,1958,185368.4105
1654,3,3,Suburb,2000,117098.3581
1629,2,3,Urban,1996,152874.4259
2739,3,2,Rural,2002,366567.5947
2407,5,3,Urban,2018,243068.3725
2770,3,2,Urban,1999,184668.336
2040,4,3,Rural,2010,206693.8973
1593,3,2,Urban,1955,187501.3542
2037,2,3,Rural,1990,230874.4037
1080,2,2,Rural,2011,283002.7731
2230,5,1,Rural,1978,245551.5531
1203,2,3,Rural,2002,108935.7185
2402,3,3,Suburb,1983,228337.861
2807,5,1,Rural,1971,386144.2452
2567,3,2,Rural,1987,276153.8138
1022,4,1,Urban,1952,130734.1836
1613,3,1,Rural,2002,103521.5488
2185,2,2,Suburb,1997,224123.429
2633,2,3,Urban,1975,265103.0945
1143,4,3,Suburb,1975,162392.2164
2953,5,3,Urban,2018,213506.467
1103,2,1,Suburb,1977,150400.5136
2405,2,2,Urban,1969,331955.7657
2478,2,3,Urban,2001,246393.5867
2440,4,2,Rural,1986,212549.2204
1323,4,1,Suburb,1990,205143.4479
2194,2,3,Rural,2006,167956.0135
1575,5,1,Urban,1959,239431.674
2779,2,2,Rural,2010,368679.377
2606,3,3,Rural,2009,291830.0136
1273,3,3,Suburb,2004,168175.9744
1451,5,3,Rural,1952,184459.7899
1880,2,3,Suburb,2013,186296.1717
1124,5,1,Rural,2019,176440.705
2406,3,1,Urban,1975,261109.5397
1316,2,2,Rural,1966,143253.8468
2866,2,3,Rural,1974,301254.9798
1106,3,2,Urban,2012,118703.9226
2683,5,1,Rural,1976,244427.7348
1906,5,2,Rural,1962,230193.2946
2486,4,1,Urban,1963,273754.3929
1429,4,3,Rural,1969,150972.8875
1703,4,2,Rural,1998,161741.4935
2360,5,3,Urban,1992,308514.3692
2761,2,1,Urban,2002,307656.1214
2777,2,2,Urban,1956,229057.9878
2519,4,2,Urban,1972,242943.2713
1971,5,3,Urban,2012,338632.3857
1361,4,3,Rural,1974,105404.222
1795,5,3,Suburb,1951,172269.7134
1431,5,2,Urban,2010,151166.9304
1674,4,1,Rural,1972,252806.5761
2543,2,3,Urban,1980,348855.5355
1858,2,3,Suburb,1962,138549.7543
2429,5,1,Urban,2003,195778.896
2013,3,2,Urban,1988,198139.8836
2400,3,2,Suburb,1960,261080.1004
2175,3,1,Rural,2015,325416.5812
2345,4,3,Rural,1979,204343.6408
2630,2,2,Rural,2014,340157.4105
2237,3,3,Urban,1960,274590.4577
1575,3,3,Rural,2001,213383.8421
2088,3,1,Urban,2007,252848.1936
1892,3,2,Urban,1963,250329.6206
1269,4,1,Suburb,2013,202387.0153
2560,2,2,Suburb,1958,267313.0825
2123,2,3,Urban,1997,182150.0787
2128,2,3,Urban,1950,292774.2446
2154,3,2,Urban,1989,191349.9506
2412,5,2,Suburb,2007,260527.3809
2344,4,3,Urban,2011,259444.912
1437,4,3,Rural,2019,193471.5405
2042,4,1,Rural,2007,254734.0647
1224,2,3,Rural,1986,102628.7284
2641,2,3,Urban,1996,370816.3777
2589,4,2,Urban,1983,359468.136
1989,3,1,Rural,1968,228030.1267
1459,5,1,Suburb,2014,172176.3029
1393,2,2,Rural,2008,114812.2576
2249,2,2,Suburb,1951,239402.2003
1911,3,1,Urban,1968,211044.7178
2383,3,2,Rural,1996,169955.9451
2453,2,2,Urban,1976,305464.1202
2948,3,1,Urban,1957,426840.3993
1014,3,2,Urban,2017,102426.0061
1559,3,2,Urban,1986,179744.7175
2674,5,1,Suburb,1972,354433.9307
2003,5,1,Urban,2018,182934.1833
2569,5,2,Suburb,2003,190068.7601
2955,3,3,Rural,1963,313959.4332
1413,3,3,Urban,1993,212666.3772
2378,5,2,Urban,1977,238404.3661
2480,5,2,Rural,1955,251641.0708
2745,4,3,Suburb,1964,237869.861
2554,2,1,Rural,1990,170670.8433
1998,5,3,Rural,2017,277463.7015
2219,4,3,Rural,1986,361605.9358
2861,4,1,Rural,2006,375288.8735
1114,5,2,Suburb,2014,161986.8025
2440,4,1,Urban,1954,239603.1563
2375,5,2,Urban,1979,330741.0175
1975,2,2,Suburb,2014,239028.3449
2098,2,3,Rural,1968,174016.2827
2685,2,1,Suburb,1977,206604.9595
1035,5,2,Suburb,1973,73589.52591
1241,4,1,Urban,2021,136152.4519
2686,5,2,Urban,1960,326815.9212
1062,2,1,Rural,1959,150120.8673
1665,4,1,Suburb,2002,155176.2036
1508,3,2,Urban,1955,173861.4313
1187,2,1,Urban,2013,177319.1848
1734,5,2,Rural,1964,217794.2992
1092,5,2,Suburb,1975,103836.8161
1004,5,1,Rural,1970,80593.19509
2461,3,3,Suburb,2009,176385.021
2189,4,1,Suburb,1980,191694.246
2469,5,2,Rural,1960,282968.9673
1024,5,2,Suburb,1958,149400.1797
1507,5,2,Urban,1956,274691.7667
1097,2,1,Rural,1986,162596.9756
2291,2,3,Urban,1976,279534.2394
1661,3,3,Rural,1953,209431.1978
2416,4,2,Urban,2000,195731.3971
2787,4,2,Urban,2000,215504.1829
2619,5,3,Suburb,1971,370979.6386
2308,5,2,Rural,1956,214451.5084
1683,2,2,Suburb,1956,256803.2598
2756,2,2,Suburb,1997,242859.1551
2132,2,2,Rural,1956,287172.8045
1026,2,3,Rural,1953,141758.6055
2781,5,3,Rural,1973,387570.4764
1054,2,3,Urban,2000,27010.31351
2156,4,1,Urban,1968,287768.1224
2075,2,3,Suburb,1961,133730.6238
2516,3,2,Rural,2010,290383.9708
2788,2,1,Suburb,1953,273603.8747
1780,5,2,Suburb,1997,259323.269
1297,5,2,Rural,2011,149950.1094
2422,5,1,Suburb,1981,232390.3415
2614,2,2,Urban,1993,277365.1676
2041,4,2,Rural,1991,196578.5595
1817,5,1,Rural,1993,195872.2595
2793,4,3,Urban,2014,288704.6971
1854,5,2,Rural,1996,158162.9719
2642,5,3,Rural,1956,341975.2879
2932,4,2,Urban,2012,296342.1705
2987,3,2,Suburb,1983,333517.8765
1558,5,2,Suburb,1996,225511.9205
2269,4,1,Urban,1974,215109.4371
1502,5,3,Urban,2017,218398.4532
2112,2,2,Suburb,1989,213118.8212
1202,4,3,Urban,1959,133944.4412
1945,5,2,Rural,1955,260383.3238
1239,3,1,Suburb,1981,145726.9358
1489,2,3,Urban,1980,174384.3361
2803,5,1,Rural,1975,350515.0275
2036,2,3,Urban,1992,218523.9217
1648,3,3,Urban,1974,222590.2423
2338,4,3,Suburb,2020,234001.9664
1684,5,2,Urban,2016,223503.8817
2765,4,1,Rural,1954,299780.7836
2221,5,2,Urban,1993,283750.573
1242,5,2,Suburb,2020,66857.67527
1506,4,1,Rural,2014,197431.3877
2066,4,3,Suburb,2011,259597.852
2353,5,1,Suburb,1993,290927.8697
2814,3,2,Suburb,2021,338913.0782
2614,3,2,Urban,1998,257664.8915
2452,5,3,Urban,1967,253345.283
2814,4,2,Urban,1979,266295.0892
2767,3,2,Rural,1960,239809.8215
1612,5,2,Suburb,1964,251253.0028
1161,2,2,Rural,1998,132719.8605
1655,5,2,Urban,1982,272385.6213
1958,4,2,Rural,1999,196378.475
1620,5,1,Suburb,1963,146165.6981
2458,2,2,Rural,1978,211183.2238
2256,2,3,Rural,1997,351405.8317
1110,5,3,Rural,2008,50290.21313
2951,2,1,Urban,1967,331076.763
1933,5,2,Urban,2012,202142.2125
2255,4,1,Suburb,1974,119613.5127
2975,4,1,Suburb,1963,273662.8183
1749,4,3,Urban,2011,163510.6358
1708,3,3,Urban,1986,180216.853
1272,5,1,Rural,1981,155240.5213
2621,4,2,Rural,2009,221685.9099
1806,5,3,Urban,2004,193897.877
1040,2,2,Rural,1999,71016.63066
1559,4,2,Suburb,2008,191335.3236
1465,3,1,Urban,1957,189935.2995
2947,4,1,Rural,1975,307539.9557
2100,3,2,Suburb,1953,282265.079
2713,2,3,Urban,2009,263513.4236
1489,5,3,Urban,1962,137881.1845
2792,2,3,Urban,1974,349496.7766
1116,2,3,Rural,2010,110522.4055
1433,2,2,Rural,1975,89640.01684
2042,2,3,Urban,2000,206820.9629
1993,2,3,Urban,1965,211705.248
2594,5,1,Rural,1958,240713.1857
1195,3,3,Rural,1993,158786.2615
1618,2,1,Rural,1980,240879.9388
2474,4,3,Urban,1972,207466.2666
1424,3,1,Rural,1986,185062.0565
2417,3,2,Urban,2002,361200.1604
2307,4,3,Urban,1952,277447.9178
1033,4,1,Urban,1972,101717.8801
1294,4,3,Suburb,1992,187497.7038
2006,4,2,Urban,2020,175521.647
2274,4,2,Urban,2015,227072.6407
2661,2,2,Urban,2008,334629.6571
1338,3,2,Rural,2013,208784.7812
1617,4,3,Rural,1965,166360.1125
2463,4,2,Suburb,1968,308844.7701
1179,5,3,Urban,1987,242450.4746
1621,3,2,Rural,1951,209920.7638
2251,3,3,Suburb,1972,157701.5746
2656,2,2,Suburb,2002,270336.6673
1618,3,2,Urban,1951,191385.3386
1642,4,1,Urban,2006,124936.2588
1022,5,2,Rural,1982,133231.7427
2680,3,3,Urban,1995,293669.8112
2350,5,1,Rural,1999,266383.3685
2177,4,2,Urban,2011,218280.4818
1618,5,2,Rural,1972,134690.3769
2169,3,1,Suburb,1981,238870.9355
1251,3,3,Suburb,1995,112502.969
1301,2,1,Suburb,1972,187485.8462
2093,4,1,Suburb,1962,279190.0129
2566,2,2,Urban,1961,283146.6072
2116,2,3,Suburb,1968,278724.7676
2672,4,3,Suburb,1952,342146.0192
2909,3,1,Rural,1967,355278.245
1162,5,1,Rural,1953,157375.6688
2104,2,2,Urban,1964,169781.7847
2851,3,2,Urban,1965,342110.3451
2611,3,1,Rural,1976,315898.2594
2086,2,1,Rural,1971,188707.2127
1611,2,3,Urban,2010,178099.4785
2459,2,1,Rural,1971,362531.3958
2071,3,2,Suburb,2010,281421.5328
1444,4,1,Urban,2004,215872.25
2943,4,3,Rural,1997,342531.1345
1073,2,3,Urban,2001,42998.37499
1825,5,3,Rural,2014,240577.2005
2727,3,3,Urban,1953,245766.9663
1541,5,3,Suburb,2007,177641.3861
1156,2,2,Suburb,1998,176559.4434
2510,3,3,Rural,2005,356903.8266
2289,4,2,Suburb,1965,133701.24
1255,4,2,Suburb,1994,205619.6369
2062,5,3,Rural,1996,182162.9179
2078,2,3,Suburb,2011,131146.0062
2051,5,2,Rural,1970,179851.9189
2937,2,2,Rural,1972,332994.2096
1936,4,3,Suburb,1969,218328.5279
1117,3,2,Urban,2018,119088.5074
1369,4,1,Urban,1981,180693.8213
1208,5,1,Rural,1968,100635.1741
1586,3,2,Rural,1973,186234.7765
2600,2,2,Rural,1960,274915.3605
1848,4,2,Urban,1966,274279.4749
2891,2,1,Suburb,1979,340880.1891
2635,4,2,Rural,1995,271421.5232
2581,2,3,Suburb,1984,311549.6355
1315,4,1,Urban,1964,204282.1248
2416,4,2,Suburb,2020,252308.9157
2964,2,1,Rural,1951,395018.1659
1443,4,1,Rural,1952,254038.9757
2691,4,1,Rural,1998,261936.6635
2775,4,3,Rural,2000,300479.4506
2888,5,3,Suburb,1983,371060.5593
2282,4,3,Rural,2020,289454.5508
2970,2,1,Urban,1999,349531.8323
2671,2,2,Urban,1950,315432.4001
2905,5,1,Suburb,2014,350462.9434
2221,4,2,Rural,1978,237750.6522
2722,5,2,Suburb,1954,333678.082
1627,5,3,Rural,2016,227498.4711
1444,4,2,Urban,2009,157260.8601
1569,2,2,Suburb,1979,99778.05039
1581,4,3,Urban,2014,185053.5739
1604,5,2,Suburb,1966,139689.1755
1740,3,3,Urban,1988,169399.9841
1907,5,1,Urban,2004,217648.5021
1648,2,2,Rural,1953,146881.9892
2640,4,3,Urban,1989,308881.1032
1304,3,1,Urban,2001,73563.64457
1338,5,1,Suburb,2015,242006.2076
1528,5,3,Suburb,2004,67356.26468
1053,5,2,Rural,2001,68373.53866
2135,4,2,Suburb,1961,221597.0471
1683,4,2,Suburb,1955,94989.96107
2951,5,2,Suburb,2010,256406.35
1418,4,3,Suburb,1990,258420.3454
2997,3,1,Suburb,2010,322241.4994
1304,3,2,Rural,2003,87087.40929
2461,2,3,Rural,1993,238926.4036
2679,4,3,Suburb,1982,308012.335
1084,4,2,Urban,1994,41000.2631
2547,5,2,Rural,1979,168915.7789
1251,3,1,Suburb,1959,170418.4618
2751,4,3,Urban,1957,286125.4255
1125,4,3,Urban,1972,137851.8029
1609,4,1,Rural,1953,173427.5889
2927,5,2,Urban,2002,345043.7713
2428,3,2,Urban,1982,252123.613
1303,4,2,Suburb,2017,155597.2272
2927,4,2,Suburb,1964,295459.9991
2051,5,1,Suburb,1961,258831.4965
1847,2,3,Suburb,1969,190755.5013
2289,5,2,Suburb,2011,267108.5771
2075,4,1,Suburb,1984,301251.8395
1654,3,1,Urban,1980,250970.1781
1643,3,3,Suburb,2005,143349.5466
1857,4,1,Urban,2020,195979.3348
1510,2,3,Suburb,1992,206627.8934
1206,5,2,Rural,2013,223231.138
1573,4,3,Urban,1981,140779.0961
1874,4,2,Suburb,1976,290354.7567
1510,4,2,Urban,1972,222314.4346
2667,5,2,Urban,1993,254608.8313
2576,3,1,Suburb,1984,292123.7506
1200,5,1,Suburb,1987,163089.8719
2634,4,1,Urban,1998,249539.7856
1822,3,2,Suburb,1999,234374.5424
2307,2,1,Rural,1953,229984.9541
2380,4,2,Urban,1961,220095.4305
2070,3,1,Rural,2000,284320.0883
2019,3,2,Urban,1961,172228.7544
1136,3,2,Rural,2012,105664.706
1129,4,3,Urban,1980,235300.727
2218,2,2,Urban,1994,206133.6062
2017,3,3,Suburb,2020,319106.8124
2652,4,3,Urban,1972,340387.2618
2387,3,2,Rural,1990,227755.2445
1431,5,1,Urban,1982,208044.5573
2092,3,1,Urban,1988,297091.5314
2481,4,3,Suburb,2007,358591.7933
1539,3,2,Suburb,2013,208848.0122
1334,3,2,Rural,1993,166326.1383
1525,5,2,Rural,2005,183879.3234
1557,5,3,Suburb,1985,189020.7108
1908,4,2,Rural,1966,309951.8475
2039,2,1,Urban,2010,163805.4579
2959,2,3,Rural,1991,367290.8469
2479,2,3,Rural,1997,211733.405
1509,2,3,Rural,1957,228844.1865
1208,4,1,Rural,2005,145639.5951
2181,4,1,Rural,1994,237214.7774
2360,5,3,Suburb,1968,286990.7907
2762,5,1,Rural,1972,374285.585
2984,2,1,Rural,1980,363023.7579
2264,5,1,Rural,1994,274960.5498
1057,4,2,Urban,1952,107251.3527
1815,2,2,Suburb,1965,164821.94
2328,3,3,Rural,1990,271044.9711
2368,3,3,Suburb,1951,221858.3407
2665,3,2,Suburb,1987,275942.307
2752,5,3,Rural,2013,232091.1586
2037,2,2,Suburb,1967,230351.2719
2382,3,2,Suburb,1952,259308.8151
1376,2,3,Suburb,1963,121557.5571
1242,4,2,Urban,1970,105144.6222
1992,3,3,Suburb,1993,211837.8674
2168,3,1,Rural,2013,223704.8891
1890,3,1,Suburb,1997,250187.381
1414,4,2,Urban,2017,183186.5156
1393,2,2,Suburb,2011,134729.7566
2861,3,1,Urban,1998,345098.7111
2638,3,1,Rural,1983,218425.1329
1728,2,2,Urban,2020,194415.7402
1357,5,1,Rural,2005,167354.2729
2956,5,2,Suburb,2003,379019.3987
2599,3,1,Suburb,2018,323742.5315
2181,3,1,Rural,2005,237989.6634
1673,5,2,Urban,1989,197250.8052
1017,5,2,Suburb,1953,153137.6643
1727,3,2,Suburb,2011,158463.6646
2854,2,2,Urban,1972,260620.9172
1560,5,3,Suburb,2017,199568.3876
2591,3,3,Rural,1967,366079.7445
2370,4,2,Rural,2017,257819.1565
2081,2,3,Rural,1990,262677.9041
1154,3,1,Suburb,2020,124659.9799
2590,4,2,Rural,2003,239042.7901
2510,5,3,Urban,1995,306978.8587
2876,4,2,Rural,1998,283924.4289
2554,4,1,Suburb,1950,235426.5661
1486,4,1,Urban,1953,191147.6387
1150,5,2,Suburb,2013,166348.179
2382,4,3,Urban,1982,333688.7239
1367,5,2,Rural,1981,209502.5999
2643,3,2,Rural,2002,312974.3698
2070,4,1,Urban,1971,273344.3229
1206,2,2,Urban,1954,40976.86803
2898,3,3,Rural,1963,296441.2996
1449,5,2,Suburb,1974,188040.8272
2506,3,2,Rural,1954,321222.155
2970,4,1,Suburb,2007,246483.2272
2875,5,1,Rural,2018,235732.755
1923,4,1,Urban,1953,136758.3417
2663,3,1,Suburb,1991,259067.1789
1696,2,3,Rural,1961,205554.3148
1569,3,1,Rural,1987,100536.7
1142,3,2,Suburb,1981,118002.1683
2423,4,1,Urban,1986,289747.0988
2120,2,3,Urban,2019,227652.4731
2070,4,3,Rural,1987,163562.0066
1190,4,1,Urban,1971,167498.5775
1139,4,1,Rural,1970,174405.8121
1614,5,1,Urban,2019,144137.4628
2254,4,1,Suburb,1994,226892.3591
2962,2,2,Rural,2019,261404.3077
2363,4,2,Urban,1965,373349.3992
1924,4,3,Rural,2010,218038.1358
2514,2,1,Urban,1972,235137.5215
2072,3,1,Suburb,1997,237732.6451
2922,4,2,Suburb,2003,261893.8167
1623,3,1,Suburb,1961,193221.129
2476,4,2,Rural,1960,278306.7005
2339,4,3,Rural,1952,309652.3338
2345,5,3,Suburb,1950,192842.4572
1086,2,1,Suburb,2016,124232.5895
2917,2,1,Rural,1973,316092.6834
2497,3,1,Suburb,1987,245814.242
1281,5,2,Rural,1983,240496.4643
2862,4,2,Suburb,1960,261414.9161
1763,5,3,Urban,1957,215145.2497
2097,2,2,Rural,1951,179617.3452
1452,4,1,Suburb,1999,122931.7784
1046,4,3,Rural,1958,221393.7079
2611,3,1,Suburb,1972,256970.5837
2119,5,2,Rural,2011,258905.9151
1937,4,2,Suburb,1961,163350.7394
1030,2,1,Rural,1994,104013.723
1533,3,1,Suburb,2009,202501.0981
1016,2,3,Urban,1964,70269.43705
2235,3,2,Rural,1998,226449.3061
2683,5,2,Suburb,1989,326489.4809
2258,3,3,Suburb,2008,351539.5517
1391,5,3,Suburb,1989,133875.1205
2006,5,2,Urban,1990,261763.7378
1353,4,3,Urban,1992,198307.6215
1304,5,2,Urban,1995,189117.5948
2622,3,2,Urban,1984,261644.8426
2573,3,3,Rural,2006,237383.4961
2588,4,3,Suburb,2015,350238.4752
2563,3,3,Rural,1975,212501.2585
2612,5,2,Urban,1999,258090.0962
2948,3,3,Suburb,1989,375409.9822
1508,2,2,Urban,1984,112251.5515
1711,2,1,Rural,1989,171995.8652
2418,4,3,Suburb,1979,348854.3062
2454,5,2,Urban,1957,254068.8091
1684,3,2,Urban,2018,154195.9496
1785,4,2,Urban,2015,135920.4705
2585,4,3,Suburb,1959,266074.8999
1856,5,3,Rural,2006,247867.0951
1176,4,1,Rural,1998,114158.0601
2429,2,3,Urban,1989,265219.5711
1300,4,1,Rural,1950,126661.7048
1444,3,1,Rural,2021,206907.4802
2762,2,1,Urban,2016,339890.4428
2150,2,1,Urban,1996,218928.5926
2372,2,3,Rural,2018,330386.882
1020,3,1,Rural,2019,127869.2439
2015,5,3,Suburb,2007,243848.7451
1710,4,3,Urban,1974,119368.7191
1700,4,3,Suburb,1996,185588.435
2867,2,3,Rural,1991,304237.7818
2443,2,3,Suburb,1992,279204.5293
1151,4,2,Urban,1988,109166.0926
2183,3,3,Suburb,1973,198918.28
1858,2,3,Rural,2014,274990.8509
2503,2,1,Urban,2006,302109.9183
2466,3,1,Rural,1984,345859.8978
1095,5,1,Rural,1992,90371.85854
2375,2,1,Suburb,1989,273013.1839
2098,5,1,Urban,1988,234012.1246
1877,3,1,Rural,1956,155414.1131
2617,4,3,Urban,1965,278389.9727
1639,4,3,Suburb,1995,125099.3813
2382,5,1,Suburb,2000,235700.3864
2156,2,2,Urban,1960,263828.5303
1399,4,2,Rural,1985,226755.2705
2162,3,3,Suburb,1979,205719.5384
1245,2,3,Suburb,1975,215825.8143
2314,5,2,Suburb,1983,166821.3728
1111,5,2,Urban,1981,163514.8571
2738,5,1,Urban,1956,288571.2265
2193,5,2,Suburb,2021,230075.3469
2622,3,1,Rural,2003,181408.3842
2654,4,3,Urban,1986,267573.9689
2633,5,3,Rural,1957,267484.525
2263,4,1,Urban,2003,183751.3149
2360,4,3,Urban,1959,253199.231
2161,5,3,Urban,1986,253043.9761
2617,2,1,Rural,1961,282191.7367
2259,5,2,Rural,1953,224855.3003
2671,3,3,Suburb,1998,288379.3135
1793,2,2,Urban,1994,239964.2196
2026,5,2,Urban,1983,286330.776
2594,4,3,Urban,1964,330629.0519
1115,4,2,Urban,1963,180254.7489
2495,2,3,Urban,1984,277491.6165
2154,3,3,Rural,1965,301366.0909
1933,4,1,Suburb,1964,235308.4697
2921,3,3,Rural,2016,304254.6194
2506,4,1,Rural,2018,192292.2027
2424,2,1,Rural,1992,187247.9686
2224,5,1,Urban,2019,177777.9987
1291,4,1,Urban,1993,182267.7331
1341,2,1,Rural,1975,103295.4342
2014,2,2,Suburb,1989,177987.053
2633,5,1,Rural,2021,271722.7496
2239,5,1,Rural,1996,203529.7767
2659,2,2,Rural,1980,284591.435
1584,4,1,Rural,1952,101592.8143
2389,3,2,Rural,1984,288627.9682
2913,3,2,Rural,1999,336544.9397
2665,5,1,Rural,1973,284221.8736
2492,4,3,Urban,1971,249321.674
2441,2,3,Rural,1985,275938.4434
1026,3,1,Suburb,1983,174513.2151
2700,3,3,Urban,1986,197472.8238
1454,4,1,Urban,1984,199463.3014
1917,2,1,Urban,1950,195644.303
1579,5,2,Suburb,2002,162659.1812
1013,3,1,Suburb,1953,102034.4188
1097,4,1,Urban,1950,72584.56528
1278,5,3,Urban,1996,75043.575
2963,4,2,Urban,1988,354420.8053
1489,2,2,Rural,2013,194602.7492
1984,4,3,Rural,1982,229791.1065
1960,5,1,Rural,1976,270603.6217
2906,2,2,Rural,1979,358318.0706
2782,3,2,Urban,1991,334092.298
1623,5,3,Suburb,2019,238186.2298
1206,4,2,Suburb,2007,198512.1995
2887,3,1,Suburb,2019,326687.3217
2869,2,3,Suburb,1957,293801.6437
2256,5,1,Urban,1991,250215.3803
2596,2,2,Rural,1968,268939.7597
1596,2,3,Rural,1969,126042.2535
1694,4,1,Rural,2015,220245.9915
2262,4,2,Urban,2009,244341.1898
1249,4,1,Urban,1988,200216.3707
2606,3,1,Urban,2007,238563.5335
1739,3,3,Urban,1998,289534.6629
2620,4,1,Urban,2000,248149.3328
1305,3,2,Rural,1976,90924.24778
2931,5,2,Rural,1956,341714.9006
2486,2,2,Urban,2001,316084.4968
2806,4,2,Suburb,2016,308213.8498
2936,2,1,Suburb,1979,311972.5599
2825,2,2,Suburb,1975,275375.5767
2259,2,3,Suburb,1952,203240.8564
2314,5,1,Suburb,1992,253841.8586
2062,5,3,Urban,1985,211723.147
1997,3,2,Suburb,1977,259549.1559
1717,2,3,Suburb,1990,245319.5519
1182,3,2,Rural,2019,91123.24487
2722,2,1,Suburb,1994,207489.2365
1644,4,3,Rural,1951,251504.3265
1029,2,1,Suburb,1976,78683.06099
2411,2,2,Rural,2006,197678.0158
1766,5,1,Urban,2001,243601.3464
2166,4,3,Urban,1954,278431.755
1614,3,3,Suburb,2001,231805.0722
2442,4,3,Urban,2015,184774.9564
2004,5,2,Urban,1981,226139.4341
1073,5,3,Urban,2012,120820.9705
2078,2,3,Rural,1951,267479.3887
1961,5,3,Suburb,2006,233283.5652
2771,5,1,Rural,2006,223824.0567
2595,2,2,Suburb,1960,316529.4129
1023,5,2,Suburb,2018,102235.7702
2045,5,2,Urban,1999,257921.1705
1427,3,2,Urban,1975,127192.3301
2055,2,3,Rural,1983,180073.6465
1862,2,2,Urban,2007,193724.0854
1338,3,2,Rural,1951,135936.1409
2970,3,3,Suburb,1952,372937.2337
2538,3,3,Rural,1964,122223.7719
1511,3,3,Rural,1965,185804.6955
2093,2,3,Rural,2019,234934.8569
1671,3,1,Rural,2018,228975.5975
2921,3,2,Urban,2008,369517.5781
2111,5,3,Suburb,1950,211427.7712
1876,2,2,Urban,1995,222871.2251
1570,3,1,Urban,2015,173268.7986
1763,5,3,Rural,1951,153391.2319
2242,2,1,Rural,1962,198569.3162
1712,3,2,Urban,1964,204638.4893
1588,3,1,Suburb,2021,208455.3382
1766,5,2,Rural,2014,166791.9178
2782,4,2,Rural,1995,246609.3535
2293,2,2,Rural,2000,263609.6541
1818,5,2,Suburb,1982,176848.1543
2674,3,2,Urban,1986,237414.9685
1077,4,3,Suburb,2021,101864.6627
2615,4,3,Rural,1968,356040.1431
1009,5,1,Rural,1983,187152.5541
2491,5,1,Urban,2004,327611.8404
2359,5,3,Rural,1978,348707.3047
1635,2,2,Rural,2008,194419.4581
2209,4,2,Rural,1952,255315.6064
2569,2,3,Urban,1993,222726.1842
2144,4,2,Urban,1994,231053.5048
1591,2,1,Urban,2007,201763.744
1717,5,2,Urban,1989,187737.0733
1564,3,2,Rural,1958,141682.1307
2691,5,1,Urban,2021,331311.9083
2297,2,1,Rural,1992,228928.7799
1409,5,3,Suburb,2020,182363.6835
1357,4,2,Rural,1962,185537.02
2670,2,1,Suburb,1981,176432.4772
2964,5,1,Rural,1970,358303.6204
1097,5,1,Rural,2000,90847.33174
2006,3,1,Suburb,1965,229084.7344
1240,3,1,Suburb,1997,125482.3037
1556,5,1,Rural,1997,129347.9347
1710,4,3,Suburb,2006,221994.0565
2826,4,2,Suburb,2018,245197.4991
2971,4,2,Rural,1972,343427.5971
2137,5,2,Rural,2004,246644.3041
2510,3,2,Suburb,1973,171116.0559
2812,5,2,Urban,2019,321180.5617
2264,3,2,Rural,1953,267874.6045
1155,4,2,Urban,1959,91708.1771
1351,3,3,Urban,1961,112211.7682
1043,5,1,Rural,1991,132112.6548
1591,5,1,Urban,1979,268753.1422
2335,5,1,Urban,1950,197507.2453
1137,3,3,Urban,1968,221905.1553
2686,4,1,Suburb,1986,273546.4448
2967,5,3,Suburb,1971,373294.1007
1435,5,3,Suburb,1951,180676.1434
1753,3,3,Suburb,2015,198576.9431
1142,4,3,Rural,1988,87228.95182
2023,3,1,Suburb,1956,290781.3354
2846,2,2,Urban,1967,218147.0336
2322,2,1,Urban,1950,203689.943
2585,5,3,Urban,2014,313278.7521
1261,3,3,Suburb,1987,249066.3614
1511,3,3,Rural,2016,183880.9277
1672,5,1,Rural,1967,255018.4177
1061,2,2,Rural,1971,132850.112
2590,4,1,Urban,1957,278650.5368
2446,4,3,Urban,1987,344057.8545
2419,2,2,Urban,1952,216153.4945
2907,5,3,Suburb,1966,232164.3201
1030,5,2,Suburb,1956,154035.3634
2353,4,2,Suburb,1960,326261.5061
1948,4,3,Rural,1997,251101.1255
1801,2,1,Rural,1968,189982.6242
2192,2,1,Rural,1978,177115.7604
1265,3,2,Suburb,1977,168734.1675
1307,2,3,Rural,1977,163478.5187
1458,2,3,Rural,2010,246406.4737
2208,4,3,Rural,1985,254173.6503
1333,4,1,Rural,1973,24023.42142
1514,3,2,Rural,2004,129541.5455
1440,4,3,Suburb,1980,294901.3437
1672,4,1,Rural,1957,158156.1163
1390,4,1,Rural,1997,129986.6506
2795,2,1,Suburb,1967,204057.9877
1934,4,3,Urban,1989,225338.1423
1559,5,2,Rural,1961,187296.2188
1253,2,3,Urban,2001,120535.3972
2609,4,1,Suburb,2000,268567.3533
2358,2,1,Rural,2007,269364.1453
2423,4,2,Urban,1957,266607.1337
2189,3,1,Urban,1968,151386.081
2283,3,1,Suburb,1973,251792.4302
2027,3,1,Suburb,1979,209291.9997
2911,4,2,Urban,1981,334262.1088
1118,3,1,Rural,1960,191353.597
1995,2,3,Rural,1951,241646.2633
2946,3,1,Suburb,2015,379405.0305
1469,3,1,Rural,1977,249765.6677
2493,3,1,Suburb,1960,280695.3566
1784,3,1,Suburb,1976,210163.1219
2516,2,3,Suburb,2021,292138.8285
2761,5,3,Rural,1992,266829.2212
2887,3,3,Suburb,1956,278233.4172
2523,4,3,Urban,1974,270745.5938
2093,5,3,Suburb,1966,151609.4064
1693,3,2,Urban,2007,92511.08183
1864,5,3,Rural,1996,187474.087
1775,4,2,Urban,1969,164004.9349
2393,4,3,Suburb,2015,300053.5462
1180,3,2,Suburb,2015,35799.64963
2028,3,1,Suburb,1977,216599.6532
2220,4,3,Rural,1963,266690.6158
1046,2,2,Rural,1964,143868.9845
2993,5,1,Suburb,2007,370066.5145
2575,2,3,Rural,2017,253019.1278
1633,3,2,Urban,1968,194156.8898
2670,2,1,Urban,1996,269537.961
2163,2,2,Rural,1984,187463.6125
2885,5,3,Rural,1955,282820.4045
2688,3,1,Suburb,2021,210932.1741
2563,5,1,Suburb,1992,289815.5695
2450,4,1,Urban,1973,258074.7672
1588,5,3,Suburb,1979,153843.7648
2710,5,1,Rural,1992,339527.244
2584,4,2,Urban,1965,310995.1131
2877,2,3,Suburb,1970,349554.6165
1309,5,1,Rural,2020,161558.1965
1273,4,3,Rural,1960,116845.7445
2562,3,3,Suburb,1983,244313.8427
1839,2,1,Urban,1980,228471.8236
2413,4,1,Rural,1976,200370.0725
1458,2,1,Urban,2020,139365.6931
1732,4,2,Urban,1994,215520.1291
2657,5,1,Suburb,1961,251861.0814
1360,2,2,Rural,1986,140833.391
2017,5,1,Suburb,2016,176133.3814
2092,4,3,Urban,1994,214136.7844
2606,5,3,Suburb,2005,383759.3589
1661,5,1,Rural,1999,124125.374
1698,4,1,Rural,1999,232863.5748
2454,5,1,Urban,1982,280834.7462
1884,5,3,Urban,2005,40348.00961
1757,5,3,Urban,1977,142577.554
2731,3,3,Urban,1968,266070.1171
2055,3,1,Rural,2017,180352.6112
1620,3,1,Urban,1988,165810.1685
2888,2,3,Suburb,1959,305853.2754
2536,5,2,Urban,1955,385581.724
1181,5,1,Urban,2003,118758.4606
1685,5,1,Suburb,1993,139375.3138
1680,2,2,Suburb,2008,98164.3217
1247,2,3,Urban,1968,116647.2382
1619,4,1,Urban,1983,98532.77797
2905,5,2,Rural,1955,287218.523
2320,4,2,Urban,2010,179512.3872
2799,4,3,Rural,1953,229477.7521
2951,2,2,Suburb,2003,335187.0767
1029,3,3,Suburb,1988,130369.8131
2325,2,2,Suburb,1961,225885.9377
2499,2,1,Urban,1992,271101.5723
1872,3,3,Urban,2000,185774.1799
1947,3,3,Rural,2014,238283.9273
2375,2,2,Urban,1958,221021.2643
1984,5,1,Urban,1987,267675.9894
2505,4,2,Rural,2019,276491.8815
1316,5,2,Suburb,1987,203811.3704
1736,4,2,Suburb,1992,154432.1168
2420,5,1,Rural,2002,208751.0792
2112,3,1,Rural,2003,172118.918
2257,5,2,Rural,1999,269776.1829
1167,2,3,Rural,1979,118869.8047
1742,4,3,Urban,1984,204863.6467
1125,4,3,Rural,1976,222096.8046
1572,5,3,Urban,2005,74485.67914
1119,3,2,Suburb,1954,182781.5814
2451,2,2,Suburb,2019,258300.8322
2008,3,1,Suburb,1982,267020.072
2213,2,3,Urban,2019,153636.5377
2656,2,2,Urban,1979,252859.7835
2451,2,3,Rural,2002,286607.4104
1559,5,3,Suburb,1950,158883.8664
2225,2,2,Urban,1970,260314.9912
2082,2,2,Suburb,1967,278852.4358
1696,2,2,Suburb,1965,237581.4665
1222,4,3,Suburb,1954,59250.76426
2515,4,1,Suburb,1958,220750.836
2034,5,3,Urban,1965,184232.5303
1792,5,2,Suburb,1982,235139.1924
2724,4,3,Suburb,1995,361480.5795
2535,4,1,Rural,1955,224762.8286
1813,2,2,Rural,2002,163340.1011
1309,4,2,Suburb,2011,218375.5374
2011,5,3,Rural,2012,275903.914
1748,5,2,Suburb,1953,210704.075
2057,2,1,Urban,2009,334466.6321
2018,3,2,Suburb,1951,230328.0548
2363,3,3,Rural,1963,240602.7518
2670,4,2,Urban,1975,201973.6789
1480,2,3,Suburb,1978,9887.442885
1573,4,2,Urban,1985,263943.4752
1824,2,2,Suburb,2001,111350.5534
2762,4,3,Rural,1957,286275.3442
2116,5,1,Urban,1999,191407.2174
1627,5,3,Suburb,1963,78213.36254
2867,3,1,Rural,2001,357815.4664
2156,3,3,Rural,1962,245738.7522
1843,4,2,Urban,2011,155557.3737
1988,5,1,Suburb,2017,201203.3802
1418,4,3,Urban,1960,135059.792
2491,5,3,Rural,1961,233978.4041
2828,2,3,Urban,2014,368770.8586
2467,5,3,Rural,2013,261878.0471
2728,3,1,Urban,1997,212466.5955
2935,5,1,Rural,1958,319491.4314
1029,4,1,Rural,1986,154481.6447
2992,2,1,Rural,1975,259817.3332
1297,3,3,Suburb,1950,204927.1152
2084,2,1,Urban,2017,263263.2108
1457,3,1,Rural,1963,131020.9155
2996,3,2,Urban,1995,240940.5686
1303,2,2,Suburb,1981,184945.567
1957,2,1,Urban,1988,268191.6399
1339,5,2,Urban,1952,118807.3912
2884,5,2,Suburb,1986,292363.264
1447,3,2,Urban,1973,190484.285
2976,5,2,Suburb,1966,387987.1341
2859,5,3,Urban,1982,407082.0104
2325,3,2,Suburb,2015,208933.1111
1880,5,3,Suburb,1980,255044.7804
1539,2,3,Urban,1953,194469.2227
1484,4,2,Suburb,1956,211664.5025
1076,2,3,Urban,2011,51081.41998
2656,4,3,Rural,1977,308883.1192
1514,2,3,Urban,1997,76165.22702
2572,4,3,Rural,1956,348016.8773
1943,4,2,Suburb,2014,231573.5523
1658,5,2,Rural,2008,196072.6127
1091,3,3,Suburb,2008,118641.7451
2874,2,2,Urban,1964,377979.3794
2808,5,1,Urban,2016,246507.0441
1465,2,1,Urban,1990,162036.9344
1465,2,2,Rural,1985,233808.079
2912,4,1,Rural,1965,298728.2021
2622,4,2,Suburb,2015,392311.551
2063,3,3,Rural,2011,308587.0107
1689,4,2,Suburb,1996,252021.6174
2352,2,3,Urban,1981,259203.7848
2308,4,1,Rural,1974,344530.6884
1946,5,3,Suburb,2006,318372.3227
1553,5,3,Rural,1972,142027.8823
2820,4,1,Rural,2019,349821.7009
2089,3,2,Urban,1965,232510.4336
2659,4,2,Suburb,1980,305943.7887
2680,5,2,Urban,1994,273436.8615
2655,2,2,Suburb,1991,341324.5338
1108,2,3,Urban,1981,228372.3008
2438,2,3,Rural,1986,237946.37
1091,5,1,Suburb,1995,103736.9985
2002,5,1,Urban,1992,250641.0315
1367,2,3,Suburb,2018,173053.5014
1819,3,1,Suburb,1978,167616.3281
1422,3,2,Suburb,2006,205182.6987
1571,2,3,Suburb,1976,207921.92
1861,2,1,Suburb,1968,229633.577
2762,5,1,Urban,2015,382665.92
2263,4,2,Urban,1967,285077.5095
1434,5,3,Urban,1992,173327.6688
1211,4,1,Suburb,2016,139913.3717
2423,4,1,Urban,1979,180403.9592
2633,4,1,Rural,2005,247351.6895
1525,4,2,Rural,2020,243158.9319
2753,2,1,Suburb,1951,348416.0065
1467,4,3,Urban,1972,200550.7149
2193,4,2,Rural,1983,251186.2021
2842,4,3,Suburb,1982,257854.4361
1791,5,2,Urban,2004,138735.6548
1874,5,1,Urban,2004,223832.8634
1209,5,3,Urban,1993,175716.8563
1255,3,1,Urban,1988,94623.72346
2706,5,3,Urban,1968,301234.444
1072,3,1,Rural,1952,188831.102
1146,5,1,Suburb,1967,161925.3453
2363,3,3,Urban,2018,267155.0637
1316,5,2,Rural,1998,126275.2835
2641,2,3,Rural,1972,376447.0535
1605,5,2,Urban,1969,275342.1079
1574,3,3,Suburb,1963,182279.723
2177,4,3,Urban,1988,166825.8932
2278,5,3,Urban,1979,311286.6842
2374,4,2,Suburb,2013,304803.1756
1546,4,1,Rural,2011,129506.3761
1834,5,2,Urban,1972,120821.9459
1311,5,1,Urban,1965,134664.8786
1807,2,1,Urban,2010,169013.2278
1764,3,3,Urban,2014,249077.291
2692,5,3,Rural,1980,333743.5451
1133,3,1,Rural,2018,186263.9472
1947,5,2,Suburb,1998,215538.5838
2152,4,3,Rural,1992,246330.4975
1435,4,1,Urban,2009,162472.5857
2303,5,3,Rural,1995,291377.9017
1357,3,2,Suburb,1964,155311.2204
1929,3,3,Urban,1998,282762.0173
1882,4,1,Rural,2002,273555.9001
1251,3,1,Suburb,1954,93497.58413
1134,3,3,Rural,1956,163334.6546
2866,2,2,Urban,1970,300389.423
1522,4,2,Suburb,1993,137590.5258
1803,3,1,Rural,2014,155870.6809
1659,2,3,Urban,2011,167121.9612
1318,5,1,Suburb,1996,224703.8188
1079,2,2,Urban,1978,114316.723
2214,2,3,Urban,2012,339046.4884
2476,2,2,Urban,1973,309618.3631
2367,2,1,Urban,1997,268077.4741
2053,2,3,Suburb,1954,206150.2086
1413,2,2,Urban,1971,108085.648
2894,5,3,Rural,1950,385497.0909
1367,5,3,Urban,1977,158772.3602
2006,4,2,Rural,2019,181108.7718
2764,4,1,Rural,1950,256288.9896
1992,5,2,Rural,1986,221542.0948
1595,5,2,Urban,1987,161755.2962
2525,4,3,Urban,1958,229229.9576
2685,2,3,Rural,1983,249715.7184
2896,3,2,Urban,1992,313517.4297
2017,2,2,Rural,2009,156990.2844
1700,5,1,Urban,2002,182393.4249
2044,4,3,Urban,1997,191985.8949
1548,4,2,Suburb,1982,174303.0231
1245,2,1,Rural,1994,127269.1242
1282,4,3,Suburb,1975,115679.1121
1613,5,1,Urban,1958,230535.9425
1930,5,2,Suburb,2009,169610.6204
1805,3,3,Suburb,1955,202764.9896
1231,5,1,Urban,1988,218496.1536
1315,3,2,Suburb,1968,200585.4238
1837,3,1,Rural,1993,77294.77259
2823,2,1,Rural,1977,253551.9952
2359,4,2,Urban,1952,249901.5343
2999,5,3,Urban,1963,349151.6065
1410,4,2,Urban,1964,76195.72965
1244,3,3,Suburb,1976,249074.9767
1386,5,1,Rural,1979,143336.1649
1688,4,1,Suburb,1958,241029.4158
2748,5,2,Urban,2020,324062.7367
1357,2,1,Rural,1994,96525.42329
2021,5,1,Urban,2009,156594.4614
1613,3,3,Suburb,2011,155486.2478
1797,5,2,Urban,2014,323824.5569
1021,2,3,Suburb,1966,41876.33769
1018,2,2,Rural,1998,83075.33299
2310,4,1,Suburb,1950,208554.6507
1275,2,1,Rural,2017,195000.5188
1658,3,2,Rural,1979,188341.6884
1897,2,2,Rural,1991,287414.8394
1551,4,2,Suburb,1959,251179.3183
1678,2,1,Suburb,1984,300522.3851
1602,2,3,Suburb,1971,261140.6349
2095,5,1,Rural,1968,181045.3441
1364,4,1,Suburb,1980,242022.0427
2973,5,1,Urban,1951,297478.3103
1794,4,2,Rural,2010,210015.2699
2358,4,1,Urban,1986,296004.4993
1651,4,3,Suburb,2002,245335.9094
2774,4,2,Suburb,1982,316937.7707
1589,4,1,Suburb,1974,263452.4047
1198,4,1,Urban,1965,94100.75243
1016,2,1,Suburb,1975,118337.007
1217,2,1,Urban,2009,92442.25374
1740,2,2,Suburb,1970,174836.421
2875,3,2,Suburb,1963,255134.5987
1649,4,2,Rural,1990,181925.6503
1146,2,2,Rural,2005,42032.01458
2233,4,2,Suburb,1999,290588.458
1669,5,1,Urban,1987,219929.5671
2437,3,2,Urban,1979,240441.4991
1664,4,1,Suburb,2005,187104.2904
1855,2,3,Rural,1957,228866.2494
1329,3,3,Suburb,1959,162717.9893
1894,5,1,Rural,1975,170835.0357
2985,4,1,Rural,1995,320414.0716
2893,3,2,Rural,1953,313112.3256
2375,4,2,Urban,1953,264872.5787
2186,3,3,Rural,2011,187624.1457
2842,2,3,Urban,1996,326501.4861
1100,4,1,Suburb,1969,102054.4348
1326,4,3,Suburb,1994,160694.3789
1326,4,1,Rural,2001,74677.10669
2178,2,1,Urban,2012,256940.282
1009,3,3,Urban,1987,91343.08986
1352,2,1,Urban,2006,179000.6813
2962,5,1,Urban,2015,399174.3305
1182,5,1,Rural,1966,177942.9666
1454,5,1,Rural,1985,76367.35435
2669,3,2,Rural,1973,267420.7303
1005,4,3,Urban,1953,154242.7853
2356,3,3,Rural,2008,193937.664
2967,5,1,Urban,1977,362928.3975
2356,3,3,Rural,1976,235734.3777
2281,4,3,Suburb,1958,227144.3745
1210,4,2,Suburb,1953,88921.5132
1050,3,2,Suburb,1959,133392.802
2468,5,2,Rural,1964,291251.4371
2682,4,2,Suburb,2006,284882.1987
2009,5,2,Rural,1952,306116.6189
1376,4,1,Suburb,1989,136640.9034
1639,5,3,Suburb,2020,275684.4787
2509,3,2,Suburb,1984,340455.4692
1769,2,2,Suburb,1991,154573.378
2074,2,3,Urban,2021,179759.0446
1153,5,1,Rural,1985,233560.8277
1581,4,3,Urban,1987,183901.5575
1787,3,2,Suburb,1979,234166.5961
1790,4,1,Urban,2013,181698.1963
2333,2,1,Rural,1976,246820.1704
2422,2,1,Rural,1955,273700.6725
1133,3,3,Suburb,1972,159928.0789
1219,5,3,Suburb,1976,163226.6879
1162,3,3,Suburb,1974,207619.0111
1970,2,2,Rural,1971,276739.457
1647,3,1,Suburb,1971,185678.9033
1568,2,2,Urban,1995,168570.5921
2525,4,1,Urban,2012,384247.229
1945,2,1,Rural,1998,200023.6357
1688,2,1,Rural,2008,191258.8531
1114,3,1,Urban,2000,205667.3883
2522,3,1,Rural,1976,300595.5194
2495,3,1,Suburb,1961,245791.1229
2172,4,1,Suburb,2019,226352.6894
2264,3,3,Rural,1998,262560.9629
1122,4,3,Suburb,2010,185944.2376
1803,5,2,Rural,1996,194692.3941
1838,3,1,Suburb,1955,210378.3558
2092,3,2,Urban,1983,238485.5452
1825,5,3,Urban,1966,229470.9799
1062,5,2,Suburb,1967,70417.06281
1732,5,2,Rural,1990,130702.2536
2039,2,1,Suburb,1950,210631.1481
2413,2,2,Rural,1974,170917.8367
1589,2,2,Suburb,1996,175591.4592
2657,5,2,Urban,2001,327412.4638
1947,4,3,Urban,1964,269109.0574
2281,3,1,Urban,1984,190477.4235
1216,2,1,Suburb,1971,146275.901
1478,5,1,Suburb,1997,174273.1599
2137,3,1,Rural,2013,247442.0248
2905,2,3,Suburb,1994,294358.932
2996,5,1,Urban,2015,297795.1789
2403,3,2,Suburb,2000,294669.4658
2681,2,3,Suburb,1997,239070.079
1976,2,2,Rural,1994,259113.8189
1236,2,3,Urban,2012,202077.137
1475,2,1,Urban,2018,87268.27496
2995,2,1,Urban,1984,315244.9209
2954,5,3,Urban,1950,291014.9197
1597,3,1,Suburb,1966,141616.2274
2702,2,3,Urban,1971,326184.2257
1128,3,1,Urban,1951,161676.3
1509,2,3,Suburb,2004,235609.8531
1164,5,1,Urban,2014,131512.8172
1276,5,1,Urban,1978,117873.3665
1256,3,3,Urban,1996,172714.0066
2155,2,2,Suburb,2006,265459.4989
1991,5,1,Rural,2000,210921.9461
1569,2,3,Suburb,1983,138217.1253
2280,2,1,Urban,1993,236141.6896
1140,4,1,Suburb,2020,156618.4147
1685,5,2,Rural,1967,160037.9989
1686,3,3,Rural,1972,176411.3394
2232,3,2,Suburb,1993,249058.9102
1715,2,1,Urban,1967,118919.8124
2022,2,3,Rural,1951,190834.3841
2542,2,2,Suburb,1994,257417.5117
2074,4,3,Urban,1951,306639.5632
2526,2,1,Urban,2017,241970.105
2282,2,1,Suburb,1971,127557.9411
1177,3,2,Urban,2012,114146.1017
1921,4,1,Suburb,1952,269558.5449
1542,3,3,Rural,1953,131404.5555
2379,4,1,Urban,1984,277221.4571
2341,4,2,Rural,1991,361123.3369
2689,5,1,Urban,1959,341584.7769
1962,5,2,Rural,2009,204376.5263
1363,5,2,Rural,1960,94674.78355
2078,3,2,Suburb,1985,142419.6109
2179,5,2,Rural,1967,299480.5546
2067,5,3,Urban,1967,224078.2353
1592,3,2,Rural,1977,175059.3401
2701,4,3,Urban,1958,297888.8097
1541,4,3,Suburb,1980,96262.89477
1321,2,3,Urban,1999,260099.1119
1647,2,1,Suburb,2015,84599.00223
1013,5,2,Urban,1960,36588.1654
2380,3,2,Urban,1972,287060.7357
2506,4,1,Urban,1953,284614.0981
1617,3,2,Rural,1965,140764.2909
1358,2,1,Suburb,1961,141939.6619
2341,5,2,Urban,1993,270923.5063
2098,2,3,Rural,1992,234103.7531
2982,2,3,Rural,1989,414234.7347
2614,4,3,Suburb,1995,290090.7182
1193,3,2,Suburb,1990,111526.9503
1362,4,3,Urban,1999,191698.3376
2119,4,1,Rural,1956,243865.4514
2063,2,2,Suburb,1992,281600.0967
1767,5,2,Rural,2015,296574.4518
1396,2,2,Rural,1967,106816.5023
1106,3,3,Urban,1963,163650.9685
2040,5,3,Rural,1953,226897.4184
1526,4,1,Rural,1967,237073.3136
2952,3,1,Rural,2005,335245.9079
2010,3,2,Suburb,1983,203908.3714
1783,3,1,Suburb,1961,218483.0819
2522,3,2,Urban,1975,207044.1111
1524,2,3,Rural,2015,272322.2129
2782,3,3,Urban,1952,279848.9422
2749,2,2,Suburb,1986,228116.49
2686,5,3,Urban,2004,247231.5495
2827,3,3,Urban,1968,321863.3408
2066,2,3,Rural,1985,228941.1282
2969,3,2,Rural,2005,301778.4473
1625,5,1,Rural,1999,193165.1537
2865,4,2,Suburb,2015,366987.5301
2616,5,2,Rural,1963,341005.5211
1349,4,3,Suburb,1999,197062.1906
2676,2,3,Suburb,2000,236246.0178
2053,5,1,Suburb,2014,119444.7765
2464,2,2,Rural,1952,275414.6068
2005,5,1,Rural,2000,236865.0708
1541,3,1,Urban,1965,205486.231
2478,4,2,Suburb,1982,319737.3667
2801,3,1,Suburb,1993,324328.9853
2634,2,2,Rural,2010,306129.0331
1961,3,2,Suburb,1999,249138.8293
1093,4,1,Suburb,1991,176543.7029
2746,4,1,Rural,1983,331370.0114
2318,4,2,Urban,2005,266657.4659
2572,4,3,Rural,1996,255058.0101
1898,4,3,Rural,1968,189720.1004
1088,2,2,Rural,2015,216197.9565
2953,3,3,Suburb,1986,348767.7996
1502,5,1,Urban,1963,225129.3142
1766,3,1,Rural,1958,172815.2842
1213,3,3,Urban,1968,40307.18847
2445,2,3,Rural,1992,302449.3655
1525,2,2,Urban,1988,151705.9626
1191,2,1,Suburb,2003,166188.7652
2830,2,3,Suburb,1999,293174.091
1693,3,3,Urban,1993,201280.8325
1641,4,3,Urban,1995,243621.2678
2247,4,3,Urban,1995,235180.0427
1554,2,1,Rural,1987,160612.6584
2716,5,2,Urban,1974,232006.0917
1386,3,1,Rural,1992,198940.9463
1680,3,2,Urban,1956,97703.4534
1775,5,3,Rural,1981,164704.0285
2497,2,3,Suburb,2005,250702.4266
2631,3,2,Suburb,1985,139284.873
1202,5,3,Urban,1960,87428.52273
2009,4,1,Urban,1982,286353.4789
1446,5,2,Suburb,1999,174091.3329
2856,5,3,Urban,1965,294275.372
2870,2,3,Rural,2016,229520.9084
1899,3,3,Urban,1991,232548.5624
2091,5,2,Suburb,1959,298536.8939
2115,3,1,Rural,1956,180256.8173
1777,3,1,Rural,2007,130036.9252
2866,2,3,Rural,1996,197424.6135
1177,4,2,Urban,2009,210760.0592
2686,3,2,Urban,1969,330224.3047
1828,2,2,Rural,1954,304242.9813
1558,2,3,Rural,2011,198947.7666
2026,5,1,Urban,2018,218756.1275
1102,3,2,Suburb,1987,143096.5511
2296,2,1,Rural,1953,263682.1072
2557,4,2,Rural,2005,228130.5013
1115,5,2,Suburb,1966,90635.76761
1858,4,1,Suburb,1991,159499.9726
2935,2,2,Suburb,2009,309937.0072
1463,5,1,Rural,1975,113559.3528
1103,3,2,Suburb,1995,199215.8405
1258,5,1,Suburb,1979,229868.2673
2331,5,3,Rural,1954,228138.2401
2390,4,2,Suburb,1965,269169.0122
1928,3,2,Suburb,2011,261938.7926
1809,2,1,Rural,1989,215963.5543
1641,4,1,Suburb,1971,191602.4091
1806,3,1,Suburb,1962,231665.7106
2022,2,1,Urban,1951,260200.8723
2325,5,3,Suburb,2011,291727.9192
1559,3,2,Suburb,2002,153069.0858
1026,4,2,Suburb,1962,166769.9336
1507,2,2,Rural,2009,191764.8297
1526,2,3,Urban,1998,182279.6016
1774,3,1,Urban,1988,125581.7502
2388,3,3,Rural,1991,276651.4105
1952,5,2,Rural,2002,212305.6802
1297,2,2,Rural,1952,129196.2929
1776,5,1,Rural,1967,126709.6238
1360,5,1,Suburb,1986,171999.2622
2669,4,3,Rural,1985,292199.9739
1503,4,2,Rural,1997,170154.1007
2976,3,3,Urban,1980,273925.8405
1587,3,2,Urban,1950,212657.6941
1029,3,1,Rural,2006,84505.07026
2462,4,1,Urban,2008,274852.2803
2363,5,2,Rural,1986,243874.3178
1125,5,1,Rural,1963,163850.7782
1595,4,2,Rural,1951,206008.9179
2589,3,1,Urban,1952,337591.1558
2389,3,1,Rural,1999,269618.6226
2818,5,3,Urban,1976,297023.2944
2875,2,1,Urban,1955,361097.3186
2466,2,2,Suburb,1986,197320.5743
1262,2,2,Suburb,1962,151753.5918
1935,2,2,Suburb,1965,276501.3448
1871,3,3,Urban,2002,295455.9034
2245,4,2,Rural,1950,244537.4351
2863,4,3,Urban,1992,353701.343
1001,2,3,Suburb,1977,61655.12914
2933,4,1,Urban,1972,369919.6037
1393,5,1,Suburb,1996,95999.299
1305,2,3,Suburb,1972,163595.3556
2169,3,2,Urban,2003,264984.1484
1529,2,3,Suburb,2005,81258.89551
1527,5,1,Suburb,1966,159520.1491
2331,4,3,Urban,2007,279240.3047
1964,4,2,Urban,2012,240512.6211
2971,4,3,Urban,1964,325010.5561
1670,3,1,Suburb,2013,97519.7956
2363,2,3,Rural,1972,210937.236
2942,3,2,Urban,1992,331509.3226
1351,5,2,Suburb,1958,210617.8139
1809,3,1,Suburb,1993,218045.4797
1208,2,1,Suburb,2009,157119.4905
1957,4,1,Suburb,1976,173590.6779
1204,4,1,Urban,2011,151869.8155
1624,4,3,Suburb,1993,106749.7042
2713,4,1,Suburb,1995,312965.7594
2996,3,2,Suburb,1963,276281.6921
1720,2,1,Rural,1962,168048.0364
1635,2,3,Suburb,1970,152719.6711
2038,2,3,Suburb,1993,266172.2169
1857,3,3,Rural,1952,262258.781
2451,4,3,Suburb,1955,283407.7774
1475,4,2,Rural,1953,217666.0392
1297,2,1,Urban,2021,202715.4429
1556,4,1,Rural,1965,171215.8466
2117,3,1,Rural,2013,186977.8429
1106,5,1,Urban,1965,169383.7463
2442,4,1,Suburb,1968,184411.9773
2301,5,1,Urban,1997,340168.7066
1127,5,1,Urban,1952,192754.2731
2993,5,3,Rural,1962,252389.2168
1458,4,3,Suburb,1990,187009.3333
1037,5,2,Suburb,1956,134104.8331
2632,4,3,Rural,2007,319959.4151
1197,2,2,Suburb,1954,66067.4795
2727,3,1,Urban,1956,317789.3973
1356,5,1,Suburb,1991,135711.4866
1006,5,3,Suburb,1998,47705.59421
2579,2,3,Suburb,1977,253296.8801
2355,3,1,Urban,1964,322088.5298
1518,2,1,Urban,2014,190320.1744
1193,3,3,Urban,1968,157111.6
1315,5,1,Rural,1994,111092.819
2024,3,3,Suburb,1958,178418.3114
2085,2,1,Urban,2021,285450.0878
1342,5,3,Rural,2019,93703.70366
1600,2,3,Suburb,1959,182698.3852
2041,5,1,Rural,1986,181716.7671
1619,4,1,Urban,2012,205347.5468
2670,5,3,Rural,2000,227172.4147
2394,3,2,Suburb,1957,246473.928
1821,3,2,Rural,1955,226532.1562
2602,3,2,Suburb,2004,305611.7505
2628,3,2,Suburb,2012,272273.7264
2673,3,1,Suburb,1969,294931.3028
2724,4,2,Rural,1981,324784.5673
2594,5,2,Urban,2008,315417.0891
2722,5,3,Suburb,1952,359900.5334
1234,4,3,Suburb,1986,133462.0589
2092,4,1,Urban,1997,259864.872
1446,3,3,Rural,1996,141768.8333
1609,2,2,Urban,1965,166449.9348
1007,2,2,Rural,1994,92514.6218
1461,3,1,Rural,1960,88446.475
1999,4,1,Urban,2021,239340.3414
2334,5,2,Rural,1967,381394.3431
1133,2,3,Suburb,2007,125941.6117
1384,2,3,Urban,2003,101410.3752
1055,4,1,Urban,2012,151065.9076
1992,3,1,Urban,1960,291757.3975
2383,5,1,Urban,1980,281613.6106
2994,3,2,Suburb,1983,332423.9708
2137,3,3,Rural,1995,296042.1076
2111,3,3,Suburb,2006,196744.5047
1137,3,3,Urban,1992,191642.0878
2131,2,2,Suburb,2000,219716.3242
2523,4,1,Rural,1977,235950.9936
1534,5,3,Urban,1981,197320.0353
1143,2,2,Suburb,1986,98935.97535
1868,5,3,Suburb,1970,208389.7557
1655,5,2,Rural,1988,231310.1907
1055,2,3,Rural,1975,98654.7465
1619,2,1,Urban,1956,134187.1547
2886,5,3,Suburb,1973,304833.1506
2029,5,2,Urban,1993,243519.4917
1541,4,3,Suburb,2012,161102.1817
1446,2,2,Suburb,1983,150044.0829
2408,2,2,Urban,2005,328359.9647
2330,5,3,Suburb,1979,311355.5875
1873,5,2,Rural,1969,178859.1223
2880,3,2,Suburb,2003,326718.4067
1638,5,1,Suburb,1972,266057.4128
2325,5,1,Urban,1974,240366.504
2656,4,1,Rural,1968,240974.434
2428,5,2,Urban,1976,229329.7298
1610,3,3,Urban,2010,126944.4825
2701,3,3,Rural,1962,310931.41
1836,2,1,Urban,1989,162658.7048
2854,3,2,Urban,1971,330097.6237
2776,2,1,Suburb,1956,320271.8962
2585,5,1,Suburb,1998,301062.3544
1779,3,2,Rural,1965,274850.4784
1836,4,1,Rural,2002,177015.8831
1509,4,2,Urban,2021,125147.4395
2096,3,1,Rural,1964,246980.2182
1811,2,3,Suburb,1971,54437.84402
1563,2,1,Urban,2005,132731.1551
1264,2,3,Rural,1984,113572.6741
2250,3,1,Urban,1974,143490.3711
2216,5,1,Rural,1959,189695.4206
2397,5,3,Urban,1971,261593.1184
2774,5,1,Suburb,1993,332118.9475
1009,2,2,Suburb,1992,186298.1242
1301,3,3,Rural,1985,140721.8319
2382,4,2,Rural,2012,259728.9821
2763,5,2,Urban,2001,333709.2235
2977,5,3,Suburb,1986,288243.9863
1804,2,1,Suburb,1981,91463.19755
2075,5,2,Urban,1979,205910.3657
2775,3,1,Urban,2011,321934.9501
1098,5,2,Rural,1999,123240.7508
1592,2,3,Urban,2002,185308.8874
2036,3,3,Rural,1991,169920.9049
2413,2,2,Rural,1979,252404.8539
2977,4,3,Rural,1958,438371.954
1356,5,2,Rural,1951,204185.0712
2663,3,1,Rural,1955,347515.9569
2839,3,2,Suburb,2013,333490.3611
1927,5,2,Urban,1957,175138.449
1010,4,2,Urban,1988,165820.3164
1080,4,3,Rural,2004,142754.5698
2284,5,3,Suburb,2006,202490.4961
1005,5,3,Rural,1958,94043.72829
2481,5,2,Rural,1961,261409.9574
1372,2,3,Rural,1999,198902.6435
1480,3,3,Urban,1954,145935.7519
1221,3,3,Suburb,1953,218949.2368
2940,5,3,Suburb,1961,308000.2447
2833,2,3,Suburb,1988,210323.5101
2104,2,2,Rural,1968,190846.3046
2946,3,2,Suburb,2008,323832.8694
1514,4,3,Suburb,2006,119546.293
2083,5,3,Suburb,2011,159424.6664
1220,5,2,Suburb,2008,189784.6101
2985,2,2,Urban,1996,325541.4424
1348,3,3,Urban,2016,179602.3539
2584,2,1,Suburb,1996,321019.9965
1227,4,3,Urban,1972,111314.4501
1289,3,1,Rural,1962,144539.4638
1292,5,3,Suburb,1958,81827.94859
1809,3,1,Rural,1995,219929.6446
2216,3,1,Rural,1988,315329.158
1955,5,3,Suburb,2003,205652.461
2497,4,2,Suburb,2010,243832.7176
2280,2,2,Urban,1990,292181.9419
2978,4,2,Urban,1958,280536.9177
2529,4,2,Suburb,1996,283917.5598
1387,4,3,Suburb,2007,145674.4291
1614,3,1,Rural,1975,178559.7388
2421,4,2,Rural,2012,206391.0076
1365,3,3,Urban,1987,69104.28912
1657,3,3,Suburb,1951,197855.4615
1289,2,2,Urban,1953,71112.03377
2792,2,2,Urban,2011,315235.0464
2332,4,2,Rural,2003,295048.8478
2301,3,2,Rural,1981,156499.4986
2487,5,3,Urban,1955,292606.1895
1188,3,3,Urban,2005,158043.5308
1917,2,1,Urban,1996,197818.4213
2201,5,1,Rural,1971,291899.6461
2551,3,3,Urban,1972,264551.8334
1923,4,1,Rural,1956,152827.5899
1987,3,3,Suburb,1966,164759.1354
1374,5,2,Suburb,2007,182495.8873
2621,4,3,Urban,2008,320668.0666
1759,5,2,Urban,1965,296430.2016
2477,2,2,Rural,1981,232533.8722
1216,2,3,Suburb,1988,171713.4555
2065,3,3,Suburb,2007,252733.7094
1193,3,2,Urban,1994,142294.1157
2350,2,1,Rural,1979,190964.1137
2396,5,3,Rural,2018,236627.1472
2488,5,2,Urban,1977,286273.1535
1162,4,1,Rural,1982,120530.4423
1275,4,1,Rural,1984,65537.71422
1363,4,2,Urban,1968,173285.9342
2665,2,3,Urban,2012,323709.4346
1774,2,1,Urban,2009,226541.8748
1479,2,1,Suburb,1981,107830.2349
1688,3,1,Urban,1973,264105.3436
1459,5,2,Suburb,1962,110779.8014
2288,2,1,Suburb,1968,240287.1709
1538,4,1,Urban,1951,168413.3369
1973,4,2,Rural,1966,272498.4088
2409,2,1,Rural,1981,291715.3056
1084,2,2,Suburb,1987,122162.4398
2731,5,1,Rural,1995,334750.889
2339,4,2,Suburb,2000,364835.317
1242,5,2,Urban,1995,129730.0322
2492,2,3,Suburb,1994,257489.4365
1879,5,3,Suburb,1996,253195.4861
2365,3,2,Rural,1975,262685.9408
2200,2,2,Suburb,2000,229694.641
2153,4,1,Rural,1989,270562.4454
1656,4,1,Suburb,1992,189320.9311
2106,5,3,Urban,1972,260559.7764
2383,2,1,Urban,1987,312963.1604
1087,4,2,Rural,1962,125896.5527
2555,5,2,Rural,1966,307780.9943
1741,5,2,Suburb,1958,267705.1544
2995,2,1,Rural,1994,309239.4476
1984,4,1,Rural,2000,201249.6137
2661,4,2,Suburb,1980,257105.8385
1470,4,1,Suburb,1961,153705.231
2521,2,2,Urban,1968,389304.1862
2530,2,2,Urban,1963,386495.1895
2377,2,2,Urban,2013,341162.4645
1415,3,2,Suburb,2000,203173.9483
2074,5,3,Rural,1987,199818.3357
2623,3,1,Urban,1983,290511.5828
1681,3,2,Urban,1992,222073.0064
2086,4,2,Rural,1961,270219.608
2112,4,2,Suburb,2012,221769.942
2724,5,1,Suburb,2010,275483.1043
2213,5,1,Urban,1985,329213.5225
1898,2,3,Suburb,2001,210575.8207
1600,4,3,Urban,2009,189764.3374
2371,3,2,Urban,2015,253836.5727
2867,5,3,Rural,1994,341967.3812
2561,5,1,Urban,1996,309467.0154
2199,3,2,Rural,1987,337894.5863
2387,2,1,Suburb,1989,232319.8776
1775,4,3,Urban,2010,157993.5207
1900,4,2,Rural,1980,211185.8723
2930,3,2,Suburb,1974,382791.4161
2577,2,2,Rural,1964,235319.352
1482,3,1,Rural,1958,152926.4149
2142,4,1,Rural,1979,311684.6339
1168,3,3,Suburb,2019,194835.7074
2643,3,1,Urban,1959,262948.1227
1146,4,3,Suburb,1971,137813.425
2711,4,2,Urban,1997,259914.5735
2460,4,1,Urban,1994,252451.9771
1438,3,1,Rural,1953,233474.6611
1887,3,1,Suburb,1959,169834.8189
2212,3,1,Urban,2003,192648.901
1159,2,1,Urban,1968,104918.7362
1813,5,2,Rural,1980,302713.0402
2883,2,2,Suburb,1978,383257.9426
2955,5,2,Rural,1961,337447.9192
1401,4,2,Urban,1957,211829.3318
1585,5,3,Urban,1970,157990.9325
1863,2,3,Suburb,2002,234534.6715
2041,4,3,Urban,1998,225649.3984
1139,5,3,Suburb,1995,255954.346
2138,5,3,Rural,1982,256933.7615
1327,5,2,Rural,2013,241542.1632
1224,3,3,Urban,2013,81784.41294
1557,4,2,Rural,1994,210670.3057
1438,3,2,Suburb,2000,199185.4818
2573,4,1,Urban,1972,306596.866
2741,5,3,Rural,1966,283854.7435
1385,5,3,Suburb,1979,179526.8332
1520,2,2,Urban,2003,195953.5262
2276,5,2,Urban,2014,258342.8526
1619,3,1,Urban,1962,170242.3982
2924,3,1,Urban,1959,313222.2003
2121,5,2,Rural,1986,235949.8573
1786,3,2,Rural,2014,233356.208
2094,5,2,Urban,1963,237030.7478
1550,2,1,Suburb,1963,103407.3616
2833,2,3,Suburb,2009,224989.1534
2936,5,1,Urban,1959,333334.8691
1446,2,1,Rural,1987,150064.1153
2113,5,1,Urban,2020,183961.4331
2453,3,2,Suburb,2012,345056.6749
2242,5,1,Rural,1951,240041.1336
1106,4,3,Suburb,2017,89344.81741
2499,4,1,Rural,1966,189260.4075
1915,5,3,Rural,2020,199761.4941
2477,5,3,Rural,2003,256202.4895
1903,5,2,Rural,2008,225023.2106
2631,2,2,Rural,2000,363857.6372
2938,4,2,Rural,2019,275062.3159
1543,5,3,Urban,2012,196077.4409
2149,5,2,Suburb,2021,232788.2704
2170,3,3,Urban,1959,310296.0888
1279,3,2,Urban,1953,162425.0181
1023,2,2,Urban,2011,180466.9601
1951,2,3,Urban,1957,166089.0434
2744,4,2,Suburb,1999,395156.257
1119,4,1,Urban,2005,104356.3419
2809,5,1,Rural,2011,398519.5763
2675,4,1,Suburb,2017,153846.4572
2320,5,1,Rural,1972,309114.2019
1854,2,3,Urban,2018,262235.2195
2015,2,2,Urban,2004,246626.3648
1943,2,1,Rural,1961,242609.9914
2105,3,3,Urban,1950,168232.9867
1447,4,3,Urban,1955,206922.8267
2935,2,2,Urban,1973,255988.082
2743,2,1,Urban,2010,262401.2
1995,2,1,Suburb,1962,226359.0042
2942,4,3,Rural,1961,333892.8167
2493,4,3,Suburb,2009,298490.8862
2446,3,1,Urban,1987,268619.8946
2568,3,2,Suburb,1977,287975.1023
2047,3,3,Rural,1992,252938.8617
2084,3,3,Urban,2006,258093.3729
2846,2,2,Rural,1957,298993.2295
2724,5,2,Rural,2016,299807.112
1083,3,3,Urban,1994,80348.07442
1224,5,3,Suburb,1990,173323.2172
2703,2,1,Rural,1984,385893.9079
1185,2,3,Rural,1993,159473.6751
1374,4,3,Urban,1954,173844.1406
1071,5,3,Urban,2018,34120.98925
1073,5,1,Urban,1975,112088.6324
2920,2,2,Suburb,2013,347435.8154
2364,4,2,Suburb,1995,269817.6092
1152,3,2,Suburb,1985,161235.4934
1095,3,3,Rural,1976,155130.5855
2588,4,3,Urban,2014,305831.8401
1444,4,2,Urban,2011,162787.5585
2709,3,1,Rural,2008,319326.3786
2133,2,3,Urban,1997,180985.3054
2481,2,1,Suburb,1953,200780.1005
1827,4,1,Urban,2010,198533.8052
2074,2,3,Urban,1997,294577.7093
1376,2,2,Urban,2013,156099.806
1764,5,1,Suburb,2017,166620.3658
2096,3,2,Suburb,1953,228305.1331
1211,4,3,Suburb,1983,56820.13396
2455,3,1,Urban,2013,254575.1412
1723,5,3,Rural,2018,167280.8824
2786,2,3,Urban,1980,191554.841
2191,2,1,Suburb,1962,152590.2149
1774,5,1,Rural,1986,218779.7527
1330,3,2,Rural,1989,139301.3228
2765,5,1,Suburb,1999,410030.0988
1750,2,3,Rural,1998,229773.7554
2810,2,2,Suburb,1996,285153.4969
2517,3,3,Urban,1967,217363.6474
2166,2,2,Suburb,2007,216986.2047
2605,3,3,Suburb,1979,375900.9164
2468,4,2,Suburb,2018,275671.0656
1823,2,1,Suburb,2019,165711.5856
1393,2,3,Rural,1955,158126.7941
1511,3,3,Urban,1994,138416.7488
1685,4,2,Suburb,1952,222648.6799
2871,2,1,Suburb,1999,287461.3665
1620,2,1,Rural,2006,249300.2046
2738,4,2,Rural,1994,277503.3075
2720,2,1,Suburb,2021,240410.5601
2826,3,1,Suburb,1977,222892.5176
2351,4,2,Suburb,1998,383399.7039
1603,4,3,Rural,2010,144587.6712
2282,5,2,Urban,1991,254790.1963
2857,2,2,Suburb,1987,229062.8305
2460,4,2,Suburb,1962,244420.4902
1717,4,1,Suburb,1980,102468.7188
2587,4,3,Suburb,2013,217755.0257
1348,5,1,Rural,1982,258208.9751
2716,2,1,Suburb,1967,275370.2938
2973,4,1,Urban,2017,289292.4027
2838,2,3,Urban,1998,357747.8516
1514,4,2,Urban,1995,118920.3393
2472,3,2,Urban,2001,325381.7919
1398,4,3,Suburb,2005,200545.0758
2619,4,2,Suburb,1992,336729.0643
1213,5,3,Rural,1991,162568.7346
2569,4,1,Rural,1968,202712.5184
1561,3,2,Urban,1978,147926.7077
2312,4,3,Suburb,1964,231256.1151
2864,3,3,Suburb,1982,358898.3321
2282,3,3,Suburb,2010,243446.3519
1257,3,3,Rural,1990,160237.467
2411,5,2,Rural,2004,275343.0889
2807,2,1,Rural,1950,321810.3847
1693,2,2,Suburb,2002,148492.9171
2568,3,2,Suburb,2019,241036.5197
2288,5,3,Rural,1956,196797.8156
2336,5,1,Urban,2002,171202.0902
2063,2,3,Rural,2006,224669.569
1997,3,2,Suburb,1965,167849.8115
1819,2,1,Suburb,1990,251156.0952
1209,2,2,Suburb,1973,100965.3052
1271,5,1,Rural,2007,157162.5387
2159,5,1,Suburb,1986,278525.496
1598,4,3,Rural,2012,249584.6666
2083,5,3,Suburb,1959,308841.244
2533,5,3,Urban,1976,373027.4845
2699,2,2,Rural,1972,321031.0315
2538,5,1,Urban,1951,317010.9293
2038,5,3,Suburb,1958,255741.5806
2637,2,3,Suburb,1986,286092.8561
2022,5,3,Suburb,2017,325232.8433
1254,5,3,Rural,1980,168914.1102
1736,4,1,Rural,1961,99305.91747
1721,3,1,Urban,2005,203573.4966
1534,4,2,Suburb,1964,187043.694
2258,5,3,Urban,1969,282452.0867
2154,2,1,Suburb,1975,239725.3284
2693,2,1,Suburb,1998,351229.466
2708,3,2,Rural,1973,324988.8227
2023,2,3,Rural,1963,210845.2223
1016,5,2,Suburb,2015,170039.6159
1881,4,3,Suburb,2001,166632.3896
1953,3,1,Suburb,1952,163117.843
1825,4,1,Urban,1971,276119.8446
1991,2,3,Urban,1960,201697.723
1877,5,3,Urban,2012,169019.5517
1184,3,1,Rural,1966,112225.5861
2414,2,1,Suburb,1957,310524.9186
2446,2,1,Urban,1983,361321.5123
2869,4,2,Urban,2014,306847.8506
2465,2,2,Urban,1963,282577.6644
2719,4,2,Rural,2002,224515.4869
2678,2,2,Rural,1953,304983.18
2579,4,3,Rural,1995,294517.6971
2035,4,3,Urban,1952,299806.2567
2543,5,1,Rural,1990,287578.599
1079,3,3,Rural,1994,119527.0356
1808,3,3,Suburb,2002,171932.6495
2697,5,3,Urban,1975,337402.5196
1301,2,2,Suburb,1980,252708.6764
2239,2,3,Rural,1992,206435.2163
2271,3,3,Rural,1991,230651.774
2564,4,1,Suburb,1989,173751.9642
2295,4,2,Rural,2002,260714.5415
1132,3,1,Urban,2021,146914.7531
2028,3,1,Urban,1996,323263.7554
1755,5,2,Rural,1977,238962.4155
2565,2,2,Urban,1963,246407.7614
1628,4,2,Urban,1972,290227.3828
2713,5,1,Rural,1970,278160.6658
2009,3,1,Rural,2008,241145.2873
1772,5,2,Urban,1993,109854.0963
2770,5,1,Rural,2000,317425.1943
1140,4,3,Suburb,2010,155936.0468
1482,5,1,Rural,2004,128537.819
2328,4,2,Rural,2012,181873.7798
1344,3,1,Suburb,1959,188499.3111
2585,4,1,Rural,1994,346095.4803
2293,2,2,Urban,1969,158086.1243
2131,3,3,Urban,1968,155607.7832
2581,4,2,Urban,1953,188789.3604
1473,3,1,Rural,1954,187251.8296
2105,5,3,Urban,1953,187684.0638
2661,3,3,Rural,2013,287899.2673
2107,4,1,Urban,1955,267658.5113
2313,5,2,Urban,1960,236599.4916
2094,2,3,Urban,2002,218484.0513
1174,3,2,Suburb,2015,143125.3481
2851,4,1,Rural,1994,333694.9924
1841,3,2,Rural,1958,208657.4312
2486,3,2,Rural,1958,237325.6881
2872,4,2,Urban,1976,339243.3836
2418,2,3,Urban,1990,282583.1014
1865,4,1,Suburb,1973,294919.1185
2114,3,3,Urban,1975,262708.4282
1468,2,3,Urban,1994,112450.4161
2886,2,1,Urban,1997,250840.1523
2457,2,3,Rural,2014,235763.8525
2272,2,3,Urban,2014,132063.4875
1643,3,2,Urban,1994,102385.1341
1680,4,3,Rural,1974,202062.1258
1954,4,1,Urban,1985,163603.2523
2595,5,1,Urban,1972,387678.8455
2904,5,3,Suburb,1989,324354.1684
1848,5,3,Urban,2021,296563.8582
1240,2,2,Rural,1971,59098.63955
1701,2,3,Urban,1996,156863.6477
2519,4,2,Suburb,2006,292129.0122
1339,2,2,Urban,1964,186025.7078
1792,4,3,Rural,1953,189003.6223
1743,5,3,Rural,1981,181807.9499
2494,4,1,Urban,1960,258407.4495
1462,2,3,Rural,1956,88653.7048
1800,4,1,Rural,1955,177532.8152
2298,4,2,Urban,1958,207049.703
2848,4,2,Urban,1965,277555.1832
1014,2,3,Suburb,1968,57475.5266
2064,3,1,Rural,2019,119014.4156
2988,5,1,Suburb,1989,325435.1136
1207,3,1,Rural,1956,192880.8918
2083,3,2,Rural,2002,164621.1381
1364,3,1,Urban,2005,93510.08002
2263,3,2,Rural,2019,201321.5988
1607,2,2,Urban,1980,177912.2948
2813,2,3,Rural,1985,327730.4396
2962,3,3,Urban,2010,292580.7453
1159,3,2,Rural,2007,60947.71
1396,4,3,Suburb,2018,201214.0942
2957,4,3,Rural,1961,304463.138
1793,5,2,Suburb,2020,245329.0202
1499,5,2,Suburb,1963,214921.778
1208,5,1,Urban,1953,126589.5572
2156,4,1,Urban,1989,225364.9192
2404,3,3,Urban,2004,219917.1774
1432,3,3,Rural,1982,126557.4941
1608,5,2,Rural,1964,198559.428
2754,5,1,Suburb,1980,328211.3281
1388,2,1,Rural,1966,203441.4406
1996,5,2,Rural,1996,223161.7338
1582,4,2,Rural,2018,204097.8365
1431,4,2,Suburb,1987,168693.1367
2297,5,1,Urban,2017,250417.9572
1350,5,2,Suburb,2016,244848.0266
1133,2,3,Rural,1991,111349.7454
2089,2,1,Suburb,1956,247046.5304
1638,2,2,Suburb,2012,230353.6762
2228,4,3,Urban,2003,169082.2022
2321,2,1,Urban,1983,337194.8058
1116,3,2,Urban,2015,118614.5244
2971,3,3,Rural,1972,181485.2988
2290,3,2,Suburb,2005,264912.0323
2817,2,3,Rural,1980,319385.1319
1148,4,1,Urban,1961,162190.2599
2217,4,1,Rural,1996,179371.7179
2703,2,1,Suburb,1962,357542.6982
2847,5,2,Rural,1955,389007.3437
2909,5,1,Suburb,1955,284460.838
1178,2,3,Rural,1977,138490.8628
1147,4,2,Rural,2001,90891.14954
1464,3,3,Urban,1989,235354.7766
1975,5,3,Rural,1991,269818.6696
1568,3,3,Suburb,1975,161301.0645
2028,4,2,Rural,2006,266760.868
1525,5,3,Suburb,1977,126503.4504
1279,2,3,Suburb,1995,209004.1589
1498,3,1,Rural,1998,159853.417
1835,3,2,Suburb,2000,162030.5604
1435,3,1,Rural,1971,122526.8418
1815,2,3,Rural,1985,178533.9618
2239,2,3,Suburb,2020,279137.2316
1686,3,2,Rural,2010,208539.2948
1827,2,3,Urban,1959,173902.343
1968,5,2,Urban,1974,210736.0316
2538,4,3,Suburb,1994,385958.0716
2910,5,3,Urban,1968,255111.9596
2160,2,1,Suburb,1950,309132.0694
1611,4,3,Urban,1981,166485.7754
1594,3,1,Suburb,1980,250862.5068
2303,3,1,Rural,1982,219930.9301
1131,4,3,Urban,1998,116305.7612
1392,5,1,Rural,1964,192271.4169
1480,3,2,Suburb,1961,167686.6912
2536,3,1,Urban,1969,295373.8373
1627,3,2,Rural,2014,233736.9577
1418,2,1,Suburb,1956,134533.8591
2225,5,1,Urban,2011,241668.5148
1651,2,1,Rural,1996,193329.8326
1657,4,3,Rural,1995,154569.6015
1461,4,3,Suburb,1996,228714.7107
2801,2,3,Suburb,1983,319879.2945
2225,3,3,Rural,1958,234950.5256
2937,2,2,Rural,2017,293107.8831
1151,5,1,Rural,1962,127778.4807
2920,3,3,Suburb,2009,383176.9606
1221,4,1,Rural,1990,91933.40337
1078,5,3,Rural,1989,117707.1358
2223,4,2,Suburb,1970,240069.9953
2785,5,1,Rural,2014,353268.3556
1098,5,2,Suburb,1968,225648.3358
1911,5,3,Suburb,1962,289737.5146
1212,4,1,Suburb,1954,234501.2246
2166,2,3,Rural,2001,86895.57766
1701,2,3,Rural,1964,160278.4543
2412,3,2,Rural,1977,276491.3656
2836,4,2,Rural,1963,279355.7302
2397,3,1,Urban,1971,248538.4012
2075,3,3,Urban,1954,215435.8224
1966,5,1,Urban,1956,236790.3058
2647,5,1,Rural,1961,317133.5455
1134,2,3,Urban,2019,55822.05203
1410,2,2,Urban,2020,132779.5909
2493,3,1,Urban,1976,240068.9109
2135,3,1,Urban,1959,249233.5492
2548,3,1,Rural,1991,295164.2358
1784,2,3,Rural,1966,160605.5464
2768,3,1,Urban,2014,282329.1004
2067,2,2,Rural,2010,189636.624
2420,4,2,Suburb,2011,286019.1232
2608,4,3,Rural,2002,234670.0589
1260,3,3,Urban,1989,212432.539
1742,2,3,Rural,1953,248181.0222
1544,4,3,Urban,2008,141045.0849
1387,2,2,Rural,1982,104395.5394
2499,2,3,Rural,2003,277862.553
2433,4,1,Suburb,2007,246747.9947
2603,3,2,Urban,1952,241075.0175
1015,3,3,Urban,1991,91572.23154
1661,4,3,Rural,2014,137762.8408
2827,5,1,Suburb,2015,273872.3564
1101,2,2,Urban,2000,59396.51998
2209,5,2,Urban,2002,217615.134
1950,3,1,Rural,2005,117139.5806
1930,2,1,Urban,1951,228958.0748
1024,4,3,Suburb,1998,184237.5922
2095,3,1,Rural,1961,194329.0735
2616,3,1,Rural,1996,239578.2342
2596,3,1,Rural,1993,365357.0733
1017,4,2,Urban,2005,214722.0295
2777,4,2,Urban,2008,279365.9825
1569,5,1,Urban,1997,253571.0467
2016,4,1,Rural,2004,221242.335
2355,5,2,Suburb,1979,296335.0741
2912,2,1,Suburb,1954,299599.1957
2592,2,1,Suburb,1971,136883.8463
2120,2,2,Rural,2003,290551.6627
2750,3,1,Urban,2002,330323.9252
1830,3,1,Urban,2016,220608.5911
2035,3,2,Urban,2014,139527.6272
2034,4,3,Suburb,2015,224119.7264
2932,4,1,Urban,1964,337088.0269
1162,5,1,Rural,1965,148704.0636
2306,3,1,Suburb,1994,272638.6572
2752,4,3,Rural,1982,255737.378
1871,2,2,Rural,1993,215154.876
1834,2,2,Suburb,1956,214098.9043
2264,4,2,Urban,2010,253309.9027
1856,2,2,Suburb,1950,130639.4107
2068,2,1,Suburb,2010,208259.3933
1969,5,3,Suburb,2012,315188.4468
1592,2,3,Suburb,1985,264805.9328
1254,3,2,Suburb,1982,106618.512
1066,4,2,Suburb,1970,128696.8852
1917,4,1,Rural,2010,268949.3316
1613,3,2,Urban,2005,196553.7766
1973,2,2,Urban,1992,200427.6392
1602,5,2,Rural,1964,212539.9981
2065,5,2,Suburb,1984,212140.3119
2811,3,3,Urban,2005,289475.1254
2839,2,2,Urban,1993,382177.9905
2809,3,2,Rural,1964,290711.3089
1383,5,1,Suburb,1985,236817.8635
2612,2,2,Urban,1961,331421.2794
2257,3,2,Urban,2002,276848.4616
1965,3,1,Urban,2003,113664.2787
2737,2,1,Urban,1995,272211.7942
1484,5,2,Suburb,1994,160529.2614
2756,2,1,Suburb,1983,338335.0593
2797,5,1,Urban,1960,322756.9937
1038,4,2,Rural,1964,108835.1674
1010,5,3,Suburb,1952,173647.8405
1623,5,1,Urban,1976,139034.5172
1408,4,2,Suburb,2014,50538.04925
1107,3,1,Urban,1998,96375.76358
2117,3,3,Urban,1965,230738.1939
2846,5,3,Suburb,2014,422379.3456
1083,4,2,Rural,1975,105460.363
1057,4,3,Urban,1969,170958.6783
2316,2,2,Urban,2008,224051.7174
2039,5,2,Suburb,2003,179033.0396
1990,4,1,Rural,1953,274544.7329
2500,3,2,Suburb,2014,249261.7332
1837,4,1,Urban,1951,217313.3712
1604,4,1,Suburb,1954,204973.1611
1968,4,1,Urban,2013,360562.1232
1164,4,1,Rural,1978,155787.9257
1436,3,2,Urban,1968,223975.5226
1726,4,3,Rural,1951,162056.4586
2679,5,2,Urban,2013,285053.9324
2809,4,3,Suburb,2007,322587.0448
1402,3,2,Rural,1969,96623.39513
2963,5,1,Urban,2018,279019.5768
2409,4,1,Suburb,1967,271344.4765
2977,3,2,Urban,1998,327810.3658
2161,5,3,Suburb,2020,239871.2804
1715,4,2,Suburb,2005,258808.558
1813,4,2,Rural,1965,173105.6358
1721,4,3,Suburb,2012,214668.3587
1530,5,1,Urban,1953,267108.8382
2829,2,1,Rural,1950,300859.135
1292,4,1,Suburb,1964,108932.4654
2498,3,3,Rural,1962,210826.3873
2022,2,1,Rural,2013,174678.2194
2903,4,1,Urban,1950,347576.4691
1461,3,1,Urban,1958,138420.9649
2836,4,3,Urban,1993,279863.1227
2396,3,3,Suburb,1985,302631.9957
2185,4,1,Suburb,2014,228689.5247
1641,3,2,Urban,1984,231489.1044
1043,3,2,Suburb,1986,154394.6368
2888,2,1,Urban,1982,289870.0528
2106,2,3,Suburb,1964,275723.1089
1891,5,1,Rural,2017,187615.0805
1635,3,1,Rural,1959,225167.7258
1538,3,2,Urban,1991,178907.1409
2839,2,2,Urban,1964,327154.7778
1861,5,1,Urban,2003,233695.4762
1518,3,1,Urban,1994,190579.5574
2434,4,3,Suburb,1984,279079.2874
2364,4,2,Suburb,1959,296020.9938
1710,5,1,Suburb,1963,173824.8405
2647,3,2,Urban,1985,276252.3673
1088,3,2,Suburb,1966,106557.6649
2663,2,1,Rural,1971,228334.6867
2253,2,2,Rural,1958,207869.9582
2041,3,1,Urban,1998,209657.1299
2824,4,1,Suburb,1999,317042.7384
1672,2,3,Suburb,2004,230877.7865
1863,4,2,Suburb,1959,150207.5661
1889,4,3,Rural,1966,132559.4992
2304,4,2,Rural,2016,298303.9443
2933,4,3,Rural,1994,306255.5885
1421,5,1,Urban,1975,30312.64334
2701,5,2,Suburb,1963,245237.6581
2795,2,3,Urban,1967,253905.1328
1875,3,1,Urban,1960,160810.7463
1701,5,1,Suburb,1994,203361.9618
1337,3,2,Suburb,1951,118156.4824
1265,2,2,Urban,1974,207804.2557
1802,4,3,Urban,1956,278015.8106
2378,3,1,Suburb,1963,276924.0841
1359,5,1,Urban,2011,78160.55859
2013,3,2,Urban,2006,245878.3451
2814,5,1,Rural,1981,200346.499
1216,3,3,Urban,2021,100206.9215
1320,5,1,Rural,1962,202121.9133
1849,4,1,Rural,2016,233595.0049
1718,3,1,Urban,2007,247183.1478
2688,2,3,Rural,1977,301462.0844
1991,3,2,Rural,1979,185128.0097
2716,5,2,Rural,2015,358233.2491
2235,3,1,Rural,1962,298737.5848
2808,2,1,Urban,1983,365467.2744
1952,4,3,Urban,2007,256001.2469
2226,3,3,Rural,2013,179719.248
1716,4,3,Urban,1998,179562.9183
1984,4,1,Urban,1980,228616.8734
2939,4,2,Suburb,1988,368886.1931
1895,5,2,Suburb,1958,208190.7738
2176,3,1,Rural,1978,159678.304
2705,3,1,Suburb,1969,277217.563
2452,2,3,Suburb,2002,276309.5121
2776,4,2,Suburb,2013,291873.6377
1286,5,2,Rural,2009,169779.1053
1756,5,1,Urban,2021,227852.2927
2344,2,1,Rural,2014,261009.8911
2459,3,1,Urban,2003,242274.3954
2615,3,3,Suburb,1981,288172.2249
1495,5,2,Rural,2002,146156.5052
2627,5,2,Rural,2014,275835.6275
2172,2,1,Rural,1991,264221.8303
1541,5,3,Urban,1977,229436.9886
1634,5,2,Suburb,1979,176461.2913
2922,2,1,Urban,1961,263319.7401
2505,4,1,Urban,1976,270210.2186
2349,5,1,Rural,1959,201235.3775
1938,3,2,Urban,2014,299088.9198
2052,4,3,Rural,1958,238532.4012
2282,5,3,Rural,2006,224994.1665
1697,4,1,Urban,1996,192751.3633
2952,5,3,Rural,1973,347944.0277
1074,3,3,Urban,1999,83194.97606
2580,5,1,Rural,1955,267992.0215
2604,3,2,Urban,1979,294132.2465
1497,5,3,Rural,1964,200166.9258
2439,5,2,Urban,1958,266365.8534
2902,4,3,Urban,1967,264190.8917
1721,2,1,Urban,2002,124518.9883
2774,3,2,Rural,1999,242582.8677
2363,4,2,Suburb,1989,328851.063
1307,2,3,Urban,1983,162940.0653
1703,4,2,Rural,2021,206479.2377
1883,3,3,Suburb,1978,176699.611
2638,2,2,Urban,1972,287412.196
2264,2,3,Rural,1972,305025.2068
1252,2,3,Suburb,2015,166870.5679
1935,3,1,Rural,2008,248493.5962
2243,3,1,Urban,2013,289171.4511
1396,4,3,Rural,1997,95329.35421
1985,5,3,Urban,2009,210975.8157
2359,5,3,Rural,1969,316104.7674
2752,5,1,Urban,2006,287345.5504
2737,5,1,Urban,1951,304457.8196
2052,4,2,Urban,1985,147537.0269
1493,3,3,Urban,1997,128788.385
1958,4,2,Suburb,2006,223175.2156
2747,2,1,Urban,1998,385848.2944
2525,3,3,Suburb,1987,266155.1395
2177,3,2,Urban,1986,250480.6869
1991,5,2,Suburb,1979,232484.7826
2254,4,3,Rural,2002,297094.7384
1101,5,2,Rural,1954,101577.637
1826,3,2,Urban,1969,202848.5359
1176,5,1,Rural,1985,105518.4509
2716,2,1,Rural,1978,247796.6177
1983,3,2,Urban,1958,298927.8696
1926,2,2,Rural,2020,144364.1639
1231,3,3,Rural,2010,199192.4198
1011,5,1,Urban,2010,53282.0981
2209,3,3,Suburb,2019,168221.9459
1760,3,3,Rural,1967,140135.207
1931,4,1,Rural,2021,82056.76257
1265,4,2,Urban,2005,130399.3991
2925,2,2,Urban,2009,387497.9527
2158,4,3,Rural,1985,257060.762
1756,3,3,Rural,1982,161678.6767
2054,4,2,Urban,1998,231433.6438
2882,5,3,Suburb,2017,235050.7924
1455,4,2,Urban,1995,181037.8866
1258,2,1,Suburb,2004,106129.9317
2127,3,1,Urban,2009,182724.8596
1430,5,2,Rural,1966,151628.5429
2405,5,3,Rural,1951,317088.2294
1468,2,1,Urban,1954,163513.2264
2536,4,2,Suburb,1960,275884.3106
2964,3,2,Urban,1983,203984.2463
2973,2,3,Rural,2019,333711.0939
2969,5,3,Urban,1972,372500.2793
2230,5,3,Urban,2010,254880.9343
1646,5,1,Urban,1966,222341.3222
1446,2,1,Rural,2020,212514.7078
1782,5,1,Rural,2019,203841.4672
2112,3,2,Suburb,1985,189966.8547
1194,5,2,Urban,1987,205777.0946
2437,2,2,Suburb,2009,349616.5777
2145,2,1,Urban,2014,194657.5476
1461,5,2,Urban,1980,193649.7122
2139,2,2,Urban,1971,180720.9885
1195,4,1,Rural,1989,174271.4931
1035,2,2,Suburb,1990,66110.58237
1066,4,1,Urban,1976,83512.0535
1644,2,2,Urban,2014,166878.2082
2304,2,3,Rural,2001,182301.1988
2502,2,1,Rural,2002,212156.7807
2034,5,2,Rural,1983,155660.2337
2991,2,2,Rural,1971,276863.899
2753,3,3,Suburb,1998,274051.6523
1321,5,3,Rural,1954,197419.7922
2691,4,2,Suburb,1959,224321.584
1239,3,3,Rural,2006,188100.9833
2016,3,3,Rural,2004,204150.9197
2083,3,3,Urban,1970,207511.0257
1649,3,3,Urban,2015,153916.2848
1561,2,2,Suburb,1996,203933.8549
2702,2,3,Suburb,1985,249141.54
1164,3,3,Urban,1982,186502.3532
1830,5,1,Rural,1966,128716.9054
1188,3,3,Urban,1961,160483.1835
2510,4,2,Rural,1962,359695.0301
1091,3,1,Rural,1995,107835.4989
2829,2,3,Rural,2014,363134.6397
2911,4,1,Rural,1989,290474.6864
1288,5,1,Urban,1997,134919.9436
2532,3,2,Suburb,2006,382422.0223
2098,4,2,Suburb,1987,221726.0432
2580,3,3,Suburb,1998,308422.5819
2451,5,1,Suburb,1989,311791.9637
2408,5,1,Rural,2001,317445.0183
2076,4,1,Rural,1981,212025.6259
1174,5,2,Suburb,1962,164291.4656
2696,4,2,Suburb,2014,243958.6018
2602,5,2,Urban,1985,256162.2568
1473,2,2,Rural,1991,133680.8097
2934,4,3,Rural,1961,318949.8967
2384,3,3,Urban,2017,269490.6058
1269,4,1,Rural,2016,186981.8773
1406,5,3,Suburb,1951,238835.6998
2147,5,1,Suburb,2017,259492.2146
1693,5,1,Rural,2017,312909.4344
1375,3,2,Rural,1957,162997.3327
2415,3,2,Rural,2004,265396.5634
1181,5,3,Urban,1982,213552.8735
1035,2,3,Suburb,1971,132902.6233
2235,4,3,Urban,2005,274269.0915
2919,5,1,Urban,2007,337632.4941
2971,2,1,Urban,1977,299480.6558
1133,3,2,Rural,1978,71992.81629
1864,5,3,Urban,1997,270763.3385
1923,4,2,Urban,2013,281044.34
1689,4,3,Urban,1986,263519.8193
2701,3,3,Suburb,1962,294794.2831
2949,5,2,Rural,2019,322731.2187
1490,5,1,Suburb,2016,109776.7596
2872,5,3,Urban,1952,248422.8899
1840,2,2,Rural,2013,190380.4318
1987,2,3,Rural,2008,290293.1594
2461,5,1,Suburb,1996,224624.3319
1838,4,2,Urban,1951,155086.1207
2069,2,1,Rural,2010,214531.6778
1667,4,3,Urban,2004,177766.1826
2424,2,1,Urban,1966,257531.8332
2511,3,3,Urban,2007,249229.1114
2019,3,3,Rural,1992,266254.4883
1431,3,3,Urban,2013,130951.5842
2451,4,2,Urban,1995,324514.0024
1747,4,1,Suburb,2018,147853.7834
1827,5,1,Urban,2010,182907.7501
2595,5,2,Rural,1989,283842.3364
1516,3,2,Suburb,1954,106128.1779
2988,3,1,Suburb,1982,281226.7181
1461,2,3,Suburb,2011,237678.5097
1965,3,1,Suburb,1975,183058.4391
2926,3,3,Urban,1976,309979.5518
1180,3,3,Suburb,2012,120584.9021
1144,4,1,Urban,1951,194996.5683
2850,4,2,Rural,1995,305963.2377
2288,3,2,Urban,1969,259662.645
1734,2,3,Suburb,1986,161882.8693
1405,2,1,Urban,1988,223351.3205
1812,5,1,Rural,1993,230334.2454
1968,3,2,Rural,1964,248908.2884
1954,4,1,Suburb,1980,224411.0647
2871,3,2,Suburb,1999,280256.9272
1483,2,3,Urban,1956,137153.0485
1481,4,1,Urban,1988,230010.459
2260,4,1,Rural,1950,315101.4213
2548,4,2,Suburb,1956,263239.457
1338,5,3,Urban,2020,194178.0217
1267,3,3,Rural,1958,114026.5468
2955,3,2,Rural,2008,317617.4136
1265,3,3,Urban,1972,81012.34037
1527,2,1,Rural,2001,137399.137
2115,4,1,Rural,1987,217066.5203
2271,4,2,Urban,1967,306636.3688
2042,2,3,Suburb,1965,254656.7033
1871,5,3,Urban,1995,176045.3292
2413,2,1,Suburb,1954,261669.6737
2411,4,2,Suburb,1995,250285.7512
1925,5,2,Suburb,2018,160499.5774
2638,5,1,Suburb,1992,244898.0815
2118,4,1,Urban,2005,176833.2797
1429,2,3,Urban,2017,136843.2927
1794,3,2,Urban,2020,256898.5764
1940,3,1,Rural,2019,215685.6931
2748,3,2,Rural,1993,301132.5063
2060,2,2,Urban,1966,254175.9827
2416,4,3,Suburb,1963,286887.0477
2596,2,1,Suburb,2015,186412.1039
2314,3,3,Urban,2009,257830.1186
2897,3,1,Urban,2015,305544.6193
1302,3,1,Rural,1952,125600.3946
2779,2,2,Rural,1989,304189.4864
2940,2,1,Urban,1989,239724.2196
1400,3,2,Rural,1954,202717.8062
1822,5,1,Rural,1992,163920.2528
1343,3,1,Suburb,1950,95594.76784
1862,4,2,Urban,1965,182342.4973
1517,2,3,Suburb,1974,186326.0042
2400,5,2,Suburb,2010,213481.4345
2954,5,1,Urban,1958,254001.7167
2841,4,3,Urban,2018,304432.3394
1164,3,1,Suburb,1979,54083.63745
2036,3,3,Urban,1957,271051.4521
1024,3,3,Suburb,1977,131753.4679
2759,4,1,Urban,2001,331177.3236
2146,2,1,Suburb,1970,143498.7243
1128,2,3,Urban,1967,129590.1654
1816,4,3,Suburb,1959,107798.2176
2657,2,1,Rural,2019,279549.2807
2570,4,1,Rural,2007,240464.0744
2017,4,2,Suburb,1963,354114.4878
1594,5,1,Suburb,2002,148345.2364
2332,5,2,Suburb,2003,265964.7829
1435,2,1,Urban,2006,65740.72977
1181,5,2,Rural,1954,96596.31758
2611,2,1,Urban,1984,193748.6316
1615,4,3,Suburb,2012,181749.6663
1743,2,2,Suburb,1957,296902.1263
2838,5,1,Suburb,1984,240749.157
1042,2,2,Urban,2014,6360.211403
1403,5,2,Suburb,1975,222402.613
2952,4,2,Suburb,1981,356214.0607
1604,3,2,Rural,1983,167450.7042
1655,4,1,Urban,1962,158836.0688
2789,5,2,Rural,1987,319295.2499
2613,2,1,Rural,2016,351618.1931
1262,5,2,Rural,2015,106465.8715
1069,5,3,Rural,1992,170834.0153
1660,3,1,Rural,2017,195242.7802
2315,2,1,Rural,1962,279094.0273
2237,5,1,Suburb,1988,227155.4409
1871,4,1,Rural,1965,241860.3398
1821,4,2,Rural,1991,266147.8881
1146,5,3,Rural,1997,228962.7787
1024,5,3,Suburb,1975,107035.1363
2346,5,3,Suburb,2003,367265.2106
2132,5,3,Suburb,1970,218082.601
1692,4,1,Rural,2007,207192.1438
1250,3,3,Urban,1965,208193.2572
1481,5,3,Urban,2000,215473.4169
1714,2,3,Suburb,1962,144194.9042
1815,3,1,Urban,2004,142462.2494
1681,4,1,Suburb,1985,160279.4074
1174,5,2,Urban,1955,182543.2055
2370,5,2,Suburb,1988,250313.0688
2193,5,3,Urban,1955,235356.3785
1001,5,1,Suburb,1954,153266.593
2669,2,1,Urban,1991,263245.6534
1638,5,2,Rural,1963,161561.5269
2581,4,3,Urban,1991,351784.1927
1705,2,1,Urban,1992,162194.4921
1361,3,2,Suburb,2021,92669.95916
2744,3,2,Rural,1957,305346.8674
2319,3,3,Rural,2004,303984.451
1569,5,3,Suburb,1987,136851.6889
1589,3,1,Urban,1960,170997.6873
1201,2,1,Rural,2019,106591.6952
2004,2,2,Suburb,1983,247528.3264
2312,3,1,Rural,1992,231984.3891
2085,3,3,Suburb,1965,157445.9924
2525,2,1,Urban,1953,248352.7894
2803,4,1,Suburb,2002,337560.145
1125,3,1,Rural,1989,129557.6633
1991,2,3,Urban,1987,196713.6952
1048,3,1,Rural,2010,60982.42397
2623,2,1,Urban,1978,265097.9356
1845,5,3,Suburb,1987,206850.7332
2796,3,3,Suburb,2000,263858.1087
1178,3,1,Suburb,2005,192664.6604
2604,4,1,Suburb,1966,290404.7968
2902,4,3,Rural,1960,212481.4228
2951,4,2,Suburb,2012,231373.677
1492,4,2,Suburb,1957,257783.1449
2456,3,3,Suburb,1952,263456.3335
1571,3,2,Suburb,1993,172775.0132
1301,4,2,Urban,1964,221489.829
1963,4,3,Urban,1983,268052.8617
2784,3,2,Rural,1975,273138.8457
1989,5,3,Urban,2011,270157.5508
2192,2,2,Rural,1966,318985.7403
1976,4,1,Rural,1998,262583.8015
2986,2,1,Urban,1956,311954.4138
1268,5,3,Rural,1975,132590.2873
2387,5,3,Rural,1991,270483.4138
1623,5,2,Suburb,1964,256181.5777
1099,3,3,Suburb,1984,145540.3941
2937,2,2,Urban,1967,370856.4372
1214,5,3,Suburb,2011,110530.0087
1624,4,3,Rural,1987,166666.7666
1096,5,3,Rural,2004,81906.7197
1818,4,1,Urban,1972,305424.4758
1629,4,1,Suburb,2003,235237.1014
1547,5,2,Rural,1972,121427.9924
1336,4,3,Urban,1983,151531.8082
1358,4,3,Suburb,1950,125967.9511
2313,3,1,Suburb,1957,254275.071
2419,2,1,Urban,1957,259273.0873
2924,3,1,Rural,1956,392727.4227
1815,3,2,Rural,1984,227571.8106
1359,3,3,Rural,2012,178919.5298
2014,2,2,Suburb,1966,280118.0401
1346,2,1,Rural,1986,225892.574
2147,5,1,Rural,1952,251932.8439
1551,3,2,Urban,1967,90801.23835
2676,2,1,Suburb,2010,320284.4766
1537,5,3,Suburb,2006,91106.39298
1653,3,3,Rural,1958,163516.1033
2887,3,3,Suburb,1957,373923.0098
2930,4,1,Urban,2017,340408.2073
1421,2,1,Rural,1999,58890.6862
1335,4,2,Rural,1950,189947.7853
2526,3,1,Rural,1963,274821.729
1056,3,1,Rural,2004,113630.9778
2685,3,3,Urban,1988,332659.3487
2016,5,1,Urban,1958,227879.871
2902,4,1,Suburb,2021,265989.8825
1911,4,3,Rural,1970,230066.458
1716,3,2,Urban,1992,131283.0011
2099,4,3,Urban,2008,161559.2975
2489,3,1,Urban,2020,279695.298
1284,3,1,Urban,1965,165826.6931
1721,4,2,Urban,1981,271367.4721
1385,2,2,Rural,1999,139681.6526
1949,3,3,Suburb,1984,200122.2945
1769,3,3,Suburb,1972,144974.6168
2282,4,2,Suburb,1950,179122.6911
2500,4,3,Urban,1980,176234.1858
2719,4,3,Rural,2020,319874.3131
1839,3,1,Rural,1997,242569.5189
1010,2,2,Rural,1976,160841.4497
1971,2,3,Rural,1951,230213.1703
1671,2,2,Urban,1971,164636.7125
1259,3,2,Rural,1972,129905.2608
1392,4,1,Suburb,1999,122149.5564
1599,2,2,Suburb,2007,236677.3663
2392,2,2,Rural,1993,221965.118
2207,2,2,Suburb,1959,110514.9806
2039,3,2,Rural,1972,204836.1947
1755,4,2,Suburb,2012,229121.369
2529,5,1,Suburb,2004,287706.2502
2109,4,2,Urban,2007,197924.038
1710,4,1,Rural,1962,170701.1819
2033,4,1,Urban,1962,152535.8967
1476,2,2,Rural,1978,196756.9997
2187,4,1,Rural,1951,140623.1562
1023,2,3,Suburb,2001,220386.8124
2599,3,1,Urban,2003,275341.3197
1311,5,2,Rural,1958,98423.00029
2261,3,3,Rural,1977,130511.871
1461,3,1,Suburb,2013,104798.9717
2485,5,2,Rural,1985,246559.7451
2880,4,3,Rural,1952,270752.1151
2261,4,2,Urban,2018,186239.3773
1021,2,2,Urban,1985,143514.3531
1179,4,2,Rural,2018,112632.2873
2841,5,3,Urban,1975,262272.2462
2582,3,3,Urban,1963,437047.7134
1790,4,3,Rural,2016,148310.3026
2759,2,2,Rural,1968,282523.9087
1729,3,3,Suburb,1978,150020.667
2522,3,1,Urban,1985,413242.4124
2498,2,1,Urban,1995,328099.0663
1748,3,2,Suburb,2005,237616.6028
1715,2,3,Rural,1959,140667.0352
1338,2,2,Urban,2016,223443.8591
1530,5,2,Rural,2013,42983.58642
1691,5,3,Suburb,2014,315718.7926
1161,4,2,Suburb,1981,117323.5291
2820,5,3,Rural,1963,301977.468
2084,3,2,Suburb,1953,205308.1087
2108,4,3,Urban,2017,283986.7304
2570,4,2,Suburb,2005,239208.7379
1489,2,1,Urban,1950,129878.9347
1004,5,1,Urban,1953,119570.9691
1075,2,2,Rural,1964,180771.8172
2276,4,2,Rural,2004,356987.4264
1006,2,1,Urban,1989,103853.4882
1680,3,1,Urban,2006,141884.6722
2665,3,1,Suburb,1956,321470.2646
1472,4,2,Urban,2017,261259.7203
2161,3,1,Urban,2018,169454.2524
2381,5,2,Urban,1959,297774.7195
1811,4,3,Urban,2000,319610.112
1837,5,2,Urban,1983,217922.9412
1602,3,2,Suburb,2005,207185.6071
2186,2,2,Suburb,2004,251164.136
1317,5,1,Suburb,1974,151538.0062
2481,5,2,Rural,1968,417153.3055
2276,3,3,Rural,1953,277165.3595
2224,5,2,Rural,1981,292756.7228
2555,5,3,Rural,1981,204444.3046
2764,2,2,Suburb,1971,282729.1489
2698,4,3,Suburb,2007,340213.4347
2188,3,3,Suburb,1996,219936.8622
1231,2,1,Urban,1977,197981.842
1327,2,3,Suburb,1996,124789.7937
1237,4,2,Rural,2004,157093.5521
2143,4,3,Suburb,1966,321297.6334
1949,3,3,Rural,1991,216631.6786
2886,3,3,Rural,1991,369470.7924
1894,3,1,Rural,1969,241747.3365
2904,2,2,Urban,1989,269228.4518
1618,5,3,Urban,1977,148354.758
1249,4,2,Rural,1976,228942.6053
2359,3,2,Rural,1951,293516.5437
2307,3,3,Urban,2004,223525.0479
1197,2,1,Rural,1953,119966.7861
1415,3,1,Suburb,1991,111027.9247
1731,2,2,Suburb,1987,98117.22156
2418,5,1,Suburb,2015,290868.6346
1937,2,1,Suburb,1987,200290.9886
2174,4,3,Rural,1992,200282.4235
2821,2,1,Suburb,2000,191190.9192
2288,5,3,Suburb,1963,286053.2296
2243,5,1,Suburb,1998,302617.6518
2239,4,3,Urban,1950,239315.0193
2338,2,2,Suburb,1972,283557.5231
2691,4,2,Rural,1987,308292.6574
1215,5,3,Rural,1963,169184.4257
2358,2,1,Urban,1958,268972.4494
2382,3,3,Rural,1971,284366.973
2649,5,1,Rural,1983,310956.0375
2184,5,1,Urban,1991,270178.6121
1814,4,2,Suburb,2003,221901.9794
1609,5,2,Urban,1994,268244.2998
1510,4,1,Rural,1963,149413.9547
1917,2,3,Urban,1962,163114.8251
1156,3,3,Rural,2000,118657.6329
1161,3,1,Urban,1967,81282.64014
1041,4,3,Suburb,1998,100390.0685
2203,3,2,Rural,1952,168335.5311
1302,3,1,Rural,2013,157270.5735
2353,5,3,Urban,1965,274750.5996
2586,5,1,Suburb,1977,314347.946
2013,2,1,Suburb,2017,178841.1135
1763,5,2,Suburb,2016,293371.5367
2452,5,3,Suburb,2004,311243.5008
2373,5,1,Urban,1965,205805.7961
1119,5,1,Urban,2011,75975.48068
2098,3,3,Urban,2011,210499.4346
1673,3,3,Urban,2019,128627.695
1660,3,3,Rural,1998,197801.0694
1122,5,3,Rural,1996,154350.8297
1652,3,1,Urban,1971,147147.0359
2205,2,3,Urban,1973,209872.8326
1920,2,1,Suburb,1958,173115.1321
2013,5,1,Suburb,2004,238865.9432
2913,3,3,Suburb,1963,320179.282
1788,2,2,Urban,1990,163612.3979
1256,4,2,Suburb,1990,135345.8761
2977,5,2,Rural,1965,249627.1591
2860,2,1,Rural,2004,264391.7368
1756,2,1,Suburb,1971,218393.0924
1597,2,2,Suburb,1998,163399.8356
2606,4,3,Rural,1975,208740.1003
2292,4,1,Suburb,1983,244570.5025
2516,4,3,Urban,1989,316204.2285
2203,2,1,Rural,1996,291684.2406
1790,4,2,Rural,1975,126264.1703
2172,5,2,Urban,1982,272789.2153
2541,4,3,Rural,1968,314707.6365
2171,5,3,Suburb,1964,250519.3973
2867,2,1,Rural,1969,323478.3302
1679,3,1,Urban,1954,110487.0305
2032,5,1,Suburb,1994,242235.923
2201,5,1,Suburb,2013,216176.3177
1795,5,3,Urban,1973,165113.3411
2418,2,2,Rural,1984,337031.7229
2651,5,3,Suburb,1980,344489.2165
1607,2,3,Suburb,1963,97019.5436
1330,5,2,Suburb,1988,302370.6805
2879,2,3,Rural,1999,332848.0635
1055,3,3,Suburb,1995,69311.2178
2230,2,1,Urban,1957,228286.2393
1104,2,3,Urban,1952,185236.9194
1546,3,3,Urban,1991,230139.0622
2744,2,3,Suburb,1958,249454.0025
1792,2,3,Urban,2012,194831.0134
2904,5,3,Rural,2013,390672.1524
2378,2,1,Rural,1960,285233.6174
2682,5,1,Rural,1956,327359.4519
1488,3,2,Urban,1969,177274.6687
2822,2,3,Urban,1996,157549.4851
2616,3,3,Rural,1961,301191.9701
2526,3,1,Urban,1998,223919.6412
2073,4,2,Urban,1985,248807.7182
2110,2,3,Urban,1970,52046.94035
2726,2,1,Rural,1968,240050.0312
1302,5,1,Urban,2003,224398.6588
2024,5,3,Urban,1995,225605.505
2404,4,3,Suburb,1976,257660.4239
2977,4,2,Urban,1970,354470.3174
1649,2,1,Rural,2003,160721.2945
1647,2,1,Rural,1963,199552.9182
2385,4,3,Suburb,2021,205888.3474
1380,2,3,Rural,2007,109972.7863
2689,2,1,Urban,1954,365851.3228
1161,2,2,Suburb,1956,125923.5581
1018,4,1,Rural,1971,229386.6405
1973,4,2,Suburb,1991,225571.2273
2863,3,2,Rural,2017,270771.2144
1242,5,2,Suburb,1977,89446.00708
1128,3,1,Rural,1962,193346.6271
2199,2,3,Rural,1990,250512.6255
1408,2,3,Rural,1982,125939.5881
1791,3,1,Urban,1952,241081.8476
1942,3,2,Suburb,1955,272951.179
2107,3,1,Rural,2013,199989.1179
2399,2,3,Rural,2003,379885.259
1221,2,2,Urban,2001,142759.8146
2348,3,1,Urban,1989,248640.0039
2474,4,1,Urban,2012,377456.2931
2439,5,1,Urban,2013,318008.6755
2680,5,2,Suburb,1953,323771.687
1444,3,2,Urban,1987,264732.557
1617,4,1,Rural,1987,167164.1005
2348,5,3,Suburb,1956,268705.7023
1522,4,3,Suburb,1973,189447.7904
1165,5,2,Urban,1985,187197.8218
1707,5,3,Urban,1994,108199.8567
1742,2,1,Urban,1973,152529.4651
2682,4,2,Suburb,2003,217824.2231
2894,5,1,Suburb,1985,275424.8809
2261,4,1,Urban,1968,296718.9186
2008,3,2,Suburb,1972,255216.7224
1912,3,1,Urban,1970,213071.0251
2036,4,3,Urban,1971,290266.3245
2754,5,1,Suburb,1996,323596.1845
2280,3,1,Rural,1960,283420.0357
2537,3,3,Suburb,2002,258349.3229
2233,5,2,Rural,2019,171307.7758
2507,3,2,Suburb,1971,374609.3117
1364,3,3,Rural,1951,123905.998
1224,5,1,Rural,1982,88428.74979
1995,4,3,Suburb,1975,220297.2624
1193,4,2,Urban,2006,117507.0724
2219,5,2,Rural,1955,270310.3475
2423,5,1,Rural,2018,234075.1576
2795,4,3,Urban,2007,291743.1934
1056,5,1,Suburb,1967,79160.07977
2992,4,2,Suburb,1996,313085.3611
2648,4,2,Urban,2004,237763.2411
1212,2,1,Urban,2018,121726.0348
2302,3,1,Rural,2003,224149.2342
2779,5,2,Urban,1981,310213.9966
2403,2,3,Urban,1960,213099.8287
1116,4,2,Suburb,1985,78445.64346
2921,5,1,Rural,1999,282531.3526
2474,3,3,Rural,1950,179626.255
1598,4,1,Suburb,2021,153530.731
1409,2,1,Suburb,1965,39754.10017
2916,4,3,Rural,1951,288938.762
2390,5,2,Suburb,1981,297625.9035
2798,3,1,Suburb,2011,319181.4944
1811,4,1,Urban,1996,209418.2046
1928,5,2,Urban,2014,186165.601
2136,5,2,Rural,2017,284262.0895
2983,4,3,Urban,1978,252056.6905
2187,3,2,Rural,2003,210990.7499
1003,5,2,Suburb,1999,96163.11334
2653,2,1,Rural,1953,280799.8519
1022,2,1,Urban,2018,89787.86055
1920,3,2,Urban,1968,203228.6842
1744,3,3,Rural,1991,167275.062
1601,2,3,Rural,1961,255029.6651
1987,3,1,Rural,1997,204315.2201
2790,2,3,Rural,2008,196974.5007
2115,4,3,Urban,2009,310340.8725
1468,2,1,Rural,2002,154689.8561
1969,3,2,Urban,2002,310051.64
2178,4,2,Rural,1969,286441.3959
2842,3,1,Urban,1986,229840.1609
1626,2,1,Suburb,1953,92690.29467
1206,4,1,Rural,1960,196303.4649
2013,5,2,Urban,1971,239069.0958
1080,2,3,Rural,1960,28845.04392
1614,4,2,Rural,2006,131394.2935
1482,5,2,Urban,2001,116132.1765
2988,3,1,Rural,1984,278439.1896
1591,2,3,Suburb,1979,134862.7205
2430,4,2,Urban,1950,345348.6755
2126,5,3,Urban,1953,175910.2811
2263,4,3,Suburb,1976,192470.902
2288,4,1,Suburb,1996,214041.439
1032,2,3,Urban,1966,140833.4475
1034,3,2,Suburb,2003,131387.6615
2272,5,3,Suburb,1992,227983.5102
1999,3,1,Suburb,1996,209652.8914
2073,5,2,Rural,1962,274245.669
1279,4,3,Rural,1989,99773.61476
2777,5,2,Suburb,1976,339468.5292
1151,5,2,Urban,1991,177643.7591
2682,3,1,Rural,1981,206812.9725
2574,5,2,Rural,1992,334677.5962
1700,2,1,Urban,1959,214679.1802
2560,3,1,Urban,1986,311474.6968
2779,3,3,Rural,1956,211492.2389
1734,2,1,Suburb,1960,256421.0207
2018,2,3,Urban,2006,231655.6168
2253,3,2,Urban,1950,280915.8114
1664,3,2,Suburb,1966,243165.7357
1922,3,1,Urban,2015,221325.4781
2311,4,3,Urban,1978,321576.9721
2418,5,2,Rural,2011,261575.5616
1452,2,3,Suburb,2007,114611.1584
1619,4,2,Suburb,1997,173883.8402
2056,4,3,Rural,2012,253916.0543
2938,4,1,Urban,1950,315414.1932
2386,5,2,Urban,2009,352771.4584
2134,4,1,Suburb,1988,265863.3406
2144,3,1,Rural,1990,137201.346
1015,2,3,Rural,2018,148609.1711
1738,5,1,Urban,1992,301935.8546
2546,5,1,Urban,1996,328619.632
1714,3,1,Rural,1966,273141.8997
1713,2,1,Rural,1966,292469.1533
1097,4,3,Urban,1979,34180.95337
1115,5,3,Rural,1960,228691.0819
1964,2,1,Urban,2003,243014.3681
2494,5,2,Rural,1969,265721.1102
2462,2,1,Suburb,1989,310706.7916
2304,2,1,Suburb,1955,346428.2043
1348,2,2,Suburb,1952,187997.6775
1231,3,2,Suburb,1955,151540.0556
2996,5,1,Suburb,1990,448600.0482
2134,4,3,Suburb,1998,311393.6096
2375,3,3,Rural,1971,293254.5358
2953,4,2,Suburb,1951,333623.9597
2035,3,1,Suburb,1970,219170.2118
1983,3,1,Urban,1958,105827.8439
2511,3,1,Urban,2011,210465.7984
2556,2,1,Urban,1966,328647.7185
1638,5,1,Suburb,2001,228886.739
1284,2,2,Rural,1952,174622.4713
2970,2,3,Rural,1984,294647.4129
2656,2,2,Urban,2009,344982.8297
1635,3,2,Suburb,1968,180278.6662
2942,3,1,Urban,2018,263202.3913
1544,4,2,Urban,1973,227634.3806
1391,5,1,Urban,1980,182445.6067
2193,2,2,Urban,1995,256076.03
1076,2,1,Urban,1997,132247.9722
2988,2,3,Rural,1972,303223.1436
1296,5,1,Suburb,1972,207845.0367
1329,5,1,Suburb,1958,308639.1281
2086,5,3,Suburb,1974,254027.6482
1269,2,1,Urban,1978,107626.7194
1215,5,1,Rural,1996,130339.4969
2213,2,3,Rural,1963,237314.2632
2098,2,1,Rural,2017,194795.8563
2709,5,2,Suburb,1991,352130.2403
1509,3,1,Suburb,1954,203586.5539
1578,2,2,Suburb,1950,211195.2741
2116,2,3,Urban,1979,251903.2022
2076,3,2,Suburb,1976,251785.015
1495,5,3,Rural,2003,126081.4183
1947,4,1,Suburb,1970,183297.5629
1093,3,1,Urban,1976,165193.3494
1624,5,3,Rural,1988,158959.779
1228,2,2,Rural,1960,70670.4079
1249,3,2,Rural,2009,171969.6141
2414,2,2,Rural,2001,275630.747
1720,3,2,Rural,1991,191450.1973
1979,4,1,Rural,1994,215701.7659
1181,2,2,Rural,2014,122614.9065
1266,5,3,Urban,1986,135097.687
2003,3,2,Rural,1987,276757.07
1280,3,3,Suburb,1976,155287.8647
2978,3,3,Urban,2017,229510.2067
1961,2,1,Urban,2015,210527.1282
1666,5,3,Rural,2015,88284.47555
2106,3,2,Urban,1994,270001.3523
2209,2,2,Urban,1979,205007.0721
2884,2,1,Rural,2009,281043.2252
2674,4,2,Urban,1982,341924.3879
2590,5,3,Urban,1970,348931.0575
1530,4,2,Suburb,2001,146778.9059
2371,3,3,Suburb,1954,293207.206
1422,2,2,Rural,1963,151003.4621
1980,3,2,Urban,1951,264249.4262
2881,2,2,Rural,2004,409419.0346
1453,2,3,Urban,2020,183220.7534
1266,5,3,Urban,1968,92841.41039
1506,3,1,Urban,2010,196273.9086
2165,5,3,Urban,1960,222355.6696
1315,2,3,Rural,1952,163910.8416
2699,3,2,Urban,1967,261571.164
1763,2,2,Urban,1995,240780.8881
2255,3,1,Urban,1998,251002.2897
2320,3,1,Urban,1954,274131.7813
1897,4,1,Suburb,2015,229672.2759
1952,4,2,Rural,1978,262201.968
1874,5,1,Urban,1976,170032.9149
2595,2,2,Urban,2002,329402.8977
1915,5,2,Urban,2012,153797.8435
1021,3,1,Rural,1967,85933.81662
1383,5,3,Rural,1988,240573.531
2149,3,1,Suburb,2006,189567.9055
1102,5,1,Suburb,2016,156810.1105
1899,5,2,Urban,1963,158907.6791
2975,3,2,Urban,1960,303620.5185
1732,3,3,Urban,2004,158710.6932
1109,5,2,Urban,1969,180588.9085
2593,3,3,Urban,1998,226455.2753
2495,5,3,Urban,1989,204602.5224
2088,2,3,Urban,1974,264801.7233
2495,4,3,Suburb,1981,245421.0809
2593,3,1,Urban,2009,284476.8818
1669,3,1,Suburb,2019,141086.1875
2099,5,1,Rural,1999,170524.0894
2042,3,1,Urban,1987,162897.4007
1383,2,2,Urban,1970,79630.15393
1189,4,3,Rural,2014,105300.1382
1761,4,2,Rural,1950,224656.9582
1359,3,1,Rural,1953,211796.9797
1874,2,3,Rural,1991,145796.1481
1885,4,3,Rural,1953,223661.803
2475,4,2,Suburb,1975,243906.0773
1078,2,1,Rural,2021,61717.39741
1595,4,2,Rural,2011,204049.2216
2195,5,3,Urban,1996,271055.953
2235,2,1,Suburb,2012,274863.1338
1885,4,1,Suburb,1998,202337.3366
2014,2,2,Rural,1955,169584.5289
2468,3,2,Suburb,1972,304173.9212
1148,4,2,Urban,1953,119316.9614
1009,4,1,Rural,2010,182939.73
2565,5,3,Urban,1975,296540.7349
1791,5,1,Rural,1976,231770.6464
2967,4,1,Rural,2021,342956.2425
2078,2,1,Suburb,1971,173981.1308
1871,4,1,Urban,1987,220411.9825
2662,5,2,Suburb,1957,329858.3234
1179,5,2,Suburb,2012,130972.391
1743,4,3,Rural,1972,303656.684
1380,2,1,Urban,1961,132603.6754
2445,4,1,Urban,1968,387307.7666
1450,4,3,Urban,1969,228255.9598
2116,2,1,Suburb,1982,274645.4477
2543,2,1,Urban,1959,388070.2645
2436,2,3,Urban,2020,318261.081
2782,4,3,Rural,1969,344451.6456
1393,3,3,Urban,1955,133234.5982
1964,2,3,Urban,1970,208054.9043
2354,4,1,Rural,1999,227571.6513
2731,3,3,Rural,1983,270538.8697
1432,5,3,Urban,1977,256517.8918
1953,3,2,Rural,2002,185339.2092
2186,2,2,Urban,1961,261653.8492
1945,2,3,Suburb,2007,278071.0766
2063,2,3,Suburb,2003,261105.6454
1765,5,2,Rural,2014,248393.1083
1907,2,3,Rural,2000,142617.7809
1084,2,2,Rural,1963,154353.5127
1783,4,2,Rural,1986,241832.7186
2613,4,2,Urban,1977,322841.1607
2748,5,1,Urban,2019,287373.2464
1815,2,2,Urban,1956,155879.8767
2790,4,3,Rural,1980,246701.3439
2114,2,3,Suburb,1953,173168.5701
2507,2,2,Urban,1976,310117.2186
2408,3,1,Suburb,1988,133655.5536
2216,2,3,Urban,1973,245842.5586
2276,3,2,Urban,1983,219786.522
2813,4,3,Rural,1950,345380.304
2678,2,2,Rural,2005,347417.3423
2267,3,3,Suburb,1989,257710.2026
2747,3,1,Suburb,2009,274102.8383
1706,4,1,Rural,2010,159300.978
1269,3,1,Rural,1973,113438.4624
1840,2,1,Suburb,1973,206804.4582
2042,2,3,Rural,2006,206356.55
2063,3,3,Urban,2000,211356.445
2633,2,1,Urban,2021,359086.1776
1515,2,3,Rural,1956,155038.7079
2056,5,2,Rural,2013,202439.214
2834,3,1,Suburb,2004,277853.3565
2700,4,3,Rural,1967,392163.9648
1449,4,2,Rural,1997,143176.142
2562,2,2,Urban,2018,237766.1629
1684,3,3,Rural,1957,84384.9775
2872,2,1,Rural,2021,332479.2621
1624,2,2,Urban,1958,243003.5728
2969,3,1,Rural,1960,318365.7712
1884,4,3,Suburb,1957,217021.2755
2915,5,3,Rural,1979,310915.4544
2630,5,3,Suburb,1993,267757.844
1318,2,1,Urban,1976,179455.032
2768,5,1,Urban,1951,273610.2102
2669,4,2,Urban,1973,237119.6195
2147,2,2,Rural,1980,254622.2968
2395,3,1,Urban,2002,265550.8225
2374,5,3,Rural,2008,198253.4531
2346,3,1,Suburb,1967,268886.9976
1487,4,2,Rural,2020,251662.1152
1450,2,3,Rural,1966,194798.2773
1352,3,2,Rural,2000,187339.1987
2139,2,3,Urban,1994,220289.8179
1954,5,1,Rural,2010,311750.4733
2036,2,2,Rural,1950,256005.3784
2940,4,3,Urban,1979,365904.2804
1319,2,2,Suburb,1977,152915.3443
2188,2,1,Suburb,1979,273907.8593
2743,5,2,Rural,1985,292472.0985
1084,4,2,Suburb,1972,187355.3819
1247,3,3,Suburb,1997,164125.958
2455,2,3,Rural,1997,241411.4451
1567,2,1,Suburb,2001,254973.8264
1683,3,3,Suburb,1983,180406.6436
2676,4,3,Urban,1981,256556.6553
1643,3,2,Urban,2013,309248.6531
1478,2,1,Rural,1986,164581.2626
1712,2,1,Urban,2004,186044.3385
1367,4,3,Rural,1954,191667.9152
2824,5,2,Suburb,1953,335837.7133
2956,4,1,Suburb,1995,289143.1121
2844,3,1,Urban,1979,190662.0405
1356,4,2,Urban,1959,246894.4544
1407,3,3,Suburb,2007,157434.3329
2368,5,3,Suburb,1958,367716.9297
1178,5,3,Suburb,1956,221271.091
2448,3,2,Suburb,2010,376581
2564,2,2,Suburb,2007,290445.8804
2466,3,1,Rural,1970,248513.5463
2959,3,2,Suburb,2012,255350.7209
2842,4,3,Urban,1965,295196.9171
2329,5,1,Suburb,1967,270745.837
1366,4,2,Urban,1999,160857.0689
2059,2,2,Rural,1963,187562.7308
1462,2,1,Urban,2011,116370.862
2644,2,3,Rural,1971,261300.5147
1827,3,3,Rural,1961,191063.3317
2169,4,2,Rural,1997,302116.9884
2811,3,1,Suburb,2006,308849.8015
2924,2,2,Suburb,2009,269243.366
1145,5,1,Suburb,1968,193789.0565
1379,4,2,Suburb,1974,159290.9688
1167,3,3,Rural,2016,191930.7713
2792,4,1,Suburb,1978,279402.0586
2298,3,3,Rural,1995,301088.4128
1086,5,3,Urban,2015,216659.1766
1153,5,1,Suburb,1984,190885.9247
1496,2,1,Urban,1977,158774.2271
2820,5,2,Rural,2013,242115.2081
1314,3,1,Suburb,1972,279854.1766
2854,3,2,Suburb,1996,232120.2405
2633,2,1,Urban,1981,252789.0295
1722,2,3,Rural,2018,289376.1046
2981,5,1,Rural,1994,372208.3987
2583,5,1,Rural,1960,318329.6951
2853,3,2,Urban,2008,260159.2318
2297,3,2,Urban,2006,254662.3823
2729,3,3,Rural,1991,288431.6676
1763,2,1,Suburb,2011,212601.8803
2818,2,2,Suburb,1971,229213.7462
1261,2,1,Rural,1966,157706.263
1486,4,3,Urban,1960,185500.4942
1453,4,2,Rural,1952,198694.5452
1442,2,3,Urban,2007,277406.4922
2285,5,2,Rural,2018,193936.2152
1542,4,1,Rural,2014,162042.1343
2128,5,2,Rural,1995,259762.8791
1349,4,3,Suburb,1955,263580.2585
1823,3,2,Suburb,1962,194061.067
1437,3,1,Urban,1959,234108.2655
1168,3,1,Urban,1966,132376.1543
2771,5,3,Urban,1959,384942.4076
2809,4,3,Suburb,2021,263053.7373
2366,4,2,Suburb,1964,143313.4491
2253,5,1,Suburb,1975,243651.0215
1022,3,1,Urban,2015,99071.21401
1987,5,2,Suburb,1970,195136.4857
1675,3,2,Urban,2021,152123.079
1280,2,3,Suburb,1966,153507.8967
2542,4,3,Rural,1970,269903.2182
1721,5,2,Rural,2014,269235.332
1252,5,2,Rural,2009,198010.872
1403,3,2,Rural,1952,181526.2299
1132,5,1,Urban,2003,174647.2733
2297,3,3,Urban,1982,199903.6619
1617,3,3,Suburb,1977,182848.6464
1231,4,1,Suburb,1991,143590.3589
1544,3,3,Urban,1978,163073.8558
1078,3,2,Rural,2011,118650.6408
2058,5,1,Rural,2005,297146.278
1494,5,2,Urban,1952,189869.8103
2133,3,3,Urban,1973,264741.0665
2344,3,1,Rural,1975,234001.9238
2598,3,3,Rural,1973,378192.8219
1327,2,2,Urban,1963,222572.9795
1966,3,2,Rural,2017,236867.843
2832,2,3,Urban,2002,362850.425
1689,5,1,Rural,2016,179096.0871
1383,4,1,Urban,2008,166911.4831
2387,4,1,Suburb,1961,230352.6248
2255,4,2,Suburb,1950,316911.0673
2639,4,3,Rural,1973,355463.6109
2437,5,1,Suburb,1954,363818.0683
2317,4,1,Rural,1984,265801.913
1546,5,1,Rural,1994,203684.8843
2729,5,1,Urban,1986,307325.2801
2197,3,1,Rural,2001,210371.1166
1391,3,3,Suburb,1978,152984.2582
2125,4,2,Suburb,1970,208490.3092
2859,3,3,Urban,1976,213258.1775
2316,2,2,Urban,1970,320304.5319
2108,2,2,Urban,2007,199047.9465
1908,5,3,Suburb,1971,206301.8112
2224,3,2,Rural,1983,244213.3152
1684,4,2,Suburb,1951,186178.5462
1540,4,2,Suburb,1951,163116.4679
1296,2,2,Urban,1979,170448.4736
1055,3,1,Rural,2001,90646.09678
2495,2,3,Urban,1962,383791.5184
2039,3,3,Suburb,1964,198972.0776
2675,4,1,Suburb,1952,265442.5906
1065,2,1,Rural,1982,184152.1418
1957,3,1,Rural,1960,271045.767
2682,4,3,Rural,2004,324686.1142
2693,3,1,Suburb,1970,301643.8981
2935,4,3,Suburb,1988,346660.8217
2495,5,1,Urban,2013,302355.7299
2932,5,3,Rural,1988,298901.8503
2604,3,2,Suburb,1998,278514.7743
2046,2,1,Rural,2004,314058.2657
1701,3,2,Rural,1999,219904.9871
1759,5,1,Urban,1996,179797.1756
1485,2,3,Urban,1991,203351.3898
2438,5,2,Rural,1952,214234.2743
1820,5,2,Urban,1995,160139.2281
1887,2,2,Suburb,1990,223545.3446
2680,2,1,Rural,1986,343934.2087
2919,5,1,Suburb,2011,320181.2824
2328,4,1,Suburb,1977,206588.9522
1176,2,2,Suburb,1956,146782.355
1194,5,3,Suburb,1991,208017.6449
2945,2,2,Urban,2001,348226.4206
2036,2,2,Rural,1962,248528.9319
1875,5,3,Rural,1970,203659.2973
1165,4,3,Rural,1994,58901.76684
2173,3,2,Urban,1951,318595.2135
2364,5,2,Urban,2000,314338.8468
2948,4,3,Suburb,1961,350285.6896
1556,5,2,Suburb,1967,185282.6806
2197,4,2,Rural,1955,158513.2806
1166,3,3,Urban,1993,271920.386
1708,3,1,Suburb,1956,238271.3922
1717,2,2,Urban,1980,265165.3291
2617,2,2,Urban,1955,289448.4914
2603,3,1,Suburb,2003,262460.381
1096,5,3,Suburb,1991,142642.5477
1678,3,1,Rural,1965,149157.9664
1403,4,2,Suburb,1954,84877.58629
2100,4,1,Rural,1968,163184.606
2260,4,3,Suburb,2000,227281.8821
2731,3,2,Suburb,1984,330847.5983
1290,2,1,Rural,1956,150303.75
1135,4,2,Suburb,2017,186308.0764
2843,4,3,Suburb,1977,303367.9417
2831,3,1,Rural,2005,245011.443
1888,4,3,Suburb,2010,195829.6247
1880,3,2,Rural,2013,220639.6817
1366,2,2,Suburb,2000,165916.1947
1547,4,3,Rural,1976,179013.9638
1901,4,2,Rural,2002,182506.0049
1247,4,3,Urban,2008,167975.7304
1765,3,3,Rural,1989,237293.2425
2237,3,3,Urban,2017,124584.4646
2787,5,2,Urban,1969,275834.0888
1069,2,3,Suburb,2009,80385.01438
1745,5,2,Urban,2021,237118.7303
1995,5,3,Rural,1961,249801.2591
1328,5,2,Rural,1969,196217.0468
2039,3,1,Suburb,1991,182844.6405
2510,4,3,Suburb,1964,278599.7293
2197,4,1,Urban,2000,241804.096
1698,3,1,Rural,1966,135653.6261
1805,5,3,Suburb,2021,187772.6921
2760,2,1,Urban,2012,260378.5823
1273,3,1,Suburb,1979,90098.3156
1523,5,3,Urban,1973,110499.1391
2845,3,1,Suburb,1999,321345.0667
1218,4,3,Suburb,2013,192330.3859
2023,4,3,Rural,1985,264296.8578
2966,4,1,Suburb,1990,296741.7241
1512,5,3,Urban,1993,309653.8165
2422,3,1,Suburb,2000,228806.8428
2134,5,3,Urban,2002,258376.6427
1463,3,3,Rural,1953,208371.7735
2812,2,3,Suburb,1992,304224.5925
2664,4,1,Suburb,1976,371548.4283
2116,2,2,Suburb,2015,309724.9913
1450,4,1,Urban,1954,206236.7479
2419,2,3,Urban,2006,251214.9578
2915,5,1,Urban,1986,297513.4241
1923,4,3,Rural,1984,195173.7212
2574,5,2,Rural,1965,387213.1741
1932,5,2,Rural,1958,218601.6886
1478,3,1,Rural,1971,243002.3059
1315,4,1,Suburb,2018,190331.6494
1670,2,2,Suburb,1973,135925.964
1697,2,1,Urban,1963,233459.9146
1992,4,3,Urban,1955,232420.9241
2376,3,3,Rural,1997,252083.3212
1767,4,1,Rural,1988,190034.1428
2262,5,2,Rural,1969,250244.9926
2127,3,3,Suburb,1971,196754.1439
1906,5,3,Rural,2007,184859.5616
1877,4,3,Urban,1983,236708.4577
2052,3,3,Rural,1981,249655.4882
1088,4,2,Rural,2017,130007.0587
1374,4,3,Urban,1996,4771.570194
2420,3,2,Rural,1967,238097.8008
2586,3,2,Rural,1990,297066.6611
1363,4,2,Urban,1970,234754.43
2973,2,3,Urban,2021,403625.0127
1146,3,3,Rural,1972,180203.115
1313,2,2,Urban,2007,148550.7636
1547,2,3,Suburb,1966,254523.192
1795,2,3,Urban,2010,273518.9807
2475,2,3,Rural,2009,193372.3465
1898,5,2,Urban,1958,215091.4206
2529,4,2,Suburb,1993,322234.9076
2509,3,3,Urban,1981,233920.028
1100,4,3,Rural,1990,149156.0671
1106,4,2,Suburb,1980,73150.21694
1856,4,1,Suburb,1950,176484.8989
1936,4,2,Suburb,1974,200026.136
1290,4,3,Rural,1961,78634.8306
2372,3,1,Urban,1990,283110.1774
1616,4,3,Suburb,1980,203780.4452
2756,4,2,Urban,2014,231584.2853
1587,4,3,Urban,1955,242799.1114
2250,5,1,Urban,2018,257908.751
1595,2,3,Rural,2005,109550.2623
1976,5,2,Rural,2018,211661.0961
2611,4,2,Rural,1960,346887.448
2784,5,2,Urban,1978,339718.863
2790,3,2,Urban,1956,283119.6123
2073,3,1,Rural,1977,206411.6209
1867,3,3,Rural,1969,214790.1803
1969,2,3,Rural,2006,267161.7623
1721,3,1,Urban,1963,214405.0972
1157,2,3,Suburb,1991,157447.9572
1327,3,1,Urban,1981,135944.4584
2768,5,1,Rural,1966,386136.3476
2906,5,1,Suburb,1994,386543.0235
2100,5,1,Urban,1977,234171.079
1734,5,2,Urban,1995,241617.1257
1632,2,1,Rural,1974,258536.6652
2477,3,1,Suburb,2008,304590.4096
2333,4,2,Urban,1995,256594.9628
1326,5,1,Urban,1971,216452.1862
1507,3,1,Suburb,1980,201732.2806
2876,3,2,Urban,2019,358352.6711
1869,3,1,Rural,1982,209152.1457
2130,4,3,Rural,1981,248566.5836
1240,5,1,Suburb,1968,231975.042
1434,2,2,Urban,1952,185912.4113
2051,2,1,Suburb,1975,167981.8335
1703,4,1,Rural,1989,122166.717
2272,4,2,Urban,1998,173069.1676
2387,2,2,Suburb,2004,213240.4337
2748,2,3,Suburb,1991,340005.1571
2556,5,3,Rural,1996,267846.8607
2495,2,3,Suburb,1982,290690.7253
2690,2,3,Rural,1971,370570.5725
2562,2,2,Urban,1997,148380.5238
1588,4,3,Rural,1983,148982.2338
2841,2,3,Urban,2001,290056.478
1412,2,2,Rural,1964,140209.7128
2958,5,1,Urban,2008,316149.5087
1568,3,1,Urban,2005,123331.0128
2654,4,1,Suburb,1961,260341.9931
2188,4,1,Urban,2013,257597.7003
1988,5,1,Rural,1994,227437.5469
2599,2,2,Rural,1960,243993.591
2071,3,3,Suburb,2003,237402.508
2685,5,3,Suburb,1984,344858.315
1483,3,3,Suburb,1983,176401.4076
2181,2,1,Suburb,2000,231375.8985
1667,3,2,Urban,1978,189516.429
1150,5,1,Suburb,1986,166776.8621
1224,2,2,Suburb,1998,231214.8469
2283,4,2,Urban,1969,290021.5765
2410,3,1,Rural,1993,194002.99
1255,2,2,Rural,1997,132214.2915
1060,2,1,Rural,1986,104876.5108
2887,5,3,Suburb,2009,313422.6244
2795,2,2,Urban,2014,311531.6907
2856,5,2,Rural,1959,258888.1002
1395,4,3,Urban,1950,143732.3412
2420,3,3,Suburb,2003,193789.5532
2185,4,2,Rural,1977,191111.2492
1379,5,3,Suburb,1992,112561.1638
2466,4,3,Suburb,2014,264651.209
1348,3,2,Suburb,1956,141424.5633
2992,4,1,Suburb,1959,343506.6752
1030,2,2,Rural,1967,92885.56522
1070,3,2,Urban,1962,101289.8931
1396,4,1,Rural,1976,205534.6107
2461,3,3,Rural,1972,202499.6024
1001,4,2,Rural,1978,85583.80092
1928,2,3,Urban,1963,282399.4457
1561,5,3,Suburb,1961,176298.2022
2158,4,1,Suburb,2014,178731.5612
1145,3,2,Suburb,1999,61259.08121
1178,4,1,Rural,1972,182237.0483
1263,5,1,Rural,1997,112002.4344
2334,2,1,Rural,1986,186533.7776
1203,2,2,Urban,1986,118464.9255
2834,5,2,Rural,2009,328916.4557
1698,2,1,Rural,1968,199557.0586
2053,4,2,Urban,1974,249159.7269
1058,3,2,Rural,1993,139097.1472
2032,4,3,Rural,2018,269953.4788
1987,5,3,Suburb,1982,192191.8304
2347,4,1,Suburb,1960,315560.3851
1166,4,1,Urban,2010,257640.8091
2360,5,3,Urban,1986,264898.0838
1906,3,3,Suburb,1963,228365.8028
2402,2,3,Urban,2018,278049.165
1897,5,2,Suburb,1973,274955.678
1790,2,3,Urban,2016,192519.3094
2726,2,1,Suburb,2005,221169.7239
1241,5,3,Rural,1952,123229.8215
2813,3,3,Urban,1967,280784.6825
2980,5,3,Rural,1967,304554.5963
2689,5,1,Rural,1999,318939.1977
1907,4,1,Suburb,1968,232564.0606
2183,4,1,Urban,1951,245532.6123
1776,5,1,Urban,2009,124918.2687
2258,4,3,Rural,1955,261585.8805
2476,3,1,Urban,1994,290058.0226
2881,4,3,Rural,1974,358244.6519
1198,3,3,Suburb,1996,60403.27041
2500,2,2,Rural,2007,365628.8504
2056,2,1,Suburb,2019,163686.744
1407,3,1,Rural,2011,205974.4772
2112,2,2,Suburb,1969,240668.1375
2630,3,3,Rural,1967,361932.7211
1220,5,1,Urban,2014,48255.88092
2092,4,3,Urban,1975,185438.9313
2317,2,2,Rural,1988,275787.6746
2260,2,1,Suburb,1984,248385.2087
2930,5,3,Urban,1974,309393.5732
2183,4,3,Suburb,1996,208296.0369
2855,4,2,Rural,1952,338001.7984
1839,3,3,Suburb,1968,117107.4915
1787,2,2,Urban,1963,313013.3766
2313,4,2,Suburb,2011,302284.1792
2902,2,2,Rural,1962,281328.4602
1553,2,1,Suburb,2011,191531.9666
2927,2,2,Urban,1985,303962.5586
1577,2,1,Suburb,1994,116317.9536
1532,3,3,Suburb,1956,163035.3106
1334,4,1,Suburb,1973,200534.6277
2020,2,3,Suburb,1973,223511.3659
2605,4,2,Rural,2008,260216.2705
2796,5,1,Urban,1975,363288.5398
2525,5,1,Suburb,2013,233114.1667
1245,4,1,Suburb,2021,119857.3906
2346,3,2,Urban,1993,265501.4146
2770,3,2,Rural,1982,320310.2446
2962,5,1,Urban,1951,269929.6616
2807,2,2,Suburb,1988,339785.3887
1610,5,2,Rural,1963,139878.4634
1328,2,1,Rural,1996,102027.5964
1546,5,2,Urban,1999,115704.6177
1338,5,3,Urban,1978,139018.0577
2194,3,1,Suburb,1964,184159.6286
2133,4,2,Suburb,1980,235384.5848
1993,4,3,Rural,1989,213688.9384
1806,5,1,Rural,1999,202289.1628
2033,3,3,Rural,1985,243704.906
2225,2,2,Urban,1984,234038.2776
2939,5,3,Urban,1980,274642.3957
2280,2,3,Suburb,1954,195212.1391
2285,2,1,Rural,2020,192157.1426
1692,3,1,Rural,1986,109561.6789
1429,3,3,Suburb,1969,120149.5192
2530,4,3,Rural,2007,280679.8326
2089,3,3,Urban,1955,234538.3262
1805,5,2,Rural,2008,218302.5435
2696,5,2,Urban,1987,346670.5339
2602,2,2,Urban,2005,254065.0737
1611,4,1,Suburb,1963,141174.4003
2612,2,1,Urban,1955,321958.5079
1034,2,1,Urban,1984,96996.9561
2998,4,1,Rural,1989,403399.47
1556,2,3,Urban,2009,134712.3228
2685,4,1,Urban,1978,283843.9303
1490,2,1,Suburb,2008,165809.2883
2603,2,3,Suburb,2016,294512.6502
1253,4,3,Rural,2018,164124.9666
1016,5,2,Rural,1958,232782.9164
1260,2,3,Suburb,1969,92199.07633
2748,2,3,Rural,1985,292716.6884
2848,5,1,Rural,1985,357694.4976
2279,4,3,Urban,1964,273109.2775
1727,4,2,Rural,1956,176877.1015
2886,5,3,Rural,1968,282911.2313
2447,4,2,Suburb,1975,228399.575
1500,3,1,Urban,1970,163251.8838
2015,2,3,Rural,1970,223927.5546
1285,4,2,Suburb,2009,76545.37049
2961,5,2,Rural,1975,249034.4065
1006,2,1,Suburb,2013,101861.8244
2520,5,3,Urban,1967,294515.2238
2915,4,1,Rural,1999,327750.1835
2222,5,2,Suburb,1955,351727.5426
2626,5,1,Urban,1959,329903.9549
1658,2,2,Rural,1965,156637.3247
1936,2,3,Suburb,2010,161025.2201
2441,4,2,Rural,1982,305702.2552
2685,5,3,Urban,1991,278989.2165
1051,5,2,Urban,2005,91725.0247
1242,4,1,Rural,1951,170437.9181
2242,5,1,Suburb,1992,292292.2386
1517,5,2,Urban,2013,127302.5466
1969,5,2,Urban,1999,281602.9994
1108,5,1,Suburb,1992,127185.1248
2374,3,1,Suburb,1975,195484.3108
1920,4,2,Rural,2020,231278.283
1065,4,2,Urban,1977,188721.5
2033,5,1,Suburb,2009,234973.3592
1201,4,3,Urban,1986,111032.3264
2817,3,3,Suburb,1992,231244.6406
1900,5,3,Urban,1972,176332.6724
1213,2,3,Rural,2002,132752.9451
1067,3,1,Suburb,2018,213702.571
1758,2,2,Urban,1963,186832.6401
1865,4,3,Rural,1984,264011.478
1326,4,1,Rural,2017,178719.3978
2073,4,3,Urban,1996,304889.7503
2040,5,2,Rural,2012,362946.7039
1522,3,1,Rural,1967,220123.3791
2844,3,2,Urban,1981,323111.8007
2329,5,2,Suburb,1981,328397.9279
2415,5,1,Suburb,1975,323044.1494
1987,4,2,Suburb,1968,239818.2364
2147,3,2,Rural,1986,236136.2362
2003,4,3,Rural,1961,258689.7397
1503,3,2,Rural,1985,206413.3542
2248,5,2,Urban,1987,182851.7792
1755,4,2,Suburb,2020,246903.2543
2341,3,3,Suburb,1950,264191.8223
1472,5,2,Urban,1964,312907.9728
2867,2,2,Suburb,1952,296673.4221
2914,4,3,Urban,2005,262846.4768
1857,3,3,Urban,2000,197180.904
1540,3,1,Suburb,1975,223613.9027
2381,4,1,Suburb,1960,229930.7901
2506,3,2,Suburb,2010,185948.4487
1868,2,3,Rural,1990,79308.90653
1877,2,1,Rural,2016,245405.7517
1939,3,1,Suburb,2016,168659.1316
1876,4,3,Suburb,1967,232481.2535
2452,3,2,Rural,1963,267729.8011
1796,3,2,Urban,1997,256319.4955
2520,2,3,Suburb,2002,291925.3589
1471,5,2,Suburb,2018,252869.6815
2594,5,3,Suburb,1956,264896.7862
2678,3,2,Suburb,2021,274050.9062
1837,4,1,Urban,1990,158217.9488
2887,2,3,Suburb,1951,270732.8027
2323,5,2,Suburb,2019,242939.0064
2761,3,2,Rural,1991,375692.8091
2699,4,3,Rural,2000,272005.4651
1083,2,2,Urban,1953,153190.7561
1376,5,1,Rural,2016,271724.6386
2336,5,2,Suburb,2013,207156.1085
2652,5,1,Rural,1969,217468.2549
2343,4,2,Suburb,1976,288590.0068
1203,4,1,Suburb,1996,146737.6896
2378,4,1,Suburb,2014,270580.347
2008,3,2,Suburb,1980,241154.8161
2317,2,2,Urban,1995,217153.8938
1503,3,3,Suburb,1952,221225.7009
2168,2,1,Suburb,1966,248768.7538
1538,4,3,Rural,1991,272841.6002
1016,5,2,Urban,1971,58808.49088
1574,4,3,Urban,1990,237897.33
2802,3,1,Urban,1992,336379.1471
1575,4,1,Urban,2008,129190.648
2014,4,3,Suburb,1961,179050.0707
2062,4,1,Rural,2018,313093.2575
1129,5,3,Suburb,1972,133621.3486
1114,2,1,Rural,1958,48948.83935
2473,2,3,Urban,1956,317974.498
1949,3,2,Suburb,2001,177702.7549
2948,2,1,Rural,1956,244791.5576
2068,4,1,Suburb,1967,205000.5747
1215,5,1,Urban,2013,172780.7729
2623,4,3,Urban,1950,275937.694
1847,4,1,Urban,1995,167620.1089
2438,3,2,Rural,1951,303161.5758
1688,4,2,Rural,1963,222316.3627
2002,4,1,Suburb,2013,257208.5738
1264,3,2,Rural,1998,77279.56657
2946,2,1,Urban,1952,338916.7362
2463,2,3,Urban,1970,253580.8758
1616,2,3,Rural,1983,275529.8458
2404,3,3,Rural,2001,335002.3801
2869,3,1,Suburb,2004,265394.1527
1300,5,3,Rural,1969,46850.22025
1984,5,2,Rural,1987,215362.3071
2194,4,1,Rural,1997,291548.9922
2643,4,2,Urban,1964,319699.2345
1405,3,3,Suburb,2005,169455.7802
2378,3,1,Suburb,1958,197062.9645
1160,5,2,Suburb,1962,127701.4773
2818,4,2,Urban,1981,375242.993
2575,4,3,Urban,1969,348324.61
1025,4,3,Urban,1970,108572.6509
1082,2,2,Suburb,1976,131545.2868
1172,5,3,Urban,2009,43762.52395
1998,2,1,Urban,1964,323326.3656
2708,4,1,Suburb,1957,312055.5375
1793,3,2,Urban,2009,220243.5339
2093,5,1,Urban,1986,294256.8035
1834,2,2,Urban,1969,97969.2587
1005,4,2,Rural,2001,146685.0554
1795,2,2,Urban,1959,299128.2095
2218,3,2,Urban,1968,183403.7185
1524,5,3,Suburb,1959,238377.8485
1062,3,1,Urban,1971,137113.7567
2036,3,1,Suburb,1997,268554.362
1760,5,3,Rural,1974,215443.5628
1204,4,3,Suburb,1973,230508.7728
1896,4,3,Rural,1975,174729.0084
2788,2,3,Suburb,1964,324601.5742
1039,4,2,Suburb,1984,95199.11909
2188,4,3,Suburb,2013,318299.2268
2054,4,1,Suburb,1956,220144.6795
2552,2,2,Rural,2003,254471.5828
2672,5,1,Suburb,2009,288460.9902
1876,4,1,Rural,1954,271316.6053
2855,3,1,Rural,1953,332933.1068
1824,4,3,Urban,1960,308437.3918
1908,4,1,Rural,1978,166523.4746
2700,5,1,Urban,1957,292067.122
1397,3,1,Rural,1998,182033.9446
2482,2,3,Suburb,1992,254460.7371
2816,4,1,Rural,1967,295918.1853
2246,4,3,Suburb,2006,276472.7853
1633,4,2,Urban,1998,199876.7199
2101,4,1,Urban,1967,291516.8693
2848,3,3,Rural,1973,374490.5316
1838,5,2,Urban,1984,302745.1729
1599,5,1,Urban,2011,183669.899
1624,4,2,Suburb,1994,161644.21
2635,2,1,Suburb,1978,310481.482
2961,3,1,Suburb,2014,341156.0575
1937,3,2,Rural,1966,200557.1007
2838,2,2,Urban,2013,237215.6429
1883,4,3,Suburb,2004,263462.3206
2451,4,1,Suburb,2016,365270.583
1424,4,2,Rural,1986,180322.2348
1386,2,3,Suburb,2005,215098.793
2262,3,1,Urban,1971,275354.1258
2003,5,1,Suburb,2006,203654.6559
1857,4,2,Rural,2011,248176.4678
1622,2,2,Urban,1951,170818.4206
1089,2,2,Suburb,1982,149075.0967
1384,4,1,Urban,1994,126874.833
2998,2,2,Urban,1980,321431.8899
2162,4,2,Urban,2008,296667.7125
1996,4,3,Rural,1961,282230.0495
1646,4,2,Urban,1966,240292.2408
2547,3,3,Rural,2015,152086.4665
2267,2,2,Suburb,1982,166253.6409
2528,5,2,Urban,1964,298281.4336
1421,3,3,Rural,1961,177242.6833
2205,4,1,Rural,1993,228524.6359
2218,2,1,Suburb,2001,172391.5408
1873,5,1,Suburb,1954,185500.4329
2657,4,3,Urban,2015,344886.7139
1052,2,2,Rural,1994,100820.32
1985,4,3,Rural,2002,173296.0763
2013,5,1,Rural,1977,227547.1935
2951,2,3,Suburb,1970,260785.6657
2891,5,3,Urban,1963,303936.4085
1684,4,1,Rural,1950,212224.5055
1178,4,2,Urban,1971,142542.2132
1292,5,2,Rural,1953,113509.1896
1374,3,1,Urban,1957,75536.37645
2082,3,2,Rural,2015,214113.4512
2077,2,1,Suburb,1965,309772.5471
2937,2,2,Rural,1965,286799.4809
2792,3,1,Suburb,1993,279010.5243
2268,5,3,Urban,1985,268303.0037
2172,4,3,Rural,1998,257632.1239
1795,4,3,Suburb,2008,216807.4378
2391,2,1,Urban,1961,274991.3739
1015,2,3,Suburb,2013,140208.7101
1175,4,3,Urban,1993,145495.9713
2563,3,2,Rural,1975,241257.8724
2429,2,3,Suburb,2008,325409.7939
2490,4,1,Rural,1956,220612.803
2903,2,1,Rural,2009,230288.9827
1128,3,3,Rural,2021,140730.0767
2246,5,2,Urban,1980,310900.9475
1883,2,3,Urban,2021,255876.04
2267,4,1,Rural,1986,279575.2019
1425,3,3,Rural,2011,261468.1596
1353,4,2,Rural,1995,91307.65034
1749,3,3,Suburb,2015,220664.6583
1743,5,1,Suburb,2018,157746.8429
2349,5,1,Urban,1952,259453.9545
2627,4,2,Urban,1996,261873.0175
2026,5,2,Suburb,1979,258461.4449
1478,2,2,Urban,1998,169746.6111
1975,3,1,Urban,2013,279314.6
2104,3,3,Suburb,1994,285644.9537
1043,3,2,Urban,1997,234215.4149
1154,5,2,Suburb,1981,186615.5625
1946,5,3,Rural,1966,189066.5118
2559,2,3,Urban,1984,358236.3062
2939,5,2,Rural,1965,265742.7593
1927,3,3,Urban,2018,302148.1451
1098,2,2,Rural,2002,221122.3401
2420,2,2,Suburb,1981,325300.4309
2903,3,2,Urban,2016,351404.8414
1170,4,3,Suburb,1975,134948.3693
1147,5,2,Urban,2008,238445.8702
1122,5,3,Rural,1970,138897.1917
1111,3,1,Suburb,1960,82084.68165
2022,4,3,Urban,2015,257738.3364
2011,5,3,Suburb,2015,247716.488
2153,4,1,Suburb,1953,135776.2784
1067,3,1,Suburb,1976,106780.9497
2882,3,2,Rural,2010,262540.7588
1827,4,1,Rural,2016,224626.7424
2752,3,3,Urban,1985,224082.635
2923,3,2,Suburb,1974,300741.7879
1891,2,2,Suburb,1999,186950.3964
2631,4,1,Urban,1990,212056.5335
2680,5,1,Rural,2010,351671.9498
2920,5,1,Urban,1982,324708.2318
2568,2,2,Urban,2018,340818.4034
2309,3,2,Suburb,1999,246746.2227
2028,3,1,Suburb,1953,280311.192
2141,2,2,Urban,1985,294582.2978
2675,2,2,Suburb,1988,288472.217
1229,3,2,Rural,1973,152487.3384
1159,4,2,Urban,1978,168717.4523
2317,2,2,Suburb,1969,194871.8502
2784,4,3,Rural,1992,267248.2916
2808,5,2,Rural,1960,301011.3958
1185,3,1,Suburb,1984,143360.1393
2013,4,2,Suburb,1960,303614.4462
1876,4,2,Urban,1955,184084.6779
1551,3,1,Rural,1988,152812.773
2247,3,3,Urban,1983,284537.3685
2175,5,1,Urban,1960,286779.9533
2163,3,1,Rural,1972,259370.8016
2390,4,1,Rural,2018,179711.2287
2151,2,2,Suburb,1955,198385.5486
2374,3,2,Urban,2018,260472.0483
1146,3,2,Rural,1988,107779.9267
2308,2,1,Rural,1998,269364.2752
2492,3,2,Rural,2006,254076.0043
2241,3,3,Suburb,1965,212517.9485
1435,2,2,Suburb,1975,168837.5671
1731,4,2,Rural,1998,167090.2159
2168,5,1,Rural,1987,193536.5524
2864,5,3,Rural,1981,261960.4271
2300,5,3,Urban,1962,260014.7355
2777,4,3,Suburb,2014,310921.831
1059,5,2,Suburb,2009,139791.1787
2633,4,3,Rural,2009,249039.1218
1842,3,1,Urban,2005,134196.0057
2398,5,3,Urban,1964,302027.9739
1403,2,2,Suburb,1959,224813.2855
1880,4,3,Urban,2013,201042.9782
2716,5,3,Suburb,1951,299841.8246
2137,2,1,Rural,2019,142425.4322
2518,5,3,Urban,1994,235317.2593
1614,4,2,Rural,2009,256815.4801
1335,4,2,Rural,1964,158359.5764
1830,3,3,Rural,2021,198351.4656
2592,4,1,Suburb,2007,329404.4937
1284,5,1,Rural,2008,270307.7893
1128,4,2,Suburb,1985,207968.5517
2915,2,1,Rural,1983,265866.221
1314,3,3,Rural,2019,186299.7985
1959,3,1,Suburb,1974,225910.5414
2621,4,1,Urban,2004,299334.9956
2735,5,2,Suburb,2009,300803.6574
1070,3,3,Urban,1973,131406.3487
1344,5,2,Urban,1953,181837.2964
2121,5,1,Suburb,1970,290786.0204
2323,2,2,Urban,1970,228547.8787
1175,3,1,Rural,1965,87674.0489
2768,4,2,Rural,1954,301050.5879
1883,5,1,Suburb,1968,164620.3204
2098,3,2,Suburb,1992,197279.551
1142,3,1,Urban,1993,95283.09495
1930,5,3,Urban,1979,117075.181
2046,4,2,Urban,1997,264729.863
1180,3,1,Rural,1984,178383.8121
2068,3,1,Suburb,2006,229571.0907
2492,4,3,Urban,1952,318969.5539
1091,5,1,Rural,2002,97375.82199
2292,5,2,Urban,1993,165632.3992
1033,5,3,Rural,1960,215090.6672
1677,5,2,Rural,2010,188717.3685
2605,4,2,Suburb,2001,297456.2995
2387,2,1,Suburb,2003,216608.0485
2731,4,1,Urban,1952,219594.6109
2156,4,2,Urban,1991,171177.4093
1758,5,1,Suburb,1988,220148.4408
1381,3,2,Suburb,1984,202402.7121
2703,4,1,Rural,1966,249220.628
1965,5,2,Urban,1958,295556.1526
2300,3,1,Urban,2009,165784.5263
2179,4,3,Rural,2021,137307.4852
1386,2,2,Urban,1965,173109.1275
1534,2,1,Urban,1981,159820.7829
1199,5,3,Urban,2016,186948.4278
1274,3,2,Rural,1967,166040.6489
1500,3,3,Suburb,2021,49305.7081
1458,5,3,Urban,2008,242501.5919
1049,5,3,Urban,1951,165742.4574
1969,3,3,Urban,2016,227684.5681
2721,2,2,Rural,1964,370389.5975
1987,2,2,Urban,1988,176973.6996
1531,4,2,Urban,2005,226975.808
2003,4,1,Rural,2018,209458.4341
1627,3,3,Rural,2021,158437.2786
2115,2,1,Urban,2014,191981.2248
2884,4,3,Suburb,1961,351001.7385
2479,2,1,Rural,1988,306450.7573
1338,2,1,Suburb,1988,220205.3125
2076,3,2,Suburb,1956,138935.595
2519,2,3,Urban,2004,268433.4768
2658,3,2,Suburb,1955,242130.4594
2876,4,1,Suburb,1960,293965.3903
2873,5,1,Urban,1956,335727.091
2800,2,2,Rural,1959,172416.7523
1003,5,2,Rural,1985,162348.4428
2704,5,2,Suburb,2020,186966.6496
1280,3,2,Rural,1957,180019.7754
2313,2,2,Urban,1980,196999.415
1072,2,3,Urban,1984,102686.6885
2160,4,3,Suburb,1991,275317.2202
2873,5,2,Urban,1967,290756.8174
1767,5,3,Urban,2011,261100.3499
1970,3,3,Urban,1970,214068.52
2676,2,1,Urban,1970,327171.3395
1997,2,3,Suburb,1976,182621.4626
2416,5,3,Urban,1959,256972.0376
1207,4,1,Rural,1984,108024.6045
1259,5,2,Urban,1978,171325.2389
1929,2,3,Suburb,2014,253155.8067
1262,3,1,Suburb,1986,144654.3174
1782,3,2,Rural,1951,92147.25033
1504,3,3,Urban,1971,228520.4705
2573,2,3,Suburb,2014,244821.2069
1202,2,3,Urban,1992,92506.98303
2759,3,1,Rural,1967,354966.3321
2370,2,2,Urban,1989,250751.1287
1051,4,2,Suburb,1988,116518.7546
2616,3,3,Rural,1963,301972.3909
2379,4,1,Urban,1973,267320.1629
2746,4,2,Suburb,2003,290111.5518
2542,2,2,Rural,1998,246342.7554
1362,2,2,Rural,1984,118443.1495
1044,3,1,Rural,2009,53323.08068
1826,2,3,Rural,1974,194655.2711
2401,4,2,Urban,1966,306067.2143
1788,2,1,Suburb,1972,176164.8787
2435,3,3,Suburb,2002,258227.3236
1770,5,3,Suburb,1999,260998.1349
1141,5,1,Rural,1987,142946.6232
2281,2,3,Suburb,2004,261521.3012
1796,5,3,Suburb,2015,297444.026
2937,4,1,Suburb,1955,384425.5576
1036,5,3,Rural,1993,239376.6328
2964,5,1,Rural,2021,377146.2656
1044,4,2,Suburb,1953,125415.8325
1919,3,1,Suburb,2015,227758.8723
2655,5,2,Rural,2013,295052.0308
2069,5,2,Suburb,1997,191764.4614
2675,5,2,Rural,1952,287566.609
1564,3,1,Suburb,1981,202686.4016
1300,2,1,Urban,1976,87075.29317
1287,2,1,Urban,1993,144349.9115
1785,3,2,Rural,2007,166873.3099
1268,4,3,Rural,2012,178871.1513
2923,2,3,Urban,1975,261233.291
1790,3,1,Urban,1951,193721.3623
2085,3,3,Suburb,2003,125127.6228
2589,4,2,Urban,1992,227762.6206
2993,3,2,Urban,2004,315105.1083
2974,2,3,Suburb,1951,302964.8891
1580,2,3,Urban,1990,134741.7743
2265,3,2,Rural,1975,265513.2731
1935,3,1,Suburb,2015,155289.0527
2805,4,1,Urban,1964,266683.0113
2787,4,3,Rural,2014,322498.0428
1353,5,3,Rural,1981,130483.525
2819,3,1,Urban,1999,433298.5045
1967,5,3,Rural,1968,213861.5338
2999,5,3,Rural,1963,361892.4919
2886,5,3,Suburb,2010,237737.793
1070,5,2,Urban,2012,180896.1393
1834,2,1,Urban,2003,149537.6037
1412,4,3,Rural,1997,161708.83
1611,3,3,Rural,2021,229131.2395
2084,4,3,Suburb,1961,223199.0333
1614,4,3,Urban,1964,135590.7639
2475,4,3,Suburb,1999,272024.168
2416,4,3,Suburb,2009,217291.2022
2654,4,2,Urban,1993,275600.5759
1528,4,2,Urban,1983,186412.2262
2328,2,2,Urban,1955,273343.0981
1190,4,2,Rural,1976,178702.6568
2747,3,3,Suburb,2006,274326.7966
1077,3,3,Rural,1976,44859.51229
2581,5,3,Rural,2010,196062.7944
2628,5,2,Urban,1987,308175.6398
1888,4,2,Urban,2001,176159.8924
2548,5,2,Urban,1997,265836.174
2763,5,1,Suburb,1986,204975.7151
2324,4,3,Urban,2006,261288.2474
1948,5,2,Rural,1994,204052.2424
1016,3,2,Suburb,1958,82287.52328
1814,4,3,Rural,1980,229355.5037
2597,3,1,Urban,2009,208097.1694
1433,3,2,Rural,1953,188641.9262
2066,2,1,Suburb,1999,123062.2219
2091,2,2,Urban,1982,324874.3528
2403,5,2,Rural,1950,270167.6624
1211,3,3,Rural,1965,260066.5757
1202,5,1,Urban,1951,68936.15641
1725,4,2,Rural,2001,182606.1211
1108,3,3,Suburb,1955,193302.0909
1967,5,2,Suburb,1998,263576.7929
1283,3,3,Suburb,1961,180633.0552
1940,5,2,Suburb,2021,216401.5082
2960,4,3,Urban,2004,291571.6027
2629,2,2,Urban,1990,288453.3885
2248,3,3,Rural,1950,248703.0916
1736,5,3,Suburb,1950,223358.9628
2774,2,1,Suburb,2013,347091.1783
2141,4,3,Suburb,1992,230950.2128
1931,2,1,Rural,1955,183944.8295
1602,4,3,Rural,1951,124359.07
2363,5,3,Urban,1952,188466.7925
2824,4,3,Rural,1993,250917.5517
2304,2,3,Suburb,1967,299861.8047
1490,5,1,Urban,2012,238908.2071
1018,5,3,Suburb,2007,69422.21473
2198,3,3,Suburb,1970,217687.4103
2492,5,3,Suburb,1973,303139.1702
2641,5,3,Urban,2011,319473.1982
1800,5,3,Urban,2019,264898.5981
1759,3,3,Urban,1966,242097.9339
2858,4,2,Urban,2013,295758.4858
2165,2,1,Rural,1986,164076.4373
2486,5,1,Suburb,2015,332336.3031
1928,2,3,Suburb,2009,290269.0601
1297,2,2,Urban,1964,161995.6456
2493,5,2,Suburb,2020,295436.9222
1704,2,1,Rural,1985,104033.3633
2886,4,2,Urban,1996,356592.2599
1814,2,2,Rural,1997,243973.1428
1802,2,1,Rural,2005,330211.9597
1372,3,1,Rural,2018,168920.3611
2491,4,1,Rural,1999,220567.7534
1927,2,3,Suburb,1995,137001.6096
1950,5,1,Rural,1979,211029.1615
2461,2,1,Suburb,1979,201605.854
1843,5,2,Urban,1956,171370.3583
1946,4,2,Urban,1999,157235.0742
2743,4,1,Suburb,2000,282681.0243
1442,3,1,Rural,1966,154295.7009
2479,5,2,Rural,1954,408553.1052
2271,5,1,Rural,2013,270864.0045
1141,4,3,Suburb,1958,204510.8045
1401,5,1,Rural,2008,166135.9352
2919,5,2,Suburb,2014,296920.0156
1822,2,3,Suburb,1968,196596.5082
1221,3,1,Urban,1982,127928.6608
1736,2,2,Urban,1999,263883.0983
2889,4,2,Urban,2008,339323.6352
2207,5,2,Urban,1967,316466.2592
2387,5,2,Suburb,2021,341480.9755
2840,4,3,Urban,1951,288595.5084
1993,5,1,Rural,2019,300111.7371
2211,4,1,Suburb,1987,112758.3698
1112,3,1,Suburb,1978,2360.27445
2204,5,1,Urban,1953,234428.3648
2222,2,2,Suburb,1995,165424.1711
2925,2,3,Rural,2009,311928.6658
2093,3,2,Rural,1956,138162.499
1597,4,3,Urban,1993,143161.0718
1903,5,1,Suburb,2014,207945.1948
1484,5,2,Suburb,2004,193509.3373
2422,2,2,Rural,1966,324507.0664
2945,4,1,Rural,1991,285641.6668
1550,4,3,Rural,2008,215983.7994
2666,5,3,Suburb,1989,287302.7174
2976,5,3,Urban,2008,376962.2888
2033,2,2,Rural,2010,177121.0801
1002,4,2,Rural,1993,148527.4575
2501,5,2,Rural,1957,228922.2906
2837,5,3,Urban,2002,321585.9548
1661,2,2,Suburb,1987,142825.491
1066,2,3,Rural,1992,145986.5746
1704,5,1,Urban,1969,221955.0199
2120,3,2,Rural,1981,227491.6097
2554,2,2,Suburb,1966,312443.5582
2341,5,1,Urban,2000,315538.5443
1097,3,1,Suburb,1979,86630.05433
2080,5,3,Suburb,2000,253969.5995
2886,4,1,Rural,1997,387646.0689
2130,3,2,Urban,1970,187498.5678
1087,4,1,Suburb,1972,131435.3981
1971,5,1,Rural,1975,249876.5385
1652,3,2,Rural,1962,107796.3876
1655,4,3,Urban,2016,297594.5542
1911,2,2,Rural,2014,165780.0096
1370,3,2,Rural,1999,131704.117
1374,2,1,Suburb,1969,141967.4225
1051,2,1,Suburb,1968,69015.91658
2747,4,2,Suburb,2014,324553.4684
1040,5,1,Rural,1988,199610.9702
1815,4,3,Urban,1972,243533.8651
1090,5,1,Rural,1974,159869.4587
1038,4,3,Urban,1994,174821.5556
2036,4,2,Urban,1989,205918.486
1899,3,1,Urban,1991,178080.4554
2631,5,1,Suburb,1985,371990.8261
1620,2,3,Suburb,1986,218895.1857
1103,5,3,Urban,1965,73985.06212
2889,5,2,Rural,2010,405110.5323
1742,4,2,Rural,1984,272173.2326
1042,2,2,Suburb,1981,154867.9152
1208,3,2,Urban,2006,208307.7843
1599,4,3,Rural,2006,264461.5135
1604,3,1,Urban,1951,177539.3963
2709,3,1,Rural,1973,338538.0874
1475,5,2,Urban,1983,314052.3692
2661,2,1,Urban,1978,250047.5302
1108,5,2,Rural,2011,132689.2187
2582,2,1,Rural,1980,214759.0687
1213,3,1,Urban,2011,129629.5137
2627,5,1,Rural,1987,359180.9313
2716,3,1,Urban,2007,242983.7054
1408,4,3,Suburb,1992,219279.2118
2576,2,1,Urban,1955,347968.2066
1770,3,3,Rural,1967,103690.2084
1632,3,3,Rural,1994,153227.7571
1076,2,3,Rural,1956,202535.301
1094,3,1,Suburb,2005,152741.3153
1268,4,2,Suburb,1978,105730.0084
1360,3,2,Urban,1953,136810.6733
1529,3,3,Rural,1978,193748.7936
2828,2,3,Urban,1965,353669.0394
1682,2,1,Urban,2009,284401.106
1161,4,2,Rural,2012,134498.4404
1464,3,3,Rural,1965,207169.3257
1822,5,2,Rural,1999,203385.7398
2587,4,2,Suburb,1954,298185.5163
1547,5,1,Urban,1967,228223.7123
2973,3,3,Urban,2014,284110.4449
2210,3,1,Suburb,1991,273904.0057
2905,2,2,Suburb,1992,235838.6168
2783,4,2,Urban,2019,333867.8603
1051,5,3,Suburb,2017,250875.3733
1487,3,3,Suburb,1953,177125.0092
2554,3,1,Rural,1950,206997.1306
2419,2,1,Urban,1952,199807.0633
1091,2,1,Rural,2009,159473.5586
1650,2,3,Suburb,2007,79250.07434
2839,4,3,Rural,2001,287182.3451
1356,4,3,Urban,1956,174401.9918
2755,3,2,Urban,1972,418717.4064
2634,5,1,Urban,2014,406220.1853
2771,4,1,Suburb,2006,302531.2492
1718,2,3,Rural,2015,143904.2562
2167,2,3,Suburb,1950,298335.5385
1198,4,1,Rural,1951,128464.4355
1814,3,2,Suburb,1981,216226.2991
2346,3,1,Suburb,1965,285050.6759
2822,3,3,Urban,1992,372121.6931
2355,3,1,Rural,1986,261869.9
2287,2,1,Rural,1979,279129.8576
1216,4,1,Rural,1950,114763.5848
2724,2,2,Urban,1978,245068.5985
1555,5,3,Suburb,1995,177150.0652
2457,3,1,Rural,1967,225813.32
1802,3,2,Rural,1987,243924.13
2483,5,1,Rural,1960,394545.5152
1700,5,2,Suburb,1967,194741.3923
1502,2,3,Rural,1975,166660.8035
1468,5,3,Rural,2002,268404.3438
2974,3,2,Suburb,2010,439005.6344
2729,5,2,Rural,1972,245428.1496
2805,2,1,Urban,1984,232586.1919
1365,5,2,Suburb,1959,202148.7838
2795,5,3,Urban,2007,318762.9238
2936,2,3,Rural,1972,372312.483
2262,2,3,Urban,1995,284096.9669
1623,2,3,Suburb,2006,181066.1866
2604,3,3,Suburb,2007,300864.599
1919,3,3,Suburb,1967,249264.5746
1560,5,3,Suburb,1981,141476.1195
1822,3,1,Rural,1956,205523.7166
1966,4,3,Rural,1993,193818.0264
1662,2,2,Suburb,1982,172016.1016
1750,4,2,Rural,1963,238978.0968
2872,2,1,Urban,1951,260523.8387
2419,5,3,Urban,2002,274510.1138
2418,2,3,Suburb,1976,216415.2574
2650,3,3,Urban,2020,269053.2186
2098,5,3,Urban,2019,313175.8213
2121,2,3,Urban,1952,225049.125
1382,5,3,Suburb,1995,160418.5313
2646,5,1,Urban,1983,192314.0355
2892,5,1,Suburb,1989,270654.7298
2393,4,2,Rural,2003,224573.9333
2308,3,2,Urban,2008,305267.8078
2279,5,2,Urban,2001,249360.0141
2853,3,3,Rural,1999,236500.5505
1308,2,1,Rural,1985,124999.9146
2652,5,1,Suburb,1952,377078.8408
1175,3,3,Urban,1993,147644.0719
1227,5,3,Rural,2016,97952.30944
1346,4,1,Urban,2016,153315.6831
2641,2,2,Rural,1993,269349.9746
2365,4,2,Urban,1977,278131.3854
2919,5,2,Rural,1977,333444.099
2985,3,2,Rural,1975,281646.0802
2262,5,2,Rural,1965,286313.1418
2635,5,2,Rural,1960,366198.2933
2020,5,1,Urban,1981,312347.4529
2711,4,3,Rural,1975,254988.3839
1349,4,1,Urban,1956,164384.5634
2978,3,1,Urban,1995,285471.8232
1454,2,3,Rural,1984,100154.6421
1440,2,2,Rural,1994,136644.1219
1760,3,2,Rural,1983,254655.3548
2611,5,3,Urban,1977,250481.4817
1514,2,1,Urban,2008,179512.1561
2104,4,3,Rural,2018,297224.4465
2384,3,1,Suburb,1966,258124.347
1287,3,3,Urban,1974,139839.8538
1007,5,3,Urban,1962,199136.9952
1086,2,1,Rural,1957,76147.20721
1997,2,2,Suburb,1955,242232.5494
1285,5,1,Rural,1973,156277.2682
2422,3,1,Suburb,2004,255909.4361
1073,3,2,Urban,1964,126577.4891
2462,3,2,Suburb,1981,303655.2597
2146,3,2,Rural,2013,258419.3263
2400,4,1,Urban,2002,271399.6019
1805,4,3,Rural,1994,217854.4364
2166,3,2,Rural,1982,293542.6378
1157,3,3,Rural,1975,130217.2309
1429,3,1,Suburb,1992,99689.6772
2471,4,2,Rural,1985,358543.0868
2433,5,1,Suburb,1960,279869.8869
2394,2,3,Urban,1985,276529.2718
2132,4,1,Suburb,1977,263315.8618
1845,3,2,Rural,1963,259752.1831
2730,3,2,Urban,1980,230986.3146
1035,3,1,Rural,2003,160899.4323
2113,3,3,Urban,2015,232398.2183
2020,5,1,Urban,1993,213038.57
1973,4,1,Suburb,1966,307898.0121
2438,2,2,Rural,1950,292398.9627
2997,3,2,Urban,2014,306330.9866
2017,5,2,Rural,2013,216704.9691
2319,5,1,Suburb,1955,285366.3075
2865,3,1,Suburb,2003,320172.8219
1712,3,3,Rural,1971,142631.6738
2069,2,1,Urban,2014,168665.8088
1487,4,1,Suburb,1953,189192.3547
1618,2,3,Suburb,1965,190824.0733
1169,4,2,Urban,1996,208952.2514
1145,5,2,Urban,1977,236462.4579
1867,5,3,Suburb,1969,218111.215
1419,3,3,Suburb,1964,99247.15622
2995,2,3,Urban,1970,399730.6988
2713,2,1,Suburb,1983,165812.1181
1572,3,2,Rural,1993,68116.59249
2959,2,3,Suburb,1958,314593.5361
2026,5,1,Rural,1953,189506.0031
2617,5,2,Urban,1987,297513.4683
2286,3,1,Rural,1993,233489.7509
1798,3,3,Urban,2006,196720.0485
1320,4,3,Urban,1972,192683.4937
2630,5,3,Rural,2018,301457.8302
2599,5,3,Urban,1973,324621.4702
1245,5,3,Rural,1974,194333.8816
2612,5,3,Rural,1972,332121.2203
1476,5,1,Suburb,1960,130327.5103
2282,4,2,Suburb,2005,333720.3086
2116,3,2,Rural,1984,188655.4399
2826,3,2,Rural,2004,297670.3656
1782,2,1,Rural,2004,171260.8244
1532,5,1,Suburb,1952,258635.1407
2597,5,3,Suburb,2004,206425.6437
2362,3,2,Urban,1959,187565.8118
2947,5,1,Urban,1959,342012.2551
2283,5,1,Rural,1950,242899.6324
1236,5,2,Suburb,1976,191619.9924
2164,3,1,Urban,1980,301796.8652
1974,2,3,Rural,1956,264335.6252
2970,3,2,Urban,1988,284406.5187
2967,5,3,Rural,1952,225079.1721
1678,3,1,Rural,1983,218603.1252
2503,4,1,Suburb,2003,350746.9196
1578,5,1,Suburb,1953,220393.9471
2373,3,2,Urban,1988,276118.1907
2593,3,1,Urban,1982,236882.217
2747,2,2,Suburb,1995,312682.3505
1129,5,1,Urban,1971,175571.1739
2560,4,3,Urban,1973,290462.5494
1010,4,3,Suburb,1996,175736.4282
1256,5,2,Suburb,1957,214500.7436
1815,3,1,Suburb,2010,174986.7587
1368,4,2,Rural,2000,144415.606
1943,5,1,Suburb,2012,215242.8598
2417,4,2,Rural,1988,343294.9575
2616,5,3,Suburb,1984,369868.0492
2821,4,2,Suburb,2014,360476.1515
2442,2,1,Urban,1971,252103.9675
1881,5,2,Rural,1977,243448.2547
1018,2,3,Suburb,1996,93582.87312
1109,5,1,Urban,1971,77770.69983
2460,4,3,Urban,2005,265091.1157
1504,4,1,Urban,1951,223185.4298
2057,3,1,Rural,2019,237326.0901
2311,4,3,Rural,1979,272837.4443
2867,2,1,Rural,1962,279441.5874
2002,3,2,Urban,1987,259509.0868
1254,2,1,Suburb,1999,212453.6919
1637,2,2,Urban,2002,245041.3408
2744,2,1,Rural,1979,326812.231
1133,2,3,Rural,1996,57767.2837
1498,2,2,Suburb,1983,44941.04516
1396,5,1,Urban,2005,175474.1794
2510,5,3,Suburb,1986,296447.8134
2621,3,1,Urban,1985,175921.3129
2610,2,2,Rural,1956,232651.6399
2983,5,2,Urban,1998,415867.2633
1646,4,1,Rural,1989,207228.0439
2836,3,2,Urban,1992,291864.5863
1684,5,3,Rural,1978,195545.8857
2236,4,2,Urban,1997,266393.5918
2856,3,1,Rural,1986,288200.3582
2373,4,2,Urban,2019,279334.6869
1018,2,2,Rural,2005,106359.017
2010,4,2,Urban,1974,243306.1539
1118,2,1,Urban,2002,119790.5604
2838,3,1,Rural,2001,192646.9672
1301,2,2,Urban,1973,160296.9403
2308,4,2,Rural,1992,307117.5022
1226,2,2,Rural,1984,139500.55
2530,2,3,Suburb,1989,245184.6924
2524,3,1,Urban,1979,325525.7429
2235,2,1,Urban,1997,246504.2894
1355,5,1,Rural,1983,161712.4244
1700,3,1,Urban,1996,182360.8997
1486,4,3,Urban,1974,123004.4797
2344,3,1,Urban,2010,236514.9368
2686,4,2,Urban,1961,361290.6683
1222,4,1,Rural,2020,133800.3828
2663,2,2,Rural,1980,251704.2466
2783,3,1,Rural,1983,312615.9071
2586,4,3,Suburb,1962,348940.9625
2214,5,3,Suburb,1974,243070.323
1994,2,3,Suburb,1981,218604.9421
1499,2,3,Suburb,1974,208445.3788
2518,4,3,Suburb,1996,312178.1968
2260,5,1,Rural,2001,268332.2561
2045,2,2,Suburb,2007,157584.1805
2645,3,2,Suburb,1972,297054.8424
2350,4,1,Urban,1983,320144.8814
2568,5,2,Suburb,1997,238125.7825
2150,4,2,Rural,1951,229339.7807
1364,2,2,Suburb,1977,153191.7021
2891,5,1,Urban,2008,324841.9856
2067,4,1,Rural,1957,269113.3035
1518,4,2,Rural,1986,139348.2484
2151,4,1,Urban,1954,158437.0986
2626,3,3,Rural,1978,263987.0875
2153,3,3,Rural,1967,245049.2739
1528,3,2,Rural,1999,177878.4192
2344,3,3,Urban,2008,299967.3943
1185,2,3,Suburb,2002,173645.8688
2645,4,1,Urban,1968,224780.0779
1797,3,3,Rural,2002,227885.5841
1981,2,2,Urban,2016,165762.8937
1347,3,3,Urban,1998,95592.24302
2504,2,3,Suburb,1955,310793.8141
1921,5,3,Urban,1957,260699.2592
2698,3,1,Suburb,1959,227011.7757
2982,3,1,Suburb,1986,302117.1381
2610,4,1,Rural,1958,340898.2263
2734,3,3,Suburb,1998,286865.4219
2947,3,1,Urban,2010,308580.062
1920,2,1,Urban,2011,285734.151
1956,4,1,Suburb,1963,246378.7388
1360,4,2,Suburb,1983,189717.9917
2310,5,2,Urban,2009,238605.7442
1181,2,3,Urban,2004,90567.85029
2474,3,3,Rural,1997,305826.4721
1096,2,1,Suburb,1957,68235.2041
1562,3,2,Suburb,1954,202578.6309
1313,5,3,Rural,2020,195194.1796
2569,3,3,Rural,2014,245184.1041
1954,4,1,Rural,1965,170661.2438
1020,5,2,Suburb,1975,138247.2396
2719,3,2,Suburb,1978,223796.9129
1804,5,3,Urban,1976,328724.2822
1575,4,1,Suburb,1991,255218.1251
2520,4,3,Rural,1995,347482.2464
1402,2,1,Urban,1956,153994.3241
2147,3,2,Suburb,1969,185920.1231
1612,5,3,Suburb,1993,108613.3091
2142,2,1,Urban,2003,153489.414
2876,5,1,Urban,1990,368146.9675
2613,2,1,Rural,1951,343913.806
1969,2,3,Suburb,2015,148583.7799
1692,2,3,Rural,2009,223145.0791
2734,4,3,Suburb,1966,437543.6665
2500,4,2,Suburb,1981,287303.135
1958,4,1,Urban,2000,194289.4872
1871,4,1,Suburb,2010,203521.722
2725,5,1,Suburb,2020,304515.4384
1839,3,1,Rural,1971,189479.6122
1102,4,2,Suburb,1964,117184.7515
1332,3,1,Urban,1987,51850.51149
2901,2,2,Rural,2007,312188.8982
2810,3,3,Suburb,2009,350238.8562
2482,4,3,Suburb,1995,320386.9518
2153,5,1,Suburb,1950,155078.2685
1752,4,3,Rural,1992,238368.7257
1133,5,1,Rural,1979,150946.4937
2180,4,2,Urban,1994,210500.4637
1424,2,3,Suburb,1958,159943.7448
2458,5,3,Urban,2004,249097.5268
2412,2,2,Suburb,1973,297252.0248
1936,4,2,Suburb,1990,215269.9098
2341,2,2,Suburb,1957,280157.2394
2693,3,1,Suburb,1960,316162.6012
1504,3,1,Suburb,1978,119696.0292
1870,5,3,Urban,1975,174244.4269
1189,3,3,Rural,2020,109905.3623
1611,3,2,Urban,1989,172132.8558
2434,4,1,Urban,1959,342824.553
2969,4,2,Urban,2017,338804.4169
1051,3,2,Urban,1984,147829.4084
2584,5,1,Suburb,2003,298075.5613
2469,3,3,Rural,1973,330639.414
1611,4,3,Suburb,2009,192834.3208
2467,2,3,Suburb,2007,246809.2004
2405,5,3,Rural,1975,259482.8751
2786,5,3,Suburb,2008,358575.3724
1373,3,1,Urban,1976,269159.1425
2999,2,1,Suburb,2008,299012.6506
2589,5,2,Urban,1979,286594.0064
1374,5,3,Rural,1981,158920.6878
1388,4,3,Urban,2008,145901.0171
2672,3,1,Suburb,1975,347351.1898
1673,3,2,Suburb,1991,230287.7487
2889,5,1,Urban,1973,324543.3002
1803,2,1,Rural,1983,241024.1966
2502,2,3,Suburb,1950,317632.0955
1403,2,1,Rural,1999,141797.3217
1592,2,1,Suburb,1971,147909.7239
2491,3,3,Suburb,1974,154039.3573
1731,4,3,Rural,1978,285012.8734
2620,2,3,Rural,2020,239524.1495
1504,2,3,Rural,2013,193692.9231
1082,4,1,Suburb,2000,221672.8212
1318,3,1,Suburb,1975,103711.1585
2090,4,3,Suburb,1998,256020.0276
1413,4,1,Urban,1985,197252.9784
1452,2,1,Suburb,2019,196428.8913
1745,4,2,Urban,1988,211569.003
1197,4,2,Suburb,1990,103762.3875
1258,3,2,Urban,1953,201593.5975
2712,2,1,Suburb,1963,237220.986
1297,2,3,Urban,1995,206598.6005
2303,5,1,Urban,1974,285882.0806
1299,2,2,Suburb,2002,116673.1295
1128,3,1,Rural,1980,102778.5212
1497,3,2,Suburb,1954,107049.8282
2906,3,3,Rural,1990,323817.3122
1437,5,3,Rural,2012,84346.7669
2715,5,3,Urban,1977,241590.1631
2315,3,3,Rural,1994,314351.1566
1206,2,2,Suburb,1997,132231.3006
1293,5,2,Urban,2012,216103.7684
2963,2,2,Urban,1980,274593.2767
2873,5,1,Urban,2013,348562.0517
2710,4,2,Suburb,2015,287692.7762
1028,3,3,Suburb,2009,77585.10829
1178,4,2,Urban,1958,114545.6049
1040,3,2,Rural,1991,98340.31795
2493,4,1,Rural,1984,315068.5697
2215,2,1,Rural,1975,246941.8397
1343,2,1,Urban,1951,256475.303
2772,3,1,Suburb,1997,325613.2045
1815,2,2,Suburb,1997,149981.2523
2996,3,2,Rural,2018,245319.8832
1736,4,3,Rural,1973,295825.2482
1625,3,3,Rural,1999,156227.4247
1277,5,1,Rural,2002,156262.7727
2378,4,2,Suburb,2007,202011.1492
1528,4,3,Suburb,1994,174933.6447
1085,3,2,Suburb,1973,179021.806
2924,5,2,Urban,1986,460583.8261
1316,5,2,Suburb,1975,104778.6155
2880,2,2,Rural,1969,284582.485
2925,4,1,Suburb,1962,304813.9588
1692,2,3,Rural,1970,316420.5882
2360,4,2,Suburb,2017,198647.2234
1862,4,2,Rural,1957,244713.1321
2168,4,2,Suburb,2006,141528.0295
1314,4,3,Rural,1982,79139.45525
1224,3,1,Urban,2020,151063.8929
2446,5,1,Urban,1952,307135.9494
2077,4,2,Urban,2017,252618.3698
2917,2,2,Suburb,1959,350988.9813
2967,2,1,Rural,1961,349733.3753
2956,3,3,Suburb,2001,310522.4005
2839,5,2,Suburb,1983,279917.522
1067,4,3,Suburb,1970,123072.6392
2642,3,1,Suburb,1965,273510.0827
2357,2,2,Suburb,1977,203911.0969
2020,5,2,Urban,2011,278860.337
2100,4,3,Rural,1978,192138.3513
2562,5,3,Rural,1986,333429.9275
1855,2,3,Urban,2019,209190.969
2178,3,2,Rural,2008,253020.1311
2095,3,1,Rural,1976,229478.7783
2524,2,1,Suburb,1971,277317.8448
2470,4,1,Suburb,1951,239854.0849
2715,4,3,Suburb,1967,378453.5638
2582,5,3,Suburb,1955,342962.6105
2777,2,1,Urban,1972,263112.6968
2382,2,2,Suburb,1963,241056.2532
2300,4,1,Rural,2008,275484.4271
1882,2,3,Suburb,2017,189412.7986
2336,3,3,Rural,1970,232526.9559
2128,4,3,Rural,1974,271629.4405
1970,4,3,Suburb,1989,227400.2356
2118,3,1,Suburb,2011,225762.4635
2242,2,1,Urban,1971,237325.974
2705,4,2,Rural,1977,220474.4979
2901,4,3,Suburb,1958,415089.146
2967,4,1,Urban,1966,286099.3305
2818,2,3,Rural,1983,259216.8131
2151,4,3,Suburb,1954,146120.9531
1199,2,3,Rural,1956,112910.5289
2952,5,2,Rural,1980,372200.9448
1331,3,3,Rural,2020,134943.3108
1546,2,3,Urban,2021,116105.8192
2889,2,1,Suburb,1999,323892.0359
2679,3,3,Suburb,1983,279011.6452
2315,2,2,Suburb,1953,206845.4644
1065,3,2,Rural,1995,81614.18678
2995,5,3,Urban,1973,338184.666
1730,4,2,Suburb,2007,149889.0786
1567,3,2,Suburb,1980,173657.7613
1656,3,2,Urban,1961,159542.1869
1403,4,2,Urban,2006,214096.7768
2748,4,1,Suburb,2001,346800.8327
2629,2,3,Urban,2008,265110.2974
1617,2,1,Urban,1954,133828.4051
1595,2,1,Urban,1982,151424.8225
1647,4,1,Rural,2004,206442.6228
1145,4,2,Urban,1994,112827.4404
1760,4,2,Rural,2018,174815.7944
2553,2,2,Suburb,1956,320114.1519
2425,4,3,Rural,2021,322572.5566
1124,4,3,Rural,1985,184634.0432
2537,5,3,Suburb,1963,217819.4789
2355,3,2,Rural,1953,158219.8548
1479,3,2,Suburb,1973,147391.8001
2001,4,2,Rural,1985,227687.0943
1711,2,1,Urban,2010,146479.2305
2970,5,1,Rural,1957,413067.5979
2673,5,2,Rural,1982,302255.8232
1714,3,1,Urban,2011,200578.9492
2421,5,2,Rural,1972,265238.9189
2817,5,2,Suburb,1965,332386.2693
1814,5,1,Suburb,1967,278574.2779
2053,4,2,Rural,1990,151160.6008
1055,3,3,Suburb,1969,186776.344
2654,3,3,Rural,1956,314251.9278
2961,2,1,Suburb,1950,336278.0338
1131,4,2,Urban,1990,208277.6598
1230,5,2,Urban,1990,164982.663
1394,4,2,Urban,2017,63523.63627
2175,5,1,Rural,1984,331945.963
2525,5,2,Urban,1954,249473.4147
1981,2,3,Suburb,1965,172033.4503
1962,2,3,Rural,1992,275717.0872
1932,2,3,Urban,1977,255143.2956
2529,5,1,Suburb,1951,302337.2055
2409,5,3,Rural,1963,223010.4283
1907,4,3,Urban,1977,218558.6635
1532,3,1,Rural,2002,238433.8818
1964,5,2,Rural,2013,130845.7449
2990,4,2,Suburb,2013,389022.497
1447,4,2,Rural,1988,192622.8751
2603,5,3,Suburb,1994,252871.7096
1125,5,2,Rural,2002,253546.0151
1554,2,3,Rural,1963,112007.9271
1693,2,2,Suburb,1988,138101.0278
1488,2,3,Suburb,1975,126292.9582
1611,4,1,Rural,2005,92918.7398
1890,2,3,Urban,1979,241694.2412
1445,5,1,Rural,2005,132626.719
2493,2,1,Rural,1993,218471.2997
2372,5,1,Rural,2004,248211.9188
1507,5,2,Suburb,1985,190147.3333
1456,3,2,Suburb,1962,163032.2706
1985,3,2,Suburb,1991,192122.2643
2931,2,1,Suburb,1983,369423.0968
2775,5,1,Rural,2002,279785.8435
1384,3,3,Suburb,1951,156048.048
1711,4,3,Suburb,1975,261957.0776
1928,3,1,Suburb,1977,177201.9867
2471,2,1,Rural,2008,212850.1617
2651,4,2,Urban,1994,274056.5652
2138,4,2,Rural,2014,252778.3152
1451,5,3,Suburb,2002,223462.3311
1653,5,1,Rural,2002,192285.5333
2142,5,2,Urban,2020,142014.0663
2116,5,2,Rural,1952,233798.3642
2933,3,3,Urban,1998,358994.2989
1520,2,2,Suburb,2016,193291.3314
2608,2,3,Suburb,1990,241043.6414
1537,5,2,Rural,1964,130891.5037
2456,3,1,Suburb,1984,267332.2444
2774,3,2,Suburb,2012,282574.011
2897,3,3,Suburb,1964,288262.8174
1144,2,1,Suburb,1951,267865.0401
2091,5,2,Urban,1995,267822.1675
1699,3,3,Suburb,2010,121604.6556
2901,3,2,Rural,1973,368163.7879
1130,5,3,Rural,1993,167266.7308
1732,3,3,Urban,1954,247819.7553
2304,2,3,Rural,2005,228174.8508
2812,4,2,Urban,2003,337068.9292
2675,2,2,Urban,1973,309564.7226
2589,5,3,Urban,1997,276800.4405
1512,5,3,Suburb,1971,165626.6308
1639,2,3,Rural,1968,194422.4992
1000,4,3,Suburb,1963,189249.5057
2708,5,3,Urban,1971,295577.6832
2965,5,3,Rural,1960,442920.6582
1431,2,3,Suburb,1991,190833.3348
1390,4,3,Rural,1983,253685.1395
2289,4,2,Rural,2002,240274.2138
1398,4,1,Rural,1950,136804.962
1807,5,1,Suburb,1963,203660.0047
2279,4,2,Urban,2007,296297.8927
1394,2,3,Urban,1960,134101.0456
1951,5,2,Urban,1999,169269.3252
1173,4,3,Urban,1952,192313.5124
2068,3,1,Suburb,1961,156931.4479
1854,4,2,Rural,1990,162489.5165
2164,4,1,Rural,2019,246115.193
1538,5,2,Urban,1955,170995.7538
1744,2,2,Rural,1964,230587.7374
1720,3,1,Suburb,1960,168437.5009
1049,5,1,Urban,1959,225610.9042
2084,4,1,Suburb,1996,234212.5058
1242,5,3,Suburb,2017,167303.6535
2292,5,1,Urban,1971,348693.9775
2163,3,1,Urban,1977,295531.0995
2180,4,1,Suburb,1972,293706.214
1596,5,2,Suburb,1982,252029.0327
2619,2,3,Rural,1957,291068.9355
1275,3,2,Urban,1985,114354.157
2054,5,3,Urban,2015,194272.4545
1007,3,1,Rural,1980,49151.25818
2815,5,2,Rural,1978,316942.9999
1714,5,2,Rural,1954,195235.427
2958,5,3,Suburb,2018,287849.8616
1032,2,3,Rural,1972,43907.77904
1809,2,1,Urban,1986,252764.5511
2678,2,1,Rural,1987,242017.6627
2475,5,1,Rural,2002,212428.4573
2472,2,2,Rural,1985,201650.1106
1927,3,1,Urban,2012,254584.4682
2930,2,1,Urban,2019,258713.9972
1861,3,1,Rural,1999,178561.4762
1036,4,2,Suburb,2011,130469.7857
2682,4,3,Suburb,2011,295029.7049
2970,2,2,Suburb,1978,282609.422
2763,2,1,Suburb,1973,281662.5405
1033,3,3,Suburb,1985,121785.6175
1454,5,2,Urban,1959,160753.1007
1443,3,1,Urban,1956,189660.7216
2260,4,2,Suburb,1987,220173.3864
1211,5,2,Urban,1998,157383.4389
2844,3,1,Suburb,1954,332319.3594
2163,2,1,Rural,1998,175514.0667
1701,4,3,Suburb,1999,192180.1255
1607,4,3,Urban,1996,164227.0227
2729,2,3,Rural,1958,389631.9073
1981,3,1,Suburb,1952,211794.4798
1360,2,2,Rural,1957,140703.0256
1303,3,3,Suburb,2007,212535.6563
1295,4,1,Suburb,1969,104253.2535
1151,2,3,Urban,1965,168417.2033
2969,4,1,Rural,1961,310618.2616
2246,4,2,Rural,1951,282664.3148
2219,5,1,Rural,2003,232929.7268
1599,2,3,Suburb,2016,128355.4227
2322,4,1,Rural,1974,230301.7527
2552,3,2,Suburb,1958,226002.7927
2511,2,3,Urban,1995,255699.3634
1210,3,3,Urban,1980,158370.4371
1231,3,2,Suburb,1970,88636.28532
1869,3,1,Urban,2020,195820.7612
1694,2,2,Rural,1992,222505.4915
2697,3,2,Suburb,1986,347168.472
1366,2,2,Rural,1979,201398.7766
1480,5,1,Suburb,1996,70576.74885
2605,3,3,Urban,1983,336458.2124
1571,2,2,Rural,1953,237516.8391
2202,3,1,Urban,1955,241651.9834
2507,4,3,Urban,1989,252031.3417
2612,3,1,Rural,1968,169285.6948
2518,4,2,Urban,1959,301335.0484
2992,4,2,Urban,1983,312132.0991
2570,3,1,Rural,1965,170024.6646
1929,3,1,Rural,2016,243137.7894
2039,4,2,Suburb,1965,199145.3886
1465,5,1,Rural,1980,192931.9063
2425,2,2,Suburb,1972,254618.5225
1293,3,1,Rural,1987,164347.9894
1170,4,3,Rural,2018,72005.02148
2055,2,1,Rural,1974,203357.5323
1262,3,3,Urban,2018,25692.43516
2238,2,1,Suburb,2001,254871.6299
1557,4,1,Rural,2015,277103.2815
1188,3,3,Rural,2015,223292.4853
1785,5,2,Suburb,2017,194895.1944
1582,2,3,Urban,1983,157991.8444
2001,3,1,Rural,2021,162474.0602
2831,2,2,Suburb,2015,264183.4625
1599,2,2,Rural,1964,227948.8875
1845,3,1,Rural,2021,234775.7421
2969,3,3,Urban,2013,309840.5712
2284,3,2,Urban,1982,268636.9747
2205,4,3,Suburb,1950,298527.5165
2528,3,2,Rural,1997,244418.5114
1341,2,1,Urban,2017,156075.0976
1953,3,2,Rural,1951,163200.9738
1021,4,1,Suburb,1954,128750.2118
2097,4,1,Suburb,2019,272485.3498
2625,3,1,Suburb,2006,224463.3192
2870,2,2,Urban,1976,281894.3115
1165,4,3,Suburb,1998,89497.71916
1233,2,3,Urban,1981,148824.8824
2398,5,2,Urban,1966,179577.649
2456,4,3,Urban,1985,256430.7168
1640,5,3,Urban,1966,226392.0429
2357,4,3,Suburb,2011,157732.3088
2827,2,1,Urban,1964,332953.9827
1606,5,2,Suburb,1963,309246.6031
1539,2,2,Urban,2010,157621.1443
2889,4,1,Rural,2015,306999.828
2058,2,2,Urban,1977,144523.418
2467,5,1,Rural,2009,249927.976
2254,3,3,Suburb,1955,268929.0887
1317,3,1,Rural,1991,174555.0801
1342,4,1,Suburb,1953,146863.8609
2453,3,3,Suburb,1958,251960.0475
2899,4,2,Rural,1967,275795.5853
1978,2,3,Rural,1953,201624.4647
1636,2,1,Urban,1954,162613.8681
2489,5,2,Suburb,2012,250838.0556
1078,5,1,Suburb,2015,6159.039213
1892,3,2,Rural,2017,172454.46
1572,2,3,Urban,1989,153323.093
1448,5,2,Suburb,2005,178024.5677
2752,3,3,Urban,2003,292783.461
1281,4,2,Urban,2017,185114.7029
1674,5,1,Urban,1981,282289.6084
1056,5,2,Suburb,2015,266781.0172
2998,3,2,Urban,2021,389877.562
1190,5,3,Urban,1985,87994.21668
1643,3,3,Rural,2007,202452.2869
2486,5,2,Rural,2021,309031.1373
1041,2,1,Urban,1973,166697.6977
2509,2,2,Urban,1989,265428.5257
2196,2,2,Suburb,2018,169843.1161
1678,5,1,Urban,1963,113864.7468
2273,3,3,Suburb,1990,227225.0595
2533,2,2,Urban,1974,316720.4048
1501,4,2,Rural,2002,191706.2511
2216,5,2,Suburb,1997,185011.0988
1789,3,3,Urban,1974,254078.1937
2930,5,1,Urban,1993,382270.5641
1749,3,1,Suburb,1995,109352.676
1741,3,1,Rural,2010,188549.3573
1164,5,2,Urban,2017,184916.4762
1754,4,3,Suburb,1968,134602.7603
1089,4,1,Suburb,1969,168142.8808
2714,5,2,Urban,1976,300438.7379
1986,2,2,Urban,1972,264864.3077
2081,2,2,Rural,1988,224868.9584
2996,3,1,Urban,1996,409240.3991
2286,2,3,Rural,1993,233841.716
1647,5,3,Suburb,1996,197060.5457
1749,5,2,Urban,1988,159320.6665
1818,4,2,Urban,2011,228122.9667
1242,2,2,Rural,1991,170137.879
1662,2,2,Urban,1997,241553.9389
1857,3,2,Rural,2007,236561.982
2899,5,3,Urban,1975,346941.094
2782,5,3,Urban,1956,215737.3202
1218,5,1,Urban,2014,188270.4535
1008,4,2,Rural,2021,66742.96307
1429,4,3,Urban,2004,148622.7455
2829,4,3,Suburb,2012,237205.1386
2902,5,1,Rural,1967,307307.8766
1012,5,1,Urban,2003,170317.7481
2798,2,3,Rural,2010,374942.6078
1906,5,1,Urban,2005,190354.0137
1969,5,3,Suburb,1975,208925.2094
2248,4,1,Suburb,1985,212762.3784
2766,2,3,Rural,1956,324331.7474
1689,5,3,Suburb,1980,145821.9171
2782,3,3,Urban,1971,231520.9253
2090,4,2,Urban,2012,305057.9871
2832,3,2,Suburb,1992,182510.7546
2692,2,3,Urban,1989,292207.7696
1676,4,1,Urban,1951,132478.2581
2526,2,2,Urban,2002,323391.2572
1183,5,2,Urban,1981,187515.9569
2004,4,2,Urban,1950,214160.9705
1207,2,2,Urban,2017,29991.66549
1527,2,1,Suburb,1987,124441.5982
2323,2,1,Urban,1994,239736.406
1817,3,2,Suburb,1953,237257.2182
2002,4,2,Rural,1990,257868.5846
2264,2,1,Suburb,1997,268687.8202
1454,4,1,Rural,1960,86549.35565
2998,5,1,Suburb,2010,300361.1861
2765,5,3,Suburb,2019,278028.3151
1901,2,1,Rural,1957,191094.7191
2553,4,2,Urban,1968,288104.0551
2682,2,1,Urban,1954,355368.1175
1243,2,2,Suburb,1974,119496.8277
2586,3,3,Rural,1958,297934.5876
2985,4,2,Rural,2014,377740.306
1770,3,1,Urban,1996,130676.9064
1237,2,3,Suburb,2015,153160.9312
2269,3,3,Rural,1993,284636.2014
1344,3,1,Urban,1991,96820.56009
2507,3,3,Suburb,1974,334517.8236
1309,5,2,Urban,1961,179609.2261
2584,5,1,Suburb,1978,350272.3402
2307,3,3,Urban,1961,315556.401
1037,4,2,Urban,2020,144835.8408
2819,5,2,Rural,1988,287793.7978
1031,3,3,Suburb,2004,164630.3351
2266,2,1,Urban,1988,109871.3625
2576,5,2,Urban,2001,239558.1211
1291,2,3,Urban,1978,144575.5153
2638,3,1,Urban,1991,298249.5793
1291,3,1,Rural,1961,284103.1862
2642,3,2,Urban,1980,335605.5196
1757,2,1,Rural,1987,310464.72
2405,5,2,Urban,1984,258675.5773
2622,3,1,Suburb,2010,234377.1444
1577,4,2,Rural,2004,162018.9128
2161,3,3,Suburb,1964,236064.7982
2861,5,1,Suburb,1965,226073.0072
2223,5,2,Suburb,1968,253094.932
2358,4,1,Rural,2007,265311.102
1604,3,3,Urban,1978,87906.45538
1446,5,1,Suburb,1979,173077.715
2371,5,3,Urban,2005,195612.7257
1277,5,1,Urban,2002,143564.8599
1993,2,1,Urban,1974,242250.1342
1531,5,3,Urban,2021,103770.5157
2824,5,3,Rural,1963,294030.2705
2422,2,2,Urban,1967,312516.0332
2414,3,2,Urban,1957,288779.514
1983,4,3,Rural,1981,232887.2409
1601,2,1,Rural,2004,192409.2763
1561,2,3,Urban,1964,116355.9387
2033,2,2,Rural,1967,179984.03
1590,5,2,Urban,1961,184372.092
2572,3,1,Urban,1963,254595.6817
1058,3,2,Suburb,2007,155277.0408
2111,3,1,Suburb,1968,258026.6023
1458,4,3,Suburb,1987,159275.7349
1103,3,1,Urban,2013,185273.8818
1830,4,2,Rural,1996,157983.9192
1788,5,2,Urban,2017,232192.5466
1103,3,2,Suburb,1977,208661.7236
2277,4,2,Urban,1970,318109.4832
1741,5,1,Rural,1985,121489.9742
2358,5,1,Rural,1951,316778.2455
2486,4,1,Urban,1966,211450.5431
2572,5,1,Rural,2014,163569.8372
1300,5,3,Rural,1976,187929.4127
1653,3,1,Suburb,1991,229834.2533
1554,4,1,Suburb,1956,111122.3405
1627,5,1,Urban,2015,267414.535
2364,2,2,Urban,2014,242175.5891
2515,2,1,Rural,1993,220815.1612
2107,5,3,Rural,1967,262814.7287
1928,3,1,Rural,1980,247027.0912
2282,2,3,Urban,2003,293369.9467
1359,3,2,Suburb,1991,119423.2291
1086,5,2,Rural,2015,157903.9162
1427,4,1,Urban,1959,175936.3528
1366,5,3,Urban,1957,108058.0685
1342,5,2,Urban,2020,114469.0787
1346,2,3,Urban,1954,181099.6999
2826,4,2,Urban,1959,288815.1341
2944,3,2,Suburb,1974,339354.5696
1095,3,3,Rural,1957,187619.3383
2278,4,3,Rural,2004,265968.1349
2877,3,1,Rural,1979,354686.8511
2159,2,2,Urban,2000,251450.1353
2271,5,3,Suburb,1979,328714.2935
2522,3,1,Urban,1959,312788.7375
1883,2,3,Urban,1993,262501.2926
2981,3,2,Suburb,1960,312871.3368
1485,2,3,Suburb,1995,140929.4092
2425,3,1,Suburb,1994,278322.0196
1603,3,3,Rural,1988,156519.9049
1411,4,3,Rural,2000,243365.6716
2994,4,3,Suburb,2015,347455.0992
2931,2,3,Urban,2012,347968.569
1447,4,1,Rural,1972,164162.1136
1246,5,2,Suburb,1954,184037.578
1769,4,2,Suburb,2014,66189.49491
1698,2,2,Rural,1981,244275.8642
1420,4,1,Suburb,1996,35211.38446
1123,2,1,Suburb,1998,86765.54893
2283,5,3,Urban,1958,268578.6069
2192,2,2,Rural,2004,260904.2158
1940,2,2,Suburb,1961,296595.0704
1876,5,2,Urban,2012,217667.5498
2134,5,1,Urban,1956,277133.9968
2313,2,3,Rural,1978,205610.8021
2622,3,3,Rural,1992,349627.3424
1012,3,2,Rural,1957,116033.2715
2286,2,1,Urban,2017,210517.5905
1799,4,1,Urban,2013,213399.1043
2046,2,3,Rural,2004,228481.3229
1944,2,3,Rural,1978,263746.1805
1199,4,1,Suburb,1997,248372.8696
2265,5,1,Rural,1988,225722.6376
2262,2,1,Rural,1998,118308.4192
1302,3,3,Rural,1961,237259.2398
2188,5,3,Urban,2017,305587.7503
1737,5,3,Rural,2004,241918.019
1175,2,2,Rural,1999,144843.1659
2052,3,1,Rural,1969,272982.8262
1676,4,2,Rural,1955,158130.9423
1534,4,1,Suburb,2000,215571.4742
2317,4,1,Urban,1986,227261.3327
1476,3,2,Suburb,1981,270929.7172
1382,5,3,Rural,2020,144498.5023
1555,5,2,Suburb,2009,120621.6133
2796,2,1,Rural,1990,328166.988
2715,5,3,Suburb,1979,349119.2508
2319,5,2,Suburb,1968,275767.4821
2674,4,3,Rural,1971,269840.464
1333,4,2,Urban,2009,119160.9085
2271,4,2,Urban,1978,352280.0108
2264,5,3,Rural,1991,251681.3015
2129,2,3,Urban,2003,173950.0937
1897,5,3,Rural,1999,168662.6938
1930,2,3,Suburb,1967,236138.393
1684,5,2,Suburb,1957,218850.9917
1560,3,3,Suburb,1956,120423.6023
1122,5,2,Rural,2006,110855.905
2058,3,3,Suburb,1986,257124.1589
1617,2,2,Rural,1983,227868.9687
1987,5,2,Urban,1989,270500.2237
1839,5,2,Rural,1984,206339.1717
1415,2,3,Urban,1954,169138.6103
1707,4,1,Rural,2020,205587.5313
2644,4,1,Rural,1956,278170.601
1636,3,3,Urban,1961,217093.3476
2350,5,1,Rural,1989,274439.4317
2318,4,1,Suburb,2012,319442.6194
2455,2,3,Urban,1991,259905.083
1346,2,1,Urban,1997,92308.94236
1036,5,3,Suburb,1955,104194.6615
2723,3,1,Urban,1957,300995.0705
1511,2,2,Rural,1958,107819.8683
1848,5,2,Suburb,1950,218440.9552
2993,3,2,Rural,2005,342445.5127
2923,4,2,Urban,1988,319771.1257
1534,5,2,Suburb,1982,119408.7753
1909,3,2,Urban,2020,201342.132
1772,2,3,Rural,2011,238003.3353
2729,4,3,Suburb,1963,279122.6799
2901,2,1,Suburb,1966,319259.6684
1663,2,2,Rural,2000,153909.8249
2041,4,2,Rural,1955,214298.0599
1026,5,1,Urban,1964,149001.5802
1535,5,3,Suburb,2013,146768.004
2052,5,2,Urban,1980,315322.4748
2674,2,3,Urban,1988,314809.9004
2007,2,3,Urban,1997,190927.4884
1657,5,3,Urban,1954,160847.7865
2658,5,3,Suburb,1987,350266.5194
1639,4,2,Urban,1978,303641.5796
2903,2,3,Rural,1957,288507.496
2140,3,2,Urban,1989,89419.22722
2155,5,1,Suburb,1980,233893.4973
2312,5,1,Suburb,1979,310246.2965
2741,2,1,Suburb,1981,253283.7211
2259,5,3,Rural,2013,284743.5834
1041,5,1,Suburb,1988,78710.51206
2183,2,3,Urban,1950,296730.5407
2787,5,2,Suburb,1999,297117.4884
2714,4,1,Suburb,1969,318386.6616
2148,3,3,Rural,1991,282022.7304
2283,2,2,Urban,2004,277790.6952
2299,4,3,Rural,1964,316003.8326
1212,2,3,Suburb,1952,145815.8862
2986,2,2,Rural,1953,282908.0461
2496,2,2,Urban,1967,265370.2593
1835,3,1,Urban,1961,90581.37959
1701,4,3,Urban,1962,262027.7154
2593,3,1,Urban,1968,295378.5565
2454,2,3,Urban,2000,338559.3813
2738,5,3,Rural,1984,305247.7507
1079,3,1,Urban,2007,184232.5543
1954,5,1,Rural,2016,220395.861
2251,2,3,Suburb,1953,257129.1588
1901,5,2,Urban,1959,217930.2478
2118,3,3,Rural,1995,238852.2207
1423,4,1,Suburb,1979,135249.3234
2996,5,3,Urban,2010,448410.8928
1918,3,3,Urban,2020,241829.7716
2971,4,2,Suburb,1975,436871.0286
1515,2,2,Urban,1994,184638.6467
1164,4,2,Suburb,1991,136366.8056
2449,2,1,Suburb,1999,270098.7093
1996,3,2,Urban,2019,248408.0693
2835,3,3,Suburb,1960,390325.8342
1992,4,2,Suburb,1991,187271.5038
1892,3,1,Urban,1972,323534.7105
2015,3,1,Rural,2006,151500.9271
2065,2,1,Rural,1994,138245.3536
2820,3,1,Suburb,2006,341295.3788
1740,5,2,Suburb,1990,193504.8219
2426,2,3,Suburb,1976,237796.2689
1754,5,3,Rural,1967,170162.0741
2747,4,3,Urban,2000,342688.6418
1415,5,3,Urban,1980,137128.6877
2323,3,1,Rural,2018,250765.2158
2078,4,3,Rural,2013,223538.169
1335,3,1,Urban,1981,93064.75179
2924,4,3,Suburb,1979,361266.9326
1880,4,3,Urban,1958,95229.37715
2453,2,3,Urban,2012,257698.3969
1971,5,3,Suburb,2015,329791.7225
1684,3,3,Urban,1965,180478.5721
2812,4,1,Rural,1956,363736.3357
2357,2,2,Urban,1999,169897.2356
1740,4,2,Rural,1976,198628.2861
2429,5,1,Urban,1993,230330.9724
1029,4,3,Rural,2012,45121.54512
2558,5,1,Urban,1989,327495.4013
2540,4,1,Rural,1993,266747.9125
1574,5,2,Urban,1961,195557.1433
1220,3,1,Suburb,1987,63612.30809
1826,5,3,Suburb,1984,180807.0498
1593,5,1,Suburb,1970,219640.1069
2517,3,2,Suburb,1985,210843.4625
1753,5,3,Urban,1996,139920.2734
2276,4,2,Suburb,1956,335982.2938
2587,4,3,Rural,2001,197021.9201
2344,4,3,Rural,1975,268138.1119
2062,3,2,Suburb,1992,300274.1442
2020,5,2,Suburb,2013,221331.525
2488,5,1,Suburb,1961,225078.309
2794,4,1,Rural,2011,252701.9258
2961,5,3,Urban,1994,386637.4632
2862,4,3,Suburb,1973,338687.2132
2434,4,3,Urban,1965,252913.1878
2435,4,3,Urban,1973,332107.235
1491,3,1,Rural,2006,151927.2411
1437,2,1,Suburb,1955,142447.4762
1478,2,2,Suburb,1974,158118.5124
1782,5,1,Urban,1968,227173.6138
1948,4,3,Rural,1976,142073.1416
2007,2,1,Suburb,1988,307104.9352
1071,2,3,Suburb,1955,136779.764
1581,5,2,Rural,1967,207331.1696
1219,3,2,Rural,2014,127693.8608
2027,5,1,Urban,2004,320245.698
2885,5,1,Suburb,1988,355218.1328
2002,4,2,Suburb,2009,257881.1834
2936,3,3,Urban,2015,268197.2457
1289,5,1,Rural,2021,186586.1678
1379,2,2,Suburb,2019,88274.49382
2925,2,3,Rural,2019,345525.1287
1803,5,1,Urban,1977,212433.7006
2378,4,1,Suburb,2019,257359.6036
1742,4,3,Suburb,2017,132535.5847
2958,5,2,Rural,1974,296357.7448
1079,3,3,Rural,2006,107791.1233
1065,4,3,Urban,1967,204829.3218
1135,2,1,Suburb,1964,155722.5341
1398,3,1,Urban,1978,96444.65722
2726,5,2,Rural,1984,355031.4943
1346,3,3,Suburb,1986,160039.9511
2871,4,1,Urban,1972,305394.4565
2984,4,2,Suburb,1993,287914.3335
1058,2,3,Suburb,2002,126063.735
1777,5,1,Suburb,1989,192933.7306
1518,3,2,Rural,1991,233628.9833
2903,3,1,Urban,2005,273481.5223
1713,3,2,Urban,1979,189985.6484
2867,3,2,Urban,1997,271552.3568
1976,2,3,Suburb,1994,175602.0554
2260,2,1,Urban,1992,171171.2494
2803,2,2,Urban,2011,243083.8369
1078,4,3,Suburb,1961,178339.6426
2581,2,1,Rural,1956,242422.9229
2778,2,3,Suburb,1992,330089.0111
2823,5,3,Suburb,1958,393523.4537
2695,5,1,Rural,2019,361069.4903
1114,5,2,Suburb,2001,113489.8082
1985,5,3,Rural,2010,141318.4532
2485,2,1,Suburb,2017,250068.7634
2649,2,1,Urban,2000,228671.9814
1125,4,1,Suburb,1964,107669.8796
2625,3,2,Suburb,1952,383118.6358
1572,3,1,Suburb,2015,80957.11438
1964,5,2,Rural,1991,231823.4807
1499,4,2,Rural,1999,162471.4349
1828,2,1,Rural,1968,218717.7042
2125,3,1,Suburb,1994,132628.5046
1625,5,3,Rural,1970,168657.6203
2197,5,2,Suburb,2005,226892.575
1451,3,3,Suburb,2005,214419.2497
2115,3,2,Suburb,1999,242371.7968
2718,3,1,Rural,1987,268877.4968
1384,2,3,Rural,1957,83502.59283
2228,3,3,Rural,1989,361042.7245
1362,4,1,Suburb,1981,136695.5641
2730,4,1,Urban,2004,250533.951
2840,3,3,Rural,1993,287305.5142
1497,2,1,Suburb,1983,163241.385
1536,5,1,Urban,1970,189957.2871
2257,3,2,Urban,1969,201858.3371
1015,3,1,Rural,1976,57905.83023
1980,3,2,Suburb,1999,159863.9957
2164,4,2,Rural,2005,168509.7897
2971,4,1,Rural,1972,311644.5335
1619,5,1,Urban,2012,170493.7811
2443,2,3,Rural,2007,243697.4632
2479,3,2,Rural,1956,302446.4966
1299,3,2,Rural,1978,136585.0831
1338,3,1,Urban,1998,20757.44371
1302,5,1,Urban,1985,129689.585
2915,3,3,Rural,1979,332777.049
1591,4,1,Urban,1983,187458.1297
1075,2,1,Urban,2002,112058.8841
2811,4,3,Rural,1998,297728.1714
1913,3,2,Suburb,1977,258624.3487
2973,5,1,Rural,1952,330791.1474
1779,4,1,Suburb,1973,184660.5717
2647,2,2,Urban,1969,315036.8547
1920,5,2,Suburb,1957,150738.608
2339,3,3,Suburb,1967,244813.1922
2523,3,2,Urban,1998,275563.1399
2098,5,1,Rural,1966,239364.9881
2749,4,2,Rural,2013,293646.4255
1365,4,3,Urban,1953,139874.6769
2569,5,1,Rural,1972,255355.7361
1652,4,3,Suburb,1999,81278.28382
2005,2,3,Suburb,1983,179072.1084
2701,5,3,Suburb,1999,266703.24
1395,2,3,Urban,1950,220601.1116
2254,5,3,Suburb,1984,296994.8693
1803,2,2,Urban,1970,202803.4287
2051,3,3,Rural,1984,157878.7978
2498,3,3,Urban,1972,272947.5589
2318,4,3,Urban,2008,234737.3342
1844,5,1,Urban,2014,175059.8374
2450,3,3,Urban,1980,154799.3579
1871,5,1,Suburb,1976,211111.0476
2114,5,2,Suburb,1981,201259.3438
1114,2,3,Urban,1977,156672.5788
2182,3,3,Urban,1971,306671.4231
2281,4,3,Suburb,1954,359450.7746
1372,4,2,Suburb,1952,140317.7431
1849,4,1,Suburb,2011,184450.1678
1089,5,3,Rural,2000,194038.3223
1756,4,2,Suburb,1997,144595.5235
2321,5,2,Rural,2016,314708.0036
1030,3,3,Rural,1972,118975.2934
2852,5,1,Rural,2008,280623.0833
1357,4,1,Suburb,1956,162523.7812
2847,3,2,Suburb,2000,280009.0093
1469,4,2,Suburb,1960,226331.0331
2763,5,1,Urban,2007,365964.0279
2874,5,1,Rural,1990,283570.6083
2151,4,2,Suburb,1996,227732.7252
2805,3,1,Suburb,2006,272543.3989
1269,5,3,Suburb,1991,162749.079
2521,2,1,Urban,1977,317334.1096
2436,2,1,Urban,1995,218072.1269
1208,2,1,Rural,2018,100697.457
1689,2,3,Urban,1964,201101.6189
2329,4,3,Suburb,1997,260607.3344
2214,5,3,Suburb,2010,273870.8415
2380,3,2,Suburb,1999,309473.5421
1456,2,3,Urban,1995,184690.714
1448,4,1,Rural,2002,78120.75688
1067,3,1,Urban,1976,146547.5649
2862,4,2,Urban,2014,285779.7584
2802,5,2,Urban,2003,337550.5016
2805,2,1,Suburb,1977,338624.3092
1873,3,1,Urban,1953,225785.0863
1466,3,3,Urban,1962,27888.79308
2383,4,2,Rural,2009,246806.5364
2410,4,3,Suburb,2008,263864.6847
1127,5,3,Urban,2012,100208.399
2799,3,3,Suburb,1993,344171.2882
1732,2,3,Urban,1961,206406.5582
2777,2,3,Suburb,1994,315345.7582
2508,3,1,Rural,1961,292331.7716
2267,3,3,Urban,1981,205346.5845
2962,5,2,Rural,2002,321443.5339
2928,2,2,Rural,2013,411832.9086
2042,2,3,Rural,1980,171445.0189
2419,4,2,Suburb,1967,236130.0323
2690,4,2,Suburb,1955,275925.228
2252,2,1,Rural,1952,210111.7994
1367,3,1,Suburb,1962,154561.2897
1057,3,3,Rural,2010,38149.95328
2304,4,1,Suburb,2019,264227.3928
1556,3,3,Suburb,1961,242487.2328
2125,5,2,Urban,1956,257348.1353
1047,3,2,Urban,2003,183247.3168
1561,3,1,Rural,1953,199445.8332
1592,3,2,Urban,1961,143903.7426
1811,4,3,Suburb,2010,104974.8953
1058,3,3,Suburb,2020,125942.4992
1160,2,1,Suburb,1992,140908.2766
1102,4,2,Suburb,1979,140356.6547
1845,3,2,Urban,2000,328262.7357
1411,3,3,Suburb,1968,203502.6461
1785,5,3,Suburb,1978,141318.9915
1182,3,1,Suburb,1994,118947.1375
1416,4,1,Suburb,1970,191303.8673
2139,3,1,Rural,2016,296787.5508
2897,4,1,Urban,1972,285294.7907
1398,2,3,Rural,2012,116060.9656
1956,3,1,Suburb,2010,132070.0882
1778,4,3,Suburb,2010,244345.8628
2699,2,2,Suburb,1967,310642.9456
1654,4,1,Suburb,1994,164284.5867
1436,3,3,Rural,1975,127631.7665
1317,4,2,Suburb,1966,145721.9599
2839,3,1,Rural,1968,234190.4021
1605,4,1,Urban,1966,142835.8177
2273,2,3,Suburb,1961,152096.5469
1910,3,3,Urban,1990,166012.8455
2470,2,3,Urban,1956,276836.2826
1496,3,1,Suburb,2015,252984.0398
2366,4,2,Urban,1952,233869.7056
1426,2,1,Rural,2002,187681.6001
1817,3,1,Suburb,1985,157817.4534
2851,2,3,Suburb,2003,295415.5534
2022,5,2,Rural,1989,249610.8691
1239,2,1,Suburb,2018,180374.1561
2082,3,3,Suburb,1972,225906.1072
2550,4,1,Rural,1955,295398.4933
1796,5,3,Suburb,1990,194164.9587
1202,5,1,Urban,1984,185946.6907
2772,5,3,Urban,1982,387513.1453
2489,2,1,Suburb,1971,297327.7433
2319,3,3,Rural,1953,238419.9306
1286,2,1,Urban,1985,147232.1792
1072,5,2,Urban,2008,152328.6241
1725,5,2,Rural,1986,203074.3054
2546,5,3,Urban,2007,241774.471
1336,2,2,Urban,1981,101643.6562
2760,5,2,Suburb,1964,270337.0311
2341,4,1,Suburb,2009,279397.8859
1202,3,2,Urban,1969,163867.1306
1230,5,2,Suburb,1972,153392.0663
1903,3,2,Suburb,1971,111492.2783
2586,2,2,Suburb,1957,423458.0156
2080,5,3,Urban,1958,208617.1758
1643,4,2,Urban,2016,149338.1208
2443,5,3,Rural,1992,404572.2761
1914,4,2,Urban,1968,276049.6324
1279,4,1,Urban,1962,169847.2061
1808,3,2,Rural,1988,81830.32831
2328,3,1,Suburb,1977,151268.6148
1465,2,2,Rural,1984,151485.8966
1736,4,2,Rural,2005,117575.2403
2197,4,1,Suburb,2008,256208.4589
1803,3,3,Suburb,1974,213932.093
1265,2,1,Rural,2013,123160.2333
1246,3,3,Rural,1994,93448.94828
1077,3,1,Urban,1983,77421.68454
2670,2,2,Suburb,1993,271012.0007
2675,4,3,Urban,2002,341172.7714
1853,4,3,Suburb,1956,233507.2155
1252,2,2,Rural,1964,109269.7844
1474,4,3,Suburb,1992,206447.6651
1175,2,1,Rural,1987,93433.94322
2444,2,3,Suburb,1990,249873.3167
1970,3,1,Suburb,1977,167364.2916
2955,4,1,Suburb,1965,324623.4117
2595,4,2,Rural,1972,322883.7098
2484,2,2,Suburb,2002,306500.229
2887,3,2,Urban,1973,322150.6947
1253,3,1,Suburb,2001,263755.5788
2543,4,3,Urban,2000,304825.3204
1902,5,1,Rural,1950,209287.9824
1106,2,3,Rural,2019,115122.2745
2194,4,1,Suburb,1957,294080.5634
1057,4,2,Suburb,1979,149938.4687
2360,5,2,Urban,1987,246653.2242
2365,5,1,Suburb,2021,238553.8926
1941,3,3,Suburb,1989,208723.5294
2313,3,1,Urban,2011,230917.2492
1083,3,2,Suburb,1970,144711.6504
2140,3,2,Urban,1954,216334.9046
1711,2,2,Rural,2014,209656.3207
2557,5,3,Suburb,2008,352534.589
2242,4,1,Urban,1952,176476.7618
2761,3,3,Rural,2011,280990.2653
2940,4,1,Urban,1955,254682.3193
2806,2,1,Suburb,1982,328202.6579
1900,3,2,Urban,2012,261851.6179
2125,2,2,Rural,1983,294582.6076
1656,3,3,Suburb,2007,202649.0771
1455,4,2,Suburb,1977,185687.2677
1658,2,1,Suburb,1955,212558.8334
1772,3,2,Rural,2021,251458.1486
1790,4,1,Suburb,1961,125185.0918
1850,4,3,Rural,1985,253922.7007
1525,4,2,Rural,1954,113021.463
1265,3,2,Urban,2015,141677.4929
2310,4,1,Rural,1982,267663.5678
1140,4,2,Urban,2016,192425.0866
1894,3,3,Suburb,1959,233820.0847
1405,2,3,Urban,1964,191242.9862
1292,4,2,Rural,2019,157342.7597
2958,3,1,Urban,1996,279061.0958
2929,2,3,Suburb,1971,249861.102
2054,4,2,Urban,1987,259020.501
2194,3,2,Suburb,1966,203022.5178
1354,5,3,Rural,1973,205986.8306
1204,3,1,Suburb,2011,145987.5822
2501,4,2,Urban,1996,282133.7238
1993,2,2,Urban,1997,205124.8928
2955,2,1,Urban,2011,305961.9407
1290,2,1,Rural,2000,103780.0432
1110,4,2,Urban,2008,243998.7528
2091,4,1,Rural,1980,308683.8844
2718,2,1,Rural,1999,308524.5702
1372,2,1,Urban,2005,76423.0449
1195,2,2,Rural,1982,155509.3251
1125,2,1,Suburb,1951,131929.2873
2710,3,3,Suburb,2011,321233.5255
1261,4,3,Rural,1954,223046.5716
1886,5,1,Suburb,1963,195730.8538
1923,2,3,Suburb,2007,187852.8348
2821,3,1,Suburb,1974,351679.3708
1154,5,1,Urban,1981,203609.8743
2604,5,3,Suburb,2002,303936.7462
1107,2,2,Suburb,1959,196657.8165
2446,2,1,Suburb,1970,160783.2263
1034,3,1,Suburb,2004,143404.1727
2894,2,3,Suburb,1957,322662.5191
2067,5,3,Rural,1983,306429.9809
1654,2,1,Rural,2000,125569.0832
1722,3,3,Urban,1974,254476.0389
1997,3,2,Suburb,2005,190339.8902
1415,3,2,Urban,1967,156362.2346
1999,3,2,Suburb,1969,181547.5176
1284,3,1,Suburb,1963,78948.13085
2470,2,3,Urban,2001,304411.8099
1517,4,3,Suburb,1987,158719.8101
2753,3,1,Urban,1960,252161.1714
1026,4,1,Urban,1977,83592.29574
1226,2,3,Suburb,1979,133821.228
2819,3,1,Suburb,1954,318442.4728
2924,4,3,Suburb,2017,398911.1719
2448,4,3,Rural,2020,175998.6008
2591,5,1,Suburb,1988,278629.5721
2391,4,1,Urban,1989,280129.9813
2333,5,1,Suburb,1984,239981.9562
1847,5,1,Urban,1952,279099.5411
2128,4,1,Urban,1986,224229.3164
1017,5,1,Urban,2017,127360.3246
2228,4,3,Rural,2007,197926.4384
1042,5,2,Suburb,1960,158826.5077
1088,3,1,Urban,1953,121044.0574
1585,3,3,Suburb,2017,237362.2474
1156,3,3,Urban,1993,101200.7067
2289,4,3,Urban,1999,270128.203
1133,4,3,Urban,2001,163338.4727
1463,2,1,Suburb,1976,189975.4022
2624,4,3,Rural,1958,312527.0789
2771,2,2,Rural,1967,384403.9949
2155,2,1,Urban,1959,86493.1937
1740,3,2,Suburb,1987,191328.2578
2057,4,2,Suburb,1985,193895.76
1082,4,3,Urban,1987,75134.31538
1928,2,2,Rural,1990,234962.1601
2155,2,1,Suburb,1959,267645.2591
2451,4,3,Suburb,1956,378853.3575
1865,2,1,Suburb,1960,252374.1361
1203,4,1,Suburb,2013,92220.86613
2822,4,2,Suburb,1992,222091.1061
2359,5,2,Urban,1959,281227.6991
1961,2,1,Suburb,1954,219247.437
1496,3,3,Urban,1981,175169.9603
1441,4,1,Urban,1990,162431.2832
1827,2,2,Urban,2021,195087.0267
2281,2,1,Urban,2000,205400.4124
2315,2,2,Urban,1960,275427.1633
2989,4,1,Urban,1951,290887.3461
2148,4,2,Suburb,1995,286971.2539
2979,4,1,Rural,2011,337381.735
2686,2,2,Rural,1966,231452.7991
1870,3,3,Rural,1959,169563.4199
2782,5,3,Suburb,1961,223970.9473
2198,3,3,Urban,1992,325349.9533
2907,4,3,Rural,1999,255983.2801
2515,4,1,Rural,1986,235567.042
1868,4,1,Suburb,1985,220222.2917
2837,3,2,Rural,1994,407498.8288
1079,3,1,Urban,1995,133076.0094
2642,4,1,Rural,1985,264383.7002
1811,5,2,Rural,1991,235317.0271
1914,5,1,Urban,1970,177261.9268
2328,2,3,Suburb,1954,155571.4286
2533,3,3,Suburb,1992,420521.605
2367,5,1,Urban,1997,257724.6667
1569,4,1,Urban,2003,166953.4545
2114,3,2,Suburb,1964,272818.3683
2670,2,1,Suburb,1980,203148.8193
1861,2,3,Suburb,1968,224012.1961
1168,3,2,Suburb,2013,80125.8927
2357,4,2,Urban,1960,272202.6596
2657,5,2,Urban,1973,265608.3316
2011,3,1,Suburb,2017,225215.4447
1235,4,1,Urban,2011,76201.77583
1398,3,1,Urban,1997,112305.2465
1587,2,2,Suburb,1999,174436.0373
1820,3,2,Rural,1973,221450.0888
2012,4,3,Rural,2015,235887.8742
1476,4,3,Rural,1955,94188.8917
2558,2,1,Urban,1982,319559.9886
1844,4,1,Rural,2005,242322.1083
1584,4,3,Suburb,2000,127987.682
2111,2,3,Rural,2016,234132.6184
1614,4,1,Suburb,1985,142306.8936
1605,4,1,Urban,1982,63559.78465
1960,3,1,Urban,1953,224019.4492
2851,3,1,Suburb,1987,383605.2803
1777,3,3,Rural,1956,175536.8434
2276,3,1,Suburb,1990,284793.9199
1357,5,1,Suburb,2019,196019.7427
2081,3,3,Suburb,2021,270516.516
2966,3,3,Suburb,1960,291543.125
2422,3,1,Rural,1954,290739.5423
1520,2,1,Suburb,1980,165486.6353
1524,3,2,Suburb,1964,186356.1213
2942,5,1,Rural,2014,229199.6886
2440,5,1,Rural,2002,239002.2974
1392,5,3,Suburb,1983,180067.7249
2666,4,1,Suburb,1955,299528.6522
2245,2,1,Rural,2008,156194.2291
2352,3,2,Rural,1988,384990.7729
2395,3,1,Suburb,2019,263586.419
2534,4,1,Urban,1993,275865.2675
1152,2,3,Urban,1967,133283.3116
1892,4,2,Urban,1999,192998.0591
2902,5,1,Urban,1993,295471.681
1983,4,2,Rural,2007,156136.8015
1479,2,1,Urban,1966,203659.3458
1582,4,1,Suburb,2004,166001.9867
2955,2,3,Rural,1998,373640.0383
1856,4,1,Rural,1985,155396.3836
1019,2,2,Urban,1998,198028.2498
1592,3,2,Urban,2005,161819.032
2973,5,1,Suburb,1994,375390.5913
1227,2,2,Suburb,2009,116905.4071
2369,4,3,Rural,1952,201648.46
1018,4,2,Rural,1995,117242.6792
1443,5,2,Suburb,2009,150590.493
2700,3,1,Urban,1982,329992.4962
1367,3,2,Urban,1975,181943.2973
1898,3,3,Suburb,1962,225410.2007
2642,2,2,Urban,1979,374235.104
1888,5,3,Urban,2017,211519.8367
2883,2,3,Urban,2021,274065.4768
1725,2,3,Rural,2009,120385.9718
2774,2,3,Suburb,1957,238133.5674
1146,2,2,Suburb,2017,112094.5833
2716,4,2,Urban,1983,310100.5233
2527,4,1,Suburb,2007,297694.1059
1429,4,3,Suburb,1982,158374.4102
1847,2,1,Rural,1989,260576.2333
2463,3,3,Suburb,1999,236378.6402
1197,4,3,Suburb,1999,183522.5653
1996,5,3,Suburb,2002,87086.59671
2310,4,2,Urban,1964,241009.3976
1564,2,3,Urban,1953,194932.5702
1368,2,3,Urban,2019,275086.8794
2263,2,1,Urban,1977,283625.6749
1801,4,3,Rural,1990,106733.1321
2310,3,1,Urban,1954,294910.5099
1699,2,2,Suburb,2019,221352.7564
2418,5,2,Suburb,1964,317389.5082
1995,2,3,Rural,1982,276160.7295
1517,3,3,Urban,2018,173307.6522
2818,3,1,Suburb,1987,298995.4741
1774,3,1,Rural,1965,107767.8214
1560,2,2,Rural,2014,198645.9689
2887,5,3,Urban,2020,297648.6128
2735,5,3,Rural,2017,269466.1774
1059,2,1,Suburb,1971,70113.40036
1544,4,1,Rural,1997,98476.28349
2016,4,2,Suburb,2002,217157.8519
1302,5,2,Urban,1995,242575.2477
2267,4,3,Suburb,1953,248940.9868
2707,4,1,Urban,1960,262597.6113
2230,5,2,Urban,1966,257201.257
2398,4,1,Rural,1958,266834.1959
1282,4,2,Urban,1964,192480.8187
1477,2,3,Suburb,1954,151877.7491
2045,4,2,Suburb,2020,173786.1942
1558,5,2,Rural,2004,168402.1427
1348,2,1,Urban,1980,170751.0824
2512,5,2,Urban,2017,226356.6959
2967,2,1,Suburb,1991,264987.8397
1669,5,3,Urban,1981,285613.0438
1257,3,3,Urban,1951,156617.7635
1654,2,2,Urban,1994,225666.3812
2070,2,3,Urban,1956,133709.9503
2050,2,1,Suburb,1967,236570.5946
2990,5,1,Suburb,1951,288555.1897
2050,3,2,Suburb,1986,209393.7613
2420,2,3,Suburb,1986,212637.6436
2974,3,1,Rural,1961,286850.9902
1144,4,1,Urban,1956,156326.9321
1586,2,1,Urban,1961,240066.4222
2722,4,1,Rural,1973,315803.9232
1521,2,1,Urban,2001,194394.5286
2144,3,3,Suburb,1995,213509.0399
1800,4,2,Urban,2019,172628.0303
2485,5,2,Urban,1977,360593.1164
2700,2,1,Rural,2014,303618.5731
1381,2,3,Rural,1987,190843.6275
1775,3,3,Suburb,1989,245595.9582
1672,5,1,Rural,1952,227057.2166
2926,2,3,Urban,1999,308277.8107
2441,4,2,Urban,1985,263157.7619
1326,5,1,Suburb,1999,115633.21
2414,5,1,Suburb,2019,223960.7948
2320,3,2,Suburb,2011,265615.0812
1629,4,2,Rural,1953,112851.1744
2846,4,3,Urban,2005,359092.9098
2798,2,3,Rural,1976,348605.9101
1083,2,2,Urban,1975,137402.4386
1145,5,3,Rural,1976,169380.2341
2194,5,2,Suburb,1997,194038.8444
2357,3,3,Urban,2005,327999.4592
1423,5,3,Urban,1981,164436.3983
2332,3,1,Urban,1994,301777.1728
2549,3,1,Rural,1969,314697.8879
1660,4,2,Rural,2004,114999.4068
2904,4,2,Urban,1962,327520.4598
1762,5,2,Suburb,1984,239145.783
1568,5,3,Suburb,1988,191823.7557
1346,4,1,Suburb,2000,139314.1394
2325,5,1,Urban,2008,211039.4254
2945,4,2,Suburb,1954,257863.5997
1346,2,3,Urban,1958,174231.3468
1407,5,2,Suburb,1955,168166.0947
1132,3,1,Urban,1990,238418.9746
2705,2,1,Urban,1972,249017.084
1613,2,1,Suburb,1975,211076.0262
1987,5,1,Urban,1971,194031.0382
1105,4,2,Rural,2019,135792.1064
1170,3,2,Suburb,1972,72974.30775
1639,4,2,Urban,1967,279685.0827
2273,5,3,Suburb,2012,167662.5367
2567,4,1,Urban,1995,305823.5349
2751,5,2,Suburb,1988,347802.0881
1261,5,2,Suburb,1967,195700.6259
2865,3,1,Suburb,1982,386544.6963
1493,5,2,Urban,2019,187202.8979
2267,3,3,Suburb,1986,282621.4186
2474,2,1,Suburb,1993,276137.6236
1902,4,2,Urban,2017,255176.7161
2820,5,3,Urban,1986,355714.9216
1289,4,2,Suburb,1956,88771.1794
2286,4,1,Urban,1983,272852.764
2872,3,1,Rural,1994,351484.6831
2868,4,1,Rural,2012,327570.4311
2337,4,3,Rural,1958,258330.5488
1084,4,1,Rural,2020,225343.9513
2438,5,1,Rural,2018,325994.5219
2352,4,3,Rural,1988,255042.0786
1044,2,3,Rural,1977,71219.78429
1814,3,1,Rural,1989,162801.7503
1332,2,3,Rural,2007,145745.4104
1464,3,3,Rural,1989,177784.1608
1199,4,2,Urban,1956,95219.22672
2224,3,2,Suburb,1984,191575.5851
1328,5,1,Rural,1981,250980.6024
2703,5,2,Urban,1997,279364.8316
1239,2,1,Suburb,2007,203051.5785
2907,5,3,Rural,2001,356123.9058
1797,4,2,Suburb,2008,216531.8176
1701,2,3,Rural,1963,256136.9728
1582,2,2,Urban,1970,177486.6622
1656,2,2,Urban,2005,165090.6086
2382,5,2,Rural,1950,360609.5184
2924,3,3,Suburb,2008,299986.2746
1720,5,2,Rural,1995,232050.0687
1359,2,2,Suburb,2000,160685.3084
2401,3,2,Urban,1995,242187.0525
1384,2,3,Rural,1951,154849.4107
2743,2,1,Urban,1984,369279.6634
2488,3,2,Suburb,1987,152461.9869
2245,3,2,Urban,1977,293570.1825
1798,2,2,Rural,1975,170467.7878
2698,2,1,Suburb,2020,325749.9201
1364,5,1,Urban,1969,296458.2212
1071,5,3,Urban,1983,109603.1832
2263,5,2,Urban,1994,300232.7951
1503,4,1,Urban,2001,175994.2004
2437,2,3,Rural,1966,286626.8139
1126,5,1,Rural,1965,162797.1137
2510,2,2,Urban,1996,272024.2249
2620,4,1,Rural,1951,180781.4441
2550,5,1,Rural,1980,304984.7466
2271,5,1,Urban,1989,249839.928
1481,2,2,Urban,1973,193448.0614
2335,2,1,Urban,2017,304521.0901
2467,3,2,Urban,1981,288932.7616
1282,3,3,Rural,1959,139193.9954
2025,5,2,Urban,1971,146688.4327
1073,3,2,Rural,2003,84686.94569
2087,5,2,Suburb,1978,274488.1308
1772,2,2,Urban,1969,209336.997
1346,3,2,Rural,1960,202013.726
1323,5,1,Urban,1992,185794.7415
1238,2,3,Urban,2011,158294.9218
2420,5,2,Suburb,1986,255707.8886
1336,4,2,Suburb,2018,169940.4846
1340,3,3,Suburb,1967,148403.9457
2302,4,2,Rural,1966,260967.4074
2376,2,1,Urban,2002,194498.8855
1945,5,3,Rural,1966,299769.3337
1891,5,1,Urban,1963,204461.6406
2486,2,3,Rural,1984,154100.3764
1461,4,1,Rural,1982,118562.0972
2736,5,3,Urban,1976,293743.4671
2316,4,3,Urban,1956,310666.134
1797,4,1,Suburb,1974,231525.0068
1732,4,1,Rural,2020,225430.0217
2430,3,2,Urban,1997,140308.9538
1161,4,3,Rural,1973,164236.7294
2526,3,3,Urban,1968,310201.9318
1447,4,3,Rural,1959,82523.96574
2718,4,1,Urban,2010,257311.7247
2478,3,1,Rural,2021,340457.3197
2908,5,3,Suburb,2001,331045.0554
1264,5,2,Rural,2004,179093.8692
2009,2,3,Suburb,2009,166533.9065
1131,2,3,Rural,1983,214199.2255
2857,5,3,Suburb,2019,329808.2524
1119,2,2,Suburb,1981,183173.5455
2915,5,3,Rural,2013,288938.1979
2242,2,1,Suburb,1996,203817.2419
2440,5,2,Urban,1981,296965.7612
1671,3,2,Urban,2003,255655.5286
1504,2,1,Suburb,1957,187992.8479
2323,3,2,Urban,1970,222717.4973
1108,3,2,Suburb,2013,86751.87553
2261,3,2,Urban,2021,244352.8333
1292,3,3,Suburb,1975,160621.3762
1987,3,1,Urban,1980,218913.8525
2602,4,1,Suburb,1992,244230.4194
1827,3,1,Suburb,1960,150072.5028
1186,2,2,Rural,2009,130663.9277
2059,3,3,Urban,1970,168438.7259
2584,2,3,Rural,1980,304237.4887
1255,3,2,Suburb,1953,167164.6574
2458,2,3,Suburb,2014,316047.7938
2642,3,1,Suburb,1962,373989.6862
2031,5,1,Urban,2004,209753.889
1747,4,2,Suburb,1964,128458.6336
2201,2,2,Urban,1990,209185.2436
2265,2,2,Urban,2010,228992.952
1040,3,2,Suburb,1997,174844.1046
2380,2,1,Rural,1987,226499.9631
1756,3,2,Urban,2016,244907.4815
1112,4,1,Urban,1976,109648.3184
2900,5,3,Suburb,2009,338094.3935
1767,5,3,Rural,1954,185579.3596
2189,4,2,Urban,1968,138712.7344
2527,3,1,Urban,2013,204528.7371
1853,3,1,Urban,1970,138763.9838
1077,4,3,Rural,1985,111298.5438
1718,2,2,Urban,2000,262999.0438
2846,2,2,Rural,1966,309402.2391
1877,2,3,Urban,1972,180982.5058
2219,4,2,Suburb,2012,266816.1449
1401,5,3,Suburb,2013,255678.9542
1832,5,3,Suburb,1997,92520.54247
1063,5,1,Suburb,1988,138276.3101
1651,3,3,Urban,2015,126716.0721
1885,4,3,Urban,1975,286611.948
2448,2,3,Rural,1966,281451.2993
2065,5,3,Urban,1984,168682.5799
1372,5,2,Rural,2016,167636.489
2979,5,1,Suburb,2021,326996.0036
1305,3,1,Suburb,1971,209062.2762
1208,3,2,Suburb,1952,171437.0687
1466,2,2,Urban,1955,175395.5799
1931,5,2,Suburb,2000,227143.683
2327,5,2,Rural,2014,314615.7898
2990,5,1,Suburb,2016,377946.4057
2608,3,1,Rural,1963,245644.4849
2415,2,1,Suburb,1978,283435.4409
2176,4,1,Suburb,2009,196489.8541
1646,3,2,Suburb,1959,236313.2537
1361,5,3,Suburb,1988,202644.8181
2287,2,3,Suburb,1970,222813.8391
2239,2,2,Urban,1982,257411.0701
1720,4,2,Rural,1998,175868.0588
1715,5,1,Rural,1962,100048.249
2645,3,3,Urban,2015,358693.0512
1542,3,1,Urban,1985,102988.0854
2547,3,3,Suburb,1962,207387.0157
2662,5,1,Suburb,1951,313329.2566
2848,5,3,Suburb,1951,313806.9151
1193,5,1,Rural,1979,132202.2868
1651,3,1,Suburb,1983,195851.8885
2050,5,2,Urban,1985,230398.0789
2069,5,1,Suburb,1988,179587.5723
1646,5,3,Urban,1975,237130.6448
2852,4,1,Suburb,2005,343173.8426
1953,4,1,Suburb,2012,224607.1393
2081,5,2,Rural,1981,224885.0085
2036,5,3,Urban,2001,258288.6701
1948,3,2,Urban,1977,225439.148
2635,2,1,Urban,1961,308699.9516
1960,5,3,Rural,1965,173267.5769
1048,3,1,Suburb,1995,40401.1971
1802,3,1,Rural,2015,237311.4634
2117,2,3,Urban,1965,263138.3185
1606,3,2,Rural,1951,181213.5912
2680,2,2,Urban,1988,306457.253
2607,5,2,Rural,1963,239969.8864
2474,4,1,Urban,1969,237609.8175
2402,2,3,Suburb,1980,279109.3727
1009,5,3,Rural,1963,94933.98402
1673,5,2,Urban,2008,160399.9092
1725,4,2,Urban,1990,44701.73219
1515,3,1,Suburb,1999,146999.8419
1223,2,3,Urban,1966,117125.2511
2404,2,2,Urban,2006,272319.4251
2564,3,1,Urban,1977,274779.103
2325,4,1,Urban,1983,239026.0998
1202,2,2,Urban,1957,125129.8457
1941,2,3,Rural,1995,175970.0657
1588,3,2,Rural,1959,211353.092
1570,5,1,Rural,1971,196599.6461
1956,4,1,Rural,1993,161662.1932
1195,5,1,Rural,2013,159081.6443
2345,5,2,Rural,1975,319037.9105
1417,3,3,Urban,1988,156407.3438
2642,2,2,Suburb,1975,319753.0199
2365,3,2,Suburb,1973,311194.0707
2412,5,2,Suburb,1999,200655.6305
1008,3,2,Suburb,1989,148871.3543
1531,4,1,Urban,1994,152163.0246
1148,5,3,Urban,2001,154834.6589
1382,5,1,Rural,1989,131093.2027
2552,4,1,Rural,1979,274438.3318
2035,3,3,Urban,2001,185536.1404
1475,3,2,Urban,1965,136185.1824
2617,3,2,Rural,2005,225848.555
1578,2,2,Suburb,1990,193875.4276
2668,5,3,Rural,1987,355610.9387
2979,4,2,Suburb,1956,268592.4156
2076,5,3,Rural,1984,328757.5296
2459,2,2,Suburb,2019,229547.4231
1205,5,3,Rural,1989,147474.2704
2967,4,1,Suburb,1960,281452.3655
1985,4,3,Suburb,1980,271738.3621
1914,5,3,Rural,2007,235336.3085
1744,2,1,Suburb,1979,196858.5083
1912,5,3,Urban,1979,188320.5572
1053,2,3,Urban,1959,137676.6919
2001,3,2,Urban,1951,254251.6165
2603,4,3,Urban,1966,280204.2293
2513,5,3,Urban,2009,300529.0392
2826,4,2,Suburb,1950,303777.6615
1343,4,1,Rural,2007,198192.2518
2192,5,1,Urban,1994,171917.7274
2932,3,3,Urban,2008,288503.3402
2184,4,1,Rural,1981,201852.8624
2550,4,2,Suburb,1987,287151.9581
1702,2,3,Suburb,2009,96169.42697
1526,2,3,Rural,1993,96714.72726
2310,3,3,Rural,2017,347698.1843
2898,5,1,Suburb,2008,295401.6775
1411,4,1,Suburb,1952,86102.30253
2545,3,1,Suburb,1986,284847.7872
1568,5,1,Suburb,1978,271558.9191
1198,2,1,Suburb,2006,146079.814
2184,4,2,Suburb,2021,230196.2176
1774,4,2,Suburb,1996,217769.2755
1388,5,1,Urban,1979,200525.6119
1473,3,2,Suburb,1994,150956.718
2404,4,1,Rural,1990,251186.3242
1764,4,3,Suburb,2017,222809.0879
2654,2,2,Urban,1965,290886.5198
1591,3,3,Suburb,1973,51401.90713
2147,2,1,Urban,1995,266408.8093
2848,5,2,Urban,1978,366160.9288
2095,5,2,Urban,1995,242012.106
1981,3,3,Urban,1962,267708.3216
1993,2,1,Urban,1984,190452.7122
1167,5,2,Suburb,2015,140648.178
1283,3,1,Suburb,1959,127571.9496
2517,5,2,Urban,1965,286625.7422
2059,4,2,Urban,1954,179441.5717
1823,4,2,Rural,1981,250261.6437
2198,3,2,Urban,1987,288198.6749
2222,5,1,Rural,1983,329366.3035
2139,3,1,Suburb,1979,253884.0572
2959,3,1,Rural,1976,307372.3226
2338,3,3,Suburb,2010,263524.221
2962,4,1,Rural,1994,348104.5002
2243,3,2,Rural,1965,244215.1012
1890,4,2,Suburb,2014,273196.8202
2601,4,3,Suburb,1951,340912.4892
2800,5,2,Urban,1967,204671.2309
1133,3,3,Urban,1963,132859.364
2654,5,1,Urban,2002,280922.0834
1121,4,3,Rural,2006,67142.02337
1832,3,2,Suburb,1998,243207.9803
2922,4,3,Suburb,1967,325217.697
2021,3,2,Rural,2003,205760.2371
2993,3,1,Rural,2008,300972.8268
2444,2,3,Rural,1981,283732.8155
1894,5,1,Urban,1995,226708.9894
2515,2,2,Rural,2018,343089.6543
2622,3,2,Suburb,1969,370403.5041
1288,2,2,Urban,1999,75878.38613
2672,4,2,Urban,1967,294775.5626
2076,3,2,Rural,1971,206186.0917
2228,3,2,Rural,1954,257017.281
2371,3,1,Urban,2018,223826.761
2074,2,1,Urban,1998,303729.8067
1838,5,1,Rural,1982,281860.069
2945,5,1,Urban,1990,352758.4445
1911,5,3,Urban,1957,200829.4717
1039,2,2,Suburb,1960,77523.97008
1249,4,3,Rural,1980,215178.1796
1217,2,3,Suburb,2004,82734.30023
1178,5,2,Urban,2000,164240.0203
2574,2,1,Urban,2011,266730.062
1182,4,3,Suburb,1970,102205.2567
2759,3,2,Urban,1975,297794.2549
2187,3,2,Suburb,1962,217415.6261
2769,5,3,Urban,2016,307230.485
2400,5,3,Rural,1993,211545.2423
1704,4,1,Suburb,1952,110800.5753
1496,2,2,Urban,1969,223028.8378
1596,4,2,Urban,1955,192342.4168
1460,4,1,Urban,1953,150300.5969
2778,3,3,Urban,1972,342228.6674
1473,2,2,Suburb,1954,162886.2423
1684,3,1,Suburb,1961,121920.2849
2928,3,2,Rural,2009,229925.2767
2060,4,2,Suburb,1975,217505.6067
2622,3,3,Suburb,2008,299422.5908
2664,5,2,Rural,1962,287544.7527
2729,5,3,Rural,1958,224653.0899
1318,3,2,Urban,1992,113751.0981
2578,3,2,Rural,1972,258623.4143
2435,2,2,Suburb,1971,344858.629
1355,5,1,Urban,1991,221071.1495
2694,2,3,Urban,1998,308125.2109
1616,3,1,Suburb,1981,194281.0469
2988,5,2,Suburb,1957,342344.3853
1228,4,3,Urban,1970,218004.0069
1728,4,1,Urban,2014,115724.4701
2287,3,1,Suburb,1976,280575.5432
2953,2,3,Urban,1967,304664.9254
2510,4,3,Urban,1994,311880.0441
1560,4,1,Suburb,1998,187805.842
2375,5,3,Rural,1998,262805.6988
2465,2,2,Urban,1954,264515.1476
1634,2,1,Suburb,2014,176063.7353
1458,4,3,Suburb,1997,140409.4587
2838,3,3,Suburb,2007,300993.6717
1024,4,3,Urban,1972,60617.60336
2154,2,2,Urban,1992,203408.6648
2964,5,1,Rural,1997,310744.9849
1369,2,2,Urban,1961,142410.5424
2459,5,3,Suburb,1982,293322.2435
2247,5,1,Suburb,2021,209814.1477
2011,5,3,Suburb,1957,207696.8201
1610,2,1,Suburb,1960,200501.67
2375,2,3,Rural,1967,321354.0654
2825,3,2,Rural,2008,353602.7258
2508,4,2,Suburb,1983,269112.7193
2220,2,1,Suburb,1964,213428.8886
1108,5,2,Urban,2009,122712.2058
2883,2,1,Urban,2017,278588.876
2243,2,3,Suburb,1997,273621.8113
2799,4,2,Urban,2005,276743.7545
2946,2,3,Rural,2011,344417.8101
1719,5,2,Urban,1981,206979.4636
2342,4,3,Urban,1993,291661.7114
2105,3,2,Rural,1954,180389.0976
2560,5,2,Rural,2008,270362.3668
2721,5,3,Suburb,1986,262375.4626
1431,2,2,Rural,1975,265132.0503
2920,3,1,Urban,1969,297721.0136
2031,4,3,Urban,1997,175960.5896
1635,3,1,Rural,1967,136609.4688
2172,2,1,Suburb,1986,199310.636
2121,3,3,Urban,2019,260938.1171
2751,5,1,Urban,1963,305555.1534
2124,5,1,Suburb,2021,288309.8407
2753,3,1,Suburb,1963,322852.4164
1366,3,1,Suburb,1975,216445.5618
2485,5,1,Suburb,1971,233336.9457
1924,3,3,Rural,1989,162582.8696
1413,5,3,Rural,1950,199559.2883
2282,3,1,Rural,1964,323598.0003
2926,4,1,Suburb,1967,350645.7914
1355,4,1,Rural,1978,158556.383
1010,2,1,Suburb,1956,111589.5091
2439,5,3,Urban,1952,188072.7527
2594,4,3,Suburb,1964,308340.714
2273,5,1,Suburb,1951,183481.4374
2675,4,1,Rural,1983,405746.4209
2870,2,3,Urban,1985,365113.7115
2573,5,1,Urban,2002,379649.5837
2145,4,1,Rural,2020,208566.3131
2943,5,1,Suburb,1994,272195.4567
1064,2,2,Suburb,1997,176038.558
2681,2,1,Rural,1981,315662.7243
2325,4,1,Suburb,2006,292337.2116
1124,3,3,Urban,1990,194997.7503
1311,2,1,Suburb,1980,195038.8529
2214,3,1,Urban,1951,259152.223
1774,2,1,Urban,1960,201640.0849
2001,4,2,Urban,2015,191810.0814
1872,3,3,Urban,2021,180881.9545
2473,5,1,Urban,2010,308194.8746
2831,2,1,Rural,2011,295594.9892
1693,4,3,Rural,1952,226980.5107
2182,5,2,Suburb,1977,338089.4325
2376,3,2,Urban,1975,298896.4713
2843,4,2,Suburb,2010,300392.0287
1989,5,2,Urban,2007,185252.7953
1798,4,1,Urban,1986,187422.9228
1673,3,1,Urban,1992,139050.9452
2286,5,1,Rural,1962,230852.9835
2752,2,2,Rural,1969,204013.4657
1911,2,1,Urban,1980,153515.1568
1405,4,3,Suburb,1999,181486.992
1995,2,3,Urban,2001,158255.1512
2716,3,3,Suburb,2002,253125.5271
2626,3,2,Rural,1999,333866.0543
2040,5,1,Rural,2015,260853.6007
1636,5,1,Urban,2011,168507.4257
2283,5,2,Suburb,1952,378632.2955
2980,4,3,Urban,1997,347182.5475
1889,4,2,Suburb,1999,176022.7153
2378,3,3,Rural,1994,360728.9517
1488,3,2,Rural,1950,212405.1128
2237,4,2,Urban,1950,394956.6233
1238,5,1,Urban,2015,227220.5277
1179,4,3,Rural,1977,187190.0723
2442,5,1,Urban,1976,240248.3076
2707,3,2,Urban,2006,385114.7669
2166,5,3,Urban,2021,153887.9494
1316,4,1,Urban,1974,53235.89245
2267,2,2,Rural,1962,364834.5625
1231,3,3,Rural,1953,91688.14407
2707,3,1,Suburb,2019,231787.4471
2812,4,2,Urban,2010,248092.6627
2612,4,2,Urban,1984,255053.6477
2326,3,2,Rural,1962,298130.5232
1330,4,1,Rural,2021,163099.1844
1560,5,1,Urban,1984,192451.0503
1948,5,1,Suburb,2007,204200.1372
1247,5,2,Rural,2011,200494.024
1282,2,2,Suburb,1991,124377.7121
2310,4,1,Urban,1978,361827.742
1939,5,3,Suburb,1955,192840.1979
1031,3,1,Rural,1965,229672.6913
2523,5,3,Urban,2008,306531.9422
2693,5,2,Urban,1972,398375.6198
1529,4,2,Urban,1988,264080.8491
1380,3,3,Suburb,1989,144988.0025
1062,2,1,Suburb,1981,125991.1057
1127,3,2,Urban,1952,112345.0321
2551,5,3,Rural,1955,277528.3825
1162,2,2,Urban,1953,199170.5672
1957,2,1,Suburb,1969,143040.2647
2274,2,1,Urban,1954,248602.685
2672,2,3,Rural,1991,227936.309
2853,2,3,Suburb,1963,318003.9309
1294,4,1,Suburb,1952,159604.9638
1178,5,3,Urban,1968,163428.0486
1228,2,1,Urban,2015,101873.3383
1882,5,2,Suburb,2015,255173.5515
1393,4,3,Rural,1964,204251.1498
1691,4,2,Urban,2021,253904.648
2419,4,1,Urban,1979,259133.0952
1071,3,3,Suburb,1998,194227.674
1317,3,2,Rural,2004,130399.7884
2922,2,3,Suburb,2006,249032.5421
1594,4,2,Rural,1982,204826.4726
1378,3,1,Suburb,2017,157785.59
1906,4,2,Suburb,1959,181819.0193
1135,3,1,Rural,1950,142514.2023
1729,4,3,Suburb,1975,139598.5252
2644,3,3,Urban,1988,298470.1521
2401,5,3,Urban,2000,314087.5208
2942,2,3,Urban,1977,306467.5058
2142,2,1,Urban,2008,183874.8463
1905,5,3,Rural,2010,219636.9815
1529,2,1,Suburb,1958,215510.612
2867,4,2,Rural,1991,306479.6861
1934,2,2,Urban,2019,244772.9078
1665,2,3,Suburb,1968,226667.4338
1522,3,1,Suburb,1979,124987.7291
2673,3,2,Rural,2012,257156.1959
1386,5,1,Rural,1956,234325.8168
1573,3,2,Rural,1981,213943.774
1582,5,3,Urban,1958,180611.6195
1572,2,2,Suburb,2003,217662.4943
1643,3,3,Rural,2014,258982.9383
1572,3,3,Rural,1952,128143.3875
2927,2,2,Rural,1971,287007.4601
1869,3,3,Urban,2018,185322.6684
2292,4,1,Urban,2020,247382.6086
2547,3,1,Suburb,1983,334973.37
1546,4,1,Urban,1995,247325.5795
2509,5,2,Urban,1997,326366.2495
1437,3,2,Rural,1970,242076.6857
2586,3,2,Suburb,1990,186930.4189
1554,4,1,Suburb,1963,135148.7382
2763,2,1,Rural,1979,286206.5737
1110,5,2,Suburb,1972,187577.7761
2345,5,3,Rural,1953,261702.606
1526,4,3,Suburb,1973,196439.1406
1176,2,2,Rural,2021,90269.56751
1673,3,3,Rural,1953,213594.9613
2574,2,3,Suburb,1981,285043.8915
2561,2,2,Urban,1990,176205.1055
1623,4,2,Rural,1961,104106.3043
2988,2,2,Urban,1954,336216.427
1943,2,2,Rural,1976,164350.5464
1472,4,3,Urban,1960,209355.4904
2586,2,2,Urban,2013,375729.8826
1993,2,2,Suburb,1966,277780.5973
1878,5,2,Rural,1956,259156.4223
2411,4,1,Suburb,1989,383967.7691
2121,4,1,Rural,1957,266015.4582
2434,4,3,Rural,1975,264064.623
2398,2,2,Urban,2016,235184.769
1169,5,2,Rural,1967,169051.909
2013,5,2,Suburb,1999,198984.2685
1055,3,1,Urban,1994,197376.0319
2756,4,2,Urban,1956,332819.9151
1324,5,1,Urban,2018,236231.615
1657,5,2,Rural,1986,244765.1476
1956,5,2,Urban,1957,224376.2567
1259,4,1,Rural,1950,184975.5431
1640,2,2,Rural,1989,179667.5931
1561,3,1,Suburb,1966,116296.0508
1339,3,3,Rural,1979,171114.5557
2861,2,1,Urban,1970,349941.0354
1403,4,3,Suburb,2003,214733.7539
1531,5,2,Suburb,1961,260658.9915
2197,2,1,Rural,2015,187926.3779
1794,3,3,Rural,2017,223443.6417
2561,4,2,Rural,1952,189677.1355
2183,5,1,Rural,1978,263519.7044
2033,3,2,Rural,1962,248047.3468
1593,3,3,Suburb,1967,118147.2763
2279,3,1,Rural,1971,163520.1906
1616,5,2,Rural,2012,215220.9749
1651,3,2,Suburb,2013,145304.5384
1713,4,3,Urban,1980,177260.8966
1343,4,1,Urban,2005,145199.6384
2559,5,1,Urban,1973,256038.6843
2396,4,2,Rural,1954,280711.6301
2458,2,3,Suburb,1957,304704.2678
2957,4,2,Urban,1993,257340.486
1045,3,2,Urban,1963,122416.2383
2752,3,1,Urban,1972,429711.2287
1903,4,2,Rural,1962,252902.2454
1054,4,1,Urban,1952,170832.2893
2101,5,1,Urban,1959,217944.5634
2514,5,1,Rural,1975,303412.0976
2694,2,2,Suburb,2008,347859.4184
1855,4,1,Rural,1977,241021.2563
2295,2,1,Rural,1995,260888.5102
1659,4,1,Urban,1991,173988.6381
2573,2,3,Suburb,1960,255293.5432
1110,4,3,Rural,1969,115573.4878
2038,4,1,Suburb,1973,140617.8616
1077,4,2,Rural,1971,177203.3674
1500,2,2,Urban,1958,247048.5214
1587,3,3,Urban,2002,150614.9877
1417,5,3,Rural,1999,150224.4078
2863,5,2,Suburb,1971,289886.7487
1274,2,1,Rural,1980,169668.7285
2517,4,3,Suburb,1969,197641.8788
2220,3,1,Urban,1998,276451.2462
2399,2,3,Suburb,2010,178712.8038
2754,2,2,Urban,2001,306850.2133
2086,5,3,Urban,1958,356804.8868
2384,5,3,Rural,1986,294412.5039
1972,3,3,Urban,1986,285138.7116
2567,4,1,Suburb,2010,253487.5592
1990,3,2,Urban,1959,221657.1826
2768,5,3,Rural,2006,339243.2901
2133,4,1,Urban,2014,189653.795
2700,3,2,Suburb,2013,278873.9862
1193,2,1,Suburb,1970,84970.38852
2542,2,2,Suburb,2005,270211.9812
2967,2,1,Suburb,2006,234705.4492
2674,4,2,Urban,1981,236001.4418
2482,4,1,Rural,1983,245308.3909
1854,5,3,Suburb,1956,253284.5872
1798,3,2,Rural,1952,246030.5237
2963,4,1,Rural,2000,366233.5653
1300,4,3,Rural,1969,152473.257
1967,3,3,Urban,1967,203908.5372
1567,5,2,Urban,2017,142687.7441
1671,4,1,Suburb,1982,216204.4957
2519,3,3,Suburb,2015,220262.0115
1148,4,3,Rural,1965,220468.1221
2822,4,2,Rural,2003,300384.2597
1768,5,3,Urban,2021,144594.4634
2484,2,1,Urban,1986,259228.8663
1138,4,3,Suburb,2002,122584.0362
1860,5,3,Urban,1956,156822.4316
2859,3,2,Urban,1966,396074.8277
1291,3,3,Suburb,1992,172044.3967
1334,2,3,Rural,1957,105229.3969
1698,3,1,Rural,1968,134028.5343
2858,2,2,Rural,1977,328485.0806
2207,4,2,Urban,1962,299533.2727
1306,2,2,Rural,1986,188832.8661
1924,4,2,Suburb,2016,252403.6076
1980,3,2,Suburb,1997,231244.5992
1897,2,2,Rural,1991,281431.182
2285,5,2,Suburb,1963,305893.509
1926,3,3,Rural,1960,225461.9168
2333,3,1,Urban,1975,268329.0216
1343,3,2,Urban,2008,79465.60871
2447,3,3,Rural,1981,239606.0444
1656,3,3,Rural,1985,122759.5973
2796,5,1,Urban,1976,318304.1086
2537,5,2,Suburb,1961,192658.4017
2849,5,2,Urban,1985,377276.1788
2547,2,1,Urban,2004,393718.1595
1260,3,3,Suburb,1952,142245.8236
2385,2,2,Suburb,1968,224359.7704
2979,2,2,Urban,1967,280553.7299
1168,2,1,Suburb,2000,36334.78679
1659,3,3,Urban,1985,224782.2421
1199,3,3,Suburb,2007,141696.7817
2408,2,3,Suburb,2017,276672.792
2335,3,2,Urban,1950,259951.9396
1581,2,3,Urban,1995,180461.9864
2335,3,1,Suburb,2017,177629.6742
1565,3,1,Urban,2014,201639.003
1394,2,1,Rural,1968,237355.3116
2794,5,1,Urban,1992,286485.2646
1350,3,3,Suburb,1972,119614.3208
1027,2,1,Urban,1982,182161.0858
2902,2,2,Rural,1966,245147.0689
2898,3,2,Suburb,2008,342591.7328
1631,3,2,Rural,1982,242587.728
2156,2,3,Suburb,1987,288583.9764
1379,2,3,Urban,1988,82409.54865
2625,2,3,Rural,2020,283772.1907
1527,4,3,Suburb,1970,157272.7826
2310,3,1,Suburb,1974,182593.3293
2307,4,1,Urban,1957,260127.5072
1902,2,1,Rural,1979,236486.685
2765,4,1,Urban,2021,317036.7941
2672,5,1,Urban,1969,423672.405
1806,2,1,Urban,1984,299689.7278
1226,5,2,Suburb,2016,158194.5359
2450,4,3,Rural,1974,271046.4852
1026,5,3,Urban,1994,132921.5957
2355,4,1,Urban,1996,320333.9247
2140,3,2,Urban,2017,154873.933
1088,3,1,Rural,1953,136197.143
1618,4,1,Urban,2011,85354.37508
2756,2,1,Rural,1964,302755.0456
2758,3,3,Rural,1955,307816.0294
1121,4,3,Suburb,1956,219803.9758
2917,2,2,Suburb,1952,323998.1913
1865,3,2,Suburb,1984,241071.8704
1032,4,1,Rural,1968,192915.935
1602,2,2,Rural,2018,203060.8006
1695,2,2,Suburb,2001,173990.4409
1887,4,2,Urban,1963,150685.1246
2793,5,1,Rural,1954,273756.6829
2421,5,1,Urban,2011,361126.0288
1524,5,3,Urban,1992,166024.0338
2047,5,1,Urban,1956,207991.5513
2348,2,3,Rural,1994,309988.0577
1033,5,2,Suburb,1986,119089.3381
1246,4,2,Rural,1981,36137.41522
2878,2,1,Rural,1991,213719.4015
2042,5,3,Suburb,1954,202283.9943
2053,4,2,Suburb,1959,275628.9772
1048,3,2,Rural,1993,154620.8756
2962,2,2,Rural,1959,285852.1748
1911,4,3,Urban,1967,224668.2064
1179,5,3,Rural,2012,170188.7025
2393,4,1,Urban,1992,160100.5869
2907,2,1,Suburb,2003,209231.9942
1737,3,2,Rural,2009,196546.9092
2968,5,2,Suburb,1960,322702.9924
2418,4,1,Urban,1987,305057.1457
1589,3,3,Urban,2003,71681.60619
1495,2,3,Urban,2006,188368.1265
1430,5,3,Suburb,1957,126052.7679
2230,3,1,Suburb,1973,254156.4981
2058,2,3,Urban,1982,167785.4794
2785,5,1,Suburb,1996,359502.3939
2606,4,2,Urban,1992,335202.6994
2436,3,3,Urban,1990,245285.1665
1363,2,3,Rural,2021,60744.51864
1309,4,1,Suburb,1955,209167.9618
1981,5,3,Urban,1963,244601.4688
2302,3,3,Suburb,1971,361029.8314
2175,2,1,Suburb,2014,247301.9027
1226,3,1,Urban,1967,212115.3361
2266,4,3,Urban,1971,278969.6627
1009,4,2,Urban,1973,17478.99864
2852,2,1,Urban,1997,258411.6058
2415,3,1,Suburb,1989,196382.5399
1047,3,1,Rural,1996,29699.03977
2647,4,1,Rural,1955,299299.0077
1203,3,1,Suburb,1966,146346.1824
1988,3,1,Urban,1983,164810.0538
1893,3,1,Rural,2002,224877.2899
1156,2,3,Rural,2017,69001.79276
1854,4,2,Urban,1973,262405.218
1025,5,2,Rural,1960,219571.9614
1420,2,2,Suburb,1992,247112.81
2843,4,1,Suburb,1971,319910.4605
2701,2,1,Suburb,1998,253843.3742
1760,5,2,Urban,2005,188950.871
1773,2,3,Suburb,1978,178188.0019
1263,2,1,Urban,1960,227927.3301
2552,5,2,Suburb,2015,324556.7163
1587,3,2,Rural,2013,120271.0605
1957,4,2,Suburb,1961,294885.5242
1469,5,2,Suburb,2009,152459.1339
1253,2,3,Suburb,2011,155853.052
2741,3,1,Suburb,1954,350121.9768
2569,2,3,Suburb,1986,277308.2758
2170,3,3,Urban,1952,215695.9159
2349,2,1,Urban,2014,223975.3723
2361,4,3,Rural,1957,220399.7551
1739,4,1,Urban,1957,162244.0881
1117,2,1,Suburb,1985,113138.7273
2188,5,2,Urban,1960,247880.9692
1549,2,3,Suburb,1959,209146.5814
1910,2,3,Suburb,1966,209470.0044
1869,5,1,Suburb,1985,194792.094
1807,5,2,Rural,1990,239612.7904
2672,2,2,Urban,1979,290630.1535
1820,3,2,Suburb,1994,259744.4557
2781,4,1,Urban,1952,340088.743
2221,3,1,Suburb,1967,125753.934
2397,5,3,Suburb,1985,277566.2767
2601,4,3,Urban,1968,334553.2233
2615,2,1,Suburb,1985,267653.1334
1563,4,3,Rural,1953,208051.7476
2152,2,3,Urban,2018,178595.7906
1413,2,3,Rural,1994,185267.1024
2403,5,1,Suburb,1995,337025.1124
1879,3,1,Suburb,2020,158697.5905
1992,5,1,Rural,1957,241932.0452
1000,5,1,Suburb,2016,86050.23127
1166,4,3,Urban,2008,157417.8836
1015,3,3,Urban,2001,45455.38963
1656,3,1,Rural,1985,155833.1171
1111,3,3,Urban,2007,176174.9222
2391,3,3,Suburb,1969,239848.3459
2125,4,3,Urban,1988,241781.1993
1593,4,3,Rural,1951,245671.4423
2429,5,2,Rural,1996,289288.0237
1506,5,2,Suburb,2014,213588.6049
2634,3,1,Rural,1995,221129.0131
1670,5,1,Urban,2020,186011.2239
2063,4,3,Suburb,1963,216858.0306
2690,5,2,Urban,2016,313782.9252
2571,2,1,Suburb,2009,273658.6641
2404,5,1,Suburb,2005,263953.3258
1758,4,2,Suburb,1998,219363.4492
2539,3,1,Suburb,2007,344516.4561
1496,2,1,Urban,1965,118422.7952
2909,2,2,Suburb,2015,305952.0806
1964,2,3,Suburb,1970,179237.3273
1280,5,2,Suburb,1997,283115.7014
1350,5,1,Urban,1959,58498.66579
1333,2,2,Rural,1965,91994.48736
2949,2,3,Rural,1978,258079.7855
2966,3,1,Rural,2013,364849.8899
1760,3,1,Suburb,2009,276759.1137
2547,2,1,Rural,1966,285659.8839
2306,3,3,Suburb,1987,264143.5385
2964,4,1,Suburb,1958,317667.4005
1727,5,1,Suburb,2013,197293.7738
2342,3,3,Urban,1999,317765.0141
1822,4,2,Urban,2002,161209.2414
2437,5,3,Rural,2007,314617.2309
2617,3,2,Rural,1995,193410.0345
1013,5,1,Rural,1960,177337.5121
2079,4,3,Urban,1955,187956.428
2426,4,3,Urban,1971,232338.3408
1341,5,2,Urban,1975,239099.6673
2817,2,3,Urban,1989,220011.8663
1198,3,2,Urban,1993,192561.0578
2883,2,2,Rural,1959,291158.5004
1677,4,2,Rural,2019,243813.2924
2988,5,3,Suburb,1998,347948.7105
2315,3,1,Rural,2002,229862.8021
1657,3,3,Urban,2018,148682.4401
2464,2,2,Rural,2015,180105.0506
1077,3,1,Suburb,1975,74187.92485
1111,3,3,Urban,1964,94104.39715
1534,3,1,Suburb,2002,116677.6643
2398,4,1,Rural,1975,299631.8238
2139,2,1,Rural,1990,277814.6324
2165,4,2,Urban,1973,256820.6014
1991,5,2,Urban,1988,254723.3763
2220,5,1,Suburb,2013,262539.6954
1789,2,1,Urban,2000,231861.2172
2563,5,2,Rural,1976,279524.9968
2322,4,2,Suburb,1987,293607.083
2099,4,2,Urban,1962,255587.2962
1529,4,2,Suburb,2021,198730.751
1099,4,2,Suburb,2018,152545.714
2502,2,2,Suburb,2007,273043.4423
1972,3,3,Urban,1982,186785.8843
2491,5,2,Rural,1979,274571.9145
2659,2,1,Suburb,2009,299730.8582
2900,3,3,Rural,2009,277304.1248
2315,2,2,Suburb,1974,249559.2272
2014,5,2,Suburb,1972,219534.4637
1124,2,2,Suburb,1968,183793.6681
2014,5,2,Suburb,1955,204274.2504
1518,2,1,Rural,1980,140811.963
1022,2,1,Suburb,1971,173786.0951
1161,4,3,Urban,2010,191389.1327
1628,2,1,Suburb,2009,138506.8708
1505,2,2,Urban,2018,147621.3799
1881,3,2,Rural,1968,224044.1776
2887,4,3,Urban,1970,351855.8963
2044,5,3,Suburb,2014,239279.6629
2787,4,2,Rural,1960,278201.5622
2861,2,1,Urban,1995,256810.9964
2487,5,3,Rural,2001,281219.5362
1482,2,3,Suburb,1969,144910.4656
2525,4,1,Urban,1961,343914.4336
2966,4,3,Urban,2009,261563.9347
1308,2,1,Suburb,1996,227944.9852
2619,2,2,Urban,1997,282883.7375
1873,2,1,Urban,1992,144472.6384
2576,3,3,Urban,1980,261770.4391
1202,4,2,Suburb,1992,91588.66942
2439,3,3,Urban,1978,282499.8533
1639,4,1,Suburb,2012,314713.5891
1141,4,3,Urban,2018,140841.086
2879,5,3,Suburb,2013,366871.2508
2003,5,1,Urban,1990,337108.6798
1614,4,2,Urban,1959,260261.189
1106,5,2,Urban,1979,157120.5922
1528,4,3,Rural,1972,192763.0908
2560,4,1,Suburb,1988,307308.0048
1575,2,3,Rural,1991,121702.205
1968,5,2,Urban,1975,179312.9829
2877,3,1,Suburb,1959,264808.0495
2910,3,3,Rural,1952,327740.5319
2772,5,3,Urban,2021,301876.6273
1687,4,1,Urban,1950,249400.5305
1290,3,3,Urban,1957,260534.7327
1804,5,2,Rural,2000,195729.1649
2334,3,1,Suburb,2011,355141.9805
2936,2,3,Urban,2019,349736.9802
1667,4,2,Suburb,2019,124024.2792
1384,2,2,Urban,1966,231976.7409
2076,3,2,Suburb,1977,251027.8146
2608,4,3,Urban,1988,225377.8179
2206,4,3,Rural,1952,239594.7524
2392,4,1,Urban,1975,254598.5383
1700,5,1,Rural,1970,153197.8739
1012,5,1,Urban,1996,160711.4788
2582,4,1,Suburb,2002,389535.7425
1959,4,1,Urban,1976,209460.2124
1159,4,2,Urban,1953,186300.0896
2307,2,1,Suburb,1993,195715.3569
1564,2,2,Urban,1967,209371.3431
2310,3,3,Suburb,2010,319694.521
1007,4,1,Rural,1976,103708.5853
1071,4,2,Urban,2020,51575.67737
1891,2,3,Suburb,2007,274726.7793
1097,3,1,Suburb,1963,10135.85808
1086,3,1,Rural,1992,157635.7798
2865,4,3,Rural,1990,396933.0891
1100,5,1,Urban,1994,93106.60731
1280,3,3,Suburb,2020,114657.0229
1882,3,1,Urban,1988,236298.7719
2312,4,3,Urban,1996,274701.0377
1748,4,2,Rural,2004,188386.4967
1195,4,2,Suburb,1987,190492.9619
1390,2,3,Rural,1986,82792.40011
1608,4,3,Suburb,1973,226701.9387
1449,5,2,Urban,1963,212824.0433
2391,5,2,Suburb,1952,235858.8864
2453,3,2,Rural,1951,331456.0137
2119,2,2,Rural,1995,234015.2187
2284,3,1,Suburb,1980,274128.3195
2535,2,2,Suburb,1995,160750.5101
1120,4,2,Suburb,2021,19226.1822
2389,3,1,Suburb,1985,248290.2782
2808,5,1,Urban,2000,293552.5885
1331,2,1,Urban,1989,113433.3311
2075,3,2,Urban,1991,264020.2698
2419,5,3,Urban,2020,294386.0135
1317,5,2,Rural,2014,81271.1326
1674,4,3,Suburb,1953,260701.6156
1701,2,1,Suburb,2012,172920.4817
2300,3,1,Urban,1957,208463.4415
2620,5,1,Rural,1968,315208.0917
2217,2,2,Rural,2006,325314.7045
1692,4,3,Rural,1962,97392.41411
2016,2,2,Suburb,1988,166844.0358
1020,2,2,Suburb,1963,132662.4378
1398,3,1,Urban,2000,166885.4262
2738,2,1,Rural,2017,344154.672
1201,4,1,Rural,2007,162821.6165
1465,5,1,Urban,1997,108277.6562
2174,3,1,Suburb,1953,175713.0885
1895,5,1,Suburb,1977,176736.4505
2182,2,2,Urban,1994,285340.9105
1309,4,2,Rural,1968,141680.7989
2974,5,3,Urban,1957,331276.9702
1503,4,2,Rural,2003,195525.5269
1025,2,1,Rural,2013,204605.0879
2844,2,1,Urban,1959,259937.2916
1065,5,3,Urban,2014,89153.43931
2958,3,1,Rural,1981,307646.8076
1262,4,3,Rural,1990,117314.2101
1471,4,3,Urban,2012,138720.9499
1166,4,1,Rural,1961,125085.8727
1799,2,2,Rural,1975,238293.2125
2177,2,2,Rural,2000,225346.1743
1342,5,2,Urban,1981,194900.8799
1717,5,3,Rural,2017,149393.5515
1412,2,2,Rural,1986,253103.6884
2688,3,3,Suburb,1957,302659.7886
2207,4,3,Urban,1959,240804.1011
2694,4,1,Urban,1999,199921.6694
2217,2,1,Rural,1982,237353.4079
2025,3,2,Suburb,1955,236399.2249
2238,3,1,Urban,1957,233628.508
1686,3,2,Rural,1990,214421.1434
2610,3,3,Rural,1970,298258.9694
1796,3,1,Rural,1975,151417.9726
2662,5,2,Suburb,2021,351922.5144
1482,2,1,Suburb,1957,154568.707
2584,2,1,Suburb,2015,283153.952
2992,2,3,Urban,2015,389928.9585
2055,4,1,Urban,1961,179108.2526
2693,3,2,Urban,1987,291455.59
1014,3,1,Suburb,1957,109480.3844
2341,4,3,Urban,1974,175759.9364
2869,3,3,Suburb,1989,324792.3765
2266,3,3,Suburb,2008,361211.3889
1016,3,2,Rural,1989,158052.6889
1533,3,3,Rural,1953,174135.3995
2779,3,3,Rural,1999,227867.157
2949,5,2,Rural,2002,338042.184
1080,2,2,Suburb,1991,39511.79195
1655,5,2,Rural,1995,238924.6858
1435,3,2,Rural,1979,132167.9959
2031,2,2,Suburb,2003,215544.7492
2983,2,1,Urban,1990,323962.88
2018,2,3,Urban,2002,199243.537
1678,2,2,Urban,1997,221150.2174
2310,4,3,Urban,1970,317694.0034
1779,2,1,Urban,2012,148452.6054
2824,4,1,Urban,1952,378128.9954
1185,4,2,Suburb,1959,217978.1836
2547,2,3,Rural,1957,351991.6414
2816,3,3,Rural,1979,252814.5362
1421,3,1,Urban,2013,131065.8947
2839,2,1,Rural,1952,302721.5513
1465,2,1,Urban,2008,130944.4055
1082,4,2,Rural,1963,206831.3864
1566,5,2,Suburb,1965,118732.1234
1642,4,1,Urban,1954,210478.2118
2660,3,3,Suburb,2008,331161.1296
2506,5,2,Rural,1964,313636.7035
1324,5,3,Suburb,1961,169742.337
2442,5,1,Suburb,1987,331630.4354
1050,4,2,Urban,2004,196966.1008
2050,4,1,Urban,1952,216006.388
1676,2,2,Suburb,2009,141041.0184
1980,4,3,Rural,2010,184497.1431
2935,4,1,Rural,1992,261729.0426
1792,5,3,Rural,2017,174511.5012
2568,5,3,Urban,1971,353771.6005
2085,4,3,Urban,1992,157628.1878
1656,3,2,Urban,2015,236056.9413
2194,5,3,Urban,2006,205552.7847
2309,2,3,Urban,2007,331199.7886
2832,3,2,Rural,1985,346359.3057
1116,5,1,Suburb,2000,178910.2603
2027,2,3,Urban,1981,220557.2459
2089,5,2,Rural,1987,308330.4497
2083,2,1,Rural,1972,159277.9785
1904,5,2,Rural,1967,260645.3439
1501,5,2,Urban,1952,186154.3227
1798,4,2,Rural,1977,220967.1071
1856,3,1,Rural,1978,202972.2594
2252,3,1,Rural,1960,281372.859
2123,4,3,Urban,1980,220086.6189
2142,5,3,Suburb,1999,317114.0888
1068,3,3,Suburb,1991,83878.92376
1663,2,3,Suburb,1968,199318.0918
1791,2,3,Rural,2000,220638.2411
1220,5,1,Urban,1992,158338.1552
2009,5,2,Urban,1975,185583.3137
2964,2,3,Rural,1952,277069.7652
1222,5,2,Urban,1976,141047.3516
1676,4,2,Urban,2005,142582.5509
2977,3,3,Suburb,1983,400663.1216
2527,2,2,Rural,2007,266207.1997
1210,4,2,Rural,1981,183191.6862
2814,2,2,Suburb,1955,323577.9737
1930,2,2,Suburb,1975,302375.0553
2598,5,2,Urban,1990,204992.4751
1885,3,2,Urban,1966,226858.0651
1881,4,2,Suburb,1989,198511.245
1261,2,2,Suburb,1994,160311.3427
1517,2,2,Rural,1981,194979.2865
2271,5,2,Rural,1981,266887.1778
2764,4,1,Suburb,1978,346981.6939
1797,5,1,Suburb,2010,282018.1212
2280,5,1,Urban,1953,236772.2433
2086,4,2,Rural,2000,135262.9675
2415,3,3,Suburb,1973,276794.992
1539,5,3,Suburb,1974,269457.529
2880,2,1,Rural,1958,323542.3032
1416,3,2,Suburb,2010,194625.0417
1052,2,3,Rural,1979,112242.2827
2787,3,3,Urban,1966,228711.2647
1037,2,2,Rural,2009,70212.52322
1307,5,2,Urban,1959,105136.1346
1845,5,1,Urban,1968,211035.3589
2674,5,2,Urban,1987,338268.7771
1897,4,1,Urban,1977,227919.3033
1052,5,2,Rural,1957,59952.70979
1605,3,2,Rural,2017,179968.6704
2629,5,3,Urban,2004,387305.5003
1451,4,2,Suburb,2011,215396.265
1460,2,1,Urban,1990,91673.43039
1774,4,2,Urban,1981,236911.7615
2509,3,1,Urban,2005,356475.7273
2858,3,3,Suburb,1993,284457.1323
2160,4,3,Suburb,2014,179250.6077
2997,2,1,Urban,1958,330612.8582
2395,5,1,Rural,1981,275975.2469
2982,3,3,Suburb,1969,283252.8528
2279,5,2,Suburb,2008,270815.0332
1394,2,2,Urban,2016,127296.0623
2060,3,2,Rural,2011,277098.8361
2677,2,2,Rural,2002,283935.5604
2170,2,2,Rural,1955,146817.8761
2031,4,1,Suburb,1970,160245.7876
2274,2,1,Suburb,1984,238358.6299
1646,3,2,Urban,1951,154764.7965
2594,4,3,Urban,1950,248510.6182
2658,3,3,Suburb,1985,284743.0053
2470,4,2,Rural,2004,242039.1536
1262,4,2,Rural,2015,86432.50541
1631,2,1,Suburb,1987,126869.0586
2462,2,3,Suburb,1957,252572.597
2282,5,2,Urban,1966,288775.1121
2346,3,1,Rural,2017,193335.7569
1529,3,1,Rural,1964,82916.95765
1300,5,2,Rural,2006,222845.974
2888,2,2,Urban,1981,243603.6687
1484,3,1,Suburb,1965,136053.3714
1091,3,1,Urban,1962,193771.0098
2187,2,1,Suburb,1983,308212.7888
2679,4,2,Suburb,2012,299077.4558
2358,2,1,Urban,2007,236481.4525
2948,5,1,Suburb,1994,287779.2864
1314,3,3,Suburb,1974,194744.5948
2937,4,2,Urban,1969,385762.1771
1944,5,1,Suburb,2019,141459.3211
1237,2,2,Suburb,1987,61227.03503
2709,4,3,Urban,1981,302224.431
1082,3,1,Suburb,2020,148607.724
1668,4,2,Rural,2009,272866.0821
2989,3,3,Urban,1984,367637.1704
2132,2,2,Urban,1985,147496.5616
1177,4,3,Urban,2008,85355.60898
1249,4,2,Urban,2010,124736.2205
1764,4,1,Suburb,1961,132788.6082
2590,3,2,Rural,1989,210669.5862
1666,2,3,Rural,1972,148037.6772
1902,2,1,Urban,1965,254817.1721
1090,3,3,Urban,1996,139948.5156
1338,4,2,Urban,1984,180025.4595
2661,3,2,Urban,1954,214788.3637
2872,3,1,Suburb,2008,343522.4006
1168,5,2,Urban,1984,170801.7246
2162,2,3,Rural,1953,252977.5687
2540,3,1,Urban,2017,257870.3016
1577,4,3,Urban,1982,163309.8124
2646,3,1,Rural,2016,271108.5582
2207,3,1,Rural,1961,210666.0666
1779,3,1,Suburb,1992,223150.5788
1169,4,2,Rural,1965,125472.6067
1361,5,2,Urban,1969,126349.138
1243,3,1,Rural,2012,102805.1763
2866,2,1,Urban,2012,328321.6327
1137,3,2,Suburb,1954,23942.51083
2051,5,2,Suburb,1957,231756.8772
1518,3,3,Rural,1967,103413.9529
2421,2,3,Suburb,1971,257533.6724
1332,5,1,Urban,1980,146846.578
1964,2,1,Suburb,1976,198097.4243
2340,2,3,Suburb,1964,295997.0864
1562,2,1,Suburb,1990,97016.77429
1425,5,3,Suburb,1989,187271.2934
2159,5,3,Urban,2009,257459.5394
2713,2,3,Urban,1954,305141.0584
1640,2,2,Urban,2011,264163.333
1708,4,1,Urban,1979,100617.6091
2290,5,3,Suburb,1953,283103.2816
1106,3,2,Suburb,1981,221376.1535
1559,5,2,Suburb,2010,173788.0744
1137,4,1,Rural,2021,121990.678
2934,4,3,Suburb,1981,400152.0961
1614,2,1,Rural,2002,226582.1621
1046,5,3,Suburb,2004,189747.0678
2688,3,3,Rural,2021,285295.7282
1367,5,2,Suburb,2006,209119.2584
1005,4,3,Rural,2009,94184.04513
1522,3,2,Suburb,2002,112274.8266
1528,3,3,Urban,2021,112654.407
2678,2,1,Suburb,1996,263645.6136
2295,5,3,Urban,1993,281577.4918
2847,5,2,Suburb,2014,308054.6559
1065,5,2,Urban,2009,87697.82042
1419,3,2,Rural,2018,217114.5015
2362,4,2,Rural,1950,205964.5685
1933,4,2,Urban,1959,170682.3183
1497,2,2,Urban,2014,135187.5588
2492,4,1,Rural,1970,268192.3449
1330,5,3,Urban,1983,162512.4977
1767,2,1,Rural,1966,152094.1823
2000,4,1,Rural,1960,217291.7599
2662,4,1,Urban,1974,262107.5344
2154,2,3,Urban,1950,221154.0799
1529,3,1,Urban,1972,226632.8225
2742,2,2,Rural,2006,254990.4963
2624,3,3,Suburb,2016,226570.3702
2461,5,1,Rural,1974,242515.9959
1242,3,1,Suburb,1978,145672.024
2486,2,3,Rural,2015,380109.4521
1349,5,3,Urban,2019,100188.0825
2040,2,2,Rural,2002,245919.8689
2489,2,2,Urban,1964,319511.9314
1734,3,3,Suburb,2003,254409.661
1881,3,2,Urban,2012,189634.6773
1362,3,2,Urban,1957,145255.3408
2233,5,1,Urban,1996,230911.3987
2014,3,2,Rural,2015,265968.2159
2634,5,1,Urban,2004,299659.4934
1524,2,2,Rural,2014,223017.6058
1830,2,1,Suburb,1963,185094.1773
1781,3,2,Rural,1984,170997.5346
2722,4,2,Suburb,1997,221308.69
1419,2,2,Urban,2006,266700.1411
1785,4,1,Urban,1978,134174.8101
1132,4,3,Suburb,2004,69363.68709
1013,4,2,Rural,1988,18809.45869
2816,3,2,Urban,1997,320348.0687
2067,5,3,Rural,1986,210798.1203
2400,2,1,Rural,1990,343374.2195
1294,4,2,Rural,1969,108549.6017
2419,5,1,Suburb,1995,265323.8101
2127,3,2,Suburb,2013,171118.6876
1444,2,1,Rural,2008,196738.5593
2085,5,1,Suburb,2009,136596.1464
2588,3,3,Rural,1997,244940.9275
2844,2,1,Rural,1983,211597.2029
1411,2,2,Urban,2013,158539.4798
2954,3,3,Suburb,1979,254800.0862
1629,4,3,Suburb,1983,169156.3862
1320,2,1,Rural,2004,125888.6947
2154,2,1,Rural,1966,212487.3919
2834,4,2,Suburb,1970,246927.4267
1817,5,3,Urban,1998,194068.1136
2222,2,3,Suburb,1992,160895.5214
1904,5,3,Rural,2002,191402.6397
1035,4,1,Urban,1972,99693.12748
1790,2,2,Suburb,2011,192282.691
2239,4,2,Rural,2011,229069.8084
1585,2,3,Rural,1951,159943.4558
1305,2,1,Urban,2011,170123.2067
2590,2,2,Urban,1968,263566.0782
2007,4,2,Rural,2019,164991.6338
1892,2,1,Suburb,1993,189016.2926
1011,5,2,Suburb,2020,168684.3758
1082,3,3,Urban,2002,178980.3862
2055,3,1,Urban,1989,213153.6981
2431,3,3,Suburb,1981,376449.002
2109,5,3,Suburb,2004,202554.7182
2986,2,1,Rural,1993,311134.7863
2767,4,2,Rural,1951,220006.3447
2434,4,3,Suburb,1978,211361.5701
1956,2,2,Rural,2020,298044.6799
2810,5,2,Rural,1978,323203.325
1712,3,2,Suburb,2004,234385.4315
2586,5,2,Suburb,1954,284952.4916
2855,5,2,Rural,1951,323098.714
2279,4,1,Rural,1991,335554.6531
1240,2,2,Urban,1970,194094.482
2740,4,2,Rural,1961,174886.9956
1897,3,3,Suburb,1975,305002.4459
2955,3,1,Rural,1969,313533.654
1895,4,2,Urban,1954,235648.1725
1906,2,2,Urban,2017,266152.9382
2731,2,3,Suburb,1990,189691.7422
2475,5,1,Urban,1961,284416.3302
1755,5,1,Suburb,2013,250414.6424
2855,4,3,Suburb,2000,291948.3727
2024,3,1,Rural,1995,191836.2589
1600,2,1,Urban,2018,189921.6863
1281,4,2,Urban,1979,189052.1053
1650,4,3,Rural,1976,191571.3255
1598,3,3,Suburb,1995,129908.3546
2537,5,1,Rural,1974,348640.8843
1978,3,2,Urban,2015,284502.4038
2884,5,1,Urban,1950,335838.6804
2703,5,2,Urban,1971,264667.9362
2142,2,1,Rural,2014,336959.0134
2011,2,1,Rural,1993,287072.8249
1899,5,3,Suburb,2006,194253.7684
2528,5,1,Rural,2003,183190.323
2103,2,1,Urban,1959,224255.6146
2646,5,3,Suburb,1981,272346.1656
2700,5,2,Suburb,2007,237149.8705
1893,5,1,Rural,1955,237735.2246
1956,3,1,Rural,1958,239461.1047
1218,4,3,Suburb,1958,171761.5395
2540,5,2,Suburb,1980,289523.7743
2934,2,1,Urban,1992,218189.181
1726,5,1,Suburb,2017,259516.3865
2008,5,3,Suburb,1987,213572.1196
2730,2,2,Rural,1988,329252.9693
2489,2,1,Suburb,1987,197401.7842
2817,5,3,Urban,1989,374457.2512
1517,4,3,Rural,1983,182851.5048
2914,2,3,Rural,1993,255304.7233
1811,2,2,Rural,1992,150597.7029
1501,3,3,Rural,1985,132467.5479
1057,5,1,Rural,1971,53682.89376
2360,3,1,Urban,1970,173797.1028
2533,3,2,Rural,1967,242100.8386
1813,4,1,Rural,1996,232210.9274
1613,5,2,Urban,1963,197205.963
1425,5,1,Suburb,1977,184382.193
2583,3,3,Urban,2011,329714.9577
2393,2,1,Urban,1967,244714.1041
2434,2,3,Urban,1977,312836.2375
2811,5,2,Urban,1983,366928.9473
2989,4,3,Urban,1969,389957.7393
1882,4,3,Rural,1986,213007.984
2698,5,1,Rural,1985,227359.8275
2867,2,2,Rural,1999,249831.5304
1431,4,1,Suburb,2000,157287.9591
2986,5,2,Urban,2020,325286.2166
2219,5,3,Suburb,1967,218337.9726
2400,2,2,Rural,2013,276250.2774
1947,3,2,Rural,2011,186067.4135
2388,2,2,Urban,2016,295602.3017
2859,4,1,Rural,2019,251854.595
2667,3,3,Urban,2008,277442.5065
1934,2,3,Urban,1979,251512.305
1404,4,1,Urban,1964,207865.2384
1491,4,2,Rural,1951,161313.3898
1065,3,3,Urban,1952,156122.0459
1911,2,3,Suburb,1959,228521.6647
1390,2,3,Urban,2008,44476.70132
1082,4,2,Urban,1969,143590.2545
2002,5,1,Urban,1965,173597.9648
1480,5,1,Rural,1953,216095.3827
1776,3,3,Suburb,1973,294174.0204
2252,2,2,Suburb,2005,282440.1247
1784,5,3,Urban,1998,331946.6048
2754,3,1,Urban,1955,279427.6226
2248,4,2,Urban,1958,234465.4611
2136,5,1,Suburb,1951,268098.959
1651,2,3,Suburb,1965,253290.7962
2208,4,1,Rural,1959,331666.4194
2535,2,2,Rural,1997,353049.8729
2196,4,2,Suburb,1952,283972.8972
2911,2,2,Suburb,1970,378129.3427
1522,3,1,Urban,1993,184475.3161
2932,2,2,Suburb,2017,400060.8516
2694,2,1,Urban,2002,205705.5336
1204,4,2,Urban,1960,204176.1888
1741,2,1,Suburb,1983,225382.8247
2561,2,1,Rural,1950,209564.9701
1318,2,1,Rural,1984,135864.795
2182,4,2,Urban,1955,273207.8465
1277,5,1,Suburb,1967,44894.78375
1901,5,2,Rural,1972,139759.1131
1147,5,3,Urban,1974,81010.4229
1777,2,2,Urban,1991,133634.1145
2106,3,3,Suburb,1966,302797.953
1418,3,2,Suburb,1958,124748.2703
1537,4,3,Suburb,1999,273163.0744
2606,5,1,Urban,1987,319483.2735
2572,2,3,Rural,1990,239879.2391
1391,4,3,Rural,1962,174438.266
2156,2,1,Rural,2006,148889.5999
1939,4,3,Urban,1967,180066.9831
2661,5,2,Urban,1959,316305.5
2650,2,2,Suburb,2018,340622.5316
2627,5,3,Suburb,1985,224842.7203
1241,5,3,Urban,1954,109086.3818
2474,2,2,Urban,1986,250731.56
1998,5,2,Suburb,1957,334296.3669
2223,4,3,Rural,1969,280934.4785
2742,4,1,Rural,1983,297286.366
2140,4,1,Rural,2000,206064.3388
2242,5,2,Suburb,1996,245134.5249
2328,2,1,Rural,1991,244619.7881
1242,5,3,Urban,1974,267941.4554
2315,5,2,Urban,1958,182768.1292
1975,4,1,Suburb,1986,148552.3456
2817,2,1,Rural,1984,268108.599
2324,3,1,Urban,2001,322169.746
2852,3,2,Suburb,1953,315959.2007
1683,2,3,Rural,1960,242022.1952
2411,2,3,Urban,1988,252738.6705
1587,4,2,Rural,1954,197257.1465
2232,2,1,Suburb,1969,274002.7082
2337,2,3,Urban,2007,237212.4131
1616,5,1,Suburb,2008,191655.7277
1025,5,3,Urban,1972,168977.2497
1862,3,3,Urban,1986,336946.3101
1078,4,3,Urban,2016,112127.1116
2011,4,1,Rural,2000,199060.6414
1127,2,1,Suburb,1962,160303.9604
1412,4,1,Suburb,1982,111002.6639
1136,3,1,Rural,1969,192346.5548
2357,5,1,Suburb,2007,263533.5603
1547,3,2,Rural,2009,156734.7499
1387,3,3,Urban,1982,169870.5977
1570,2,3,Rural,1955,300097.009
2253,5,2,Rural,1997,216378.8232
2015,2,3,Rural,2004,137350.1162
1420,3,2,Urban,1984,224072.4019
2147,3,2,Urban,1981,224575.4072
2111,4,2,Rural,1952,197190.6867
2872,4,3,Urban,1965,249985.944
1140,4,2,Urban,1985,223375.5584
2939,4,3,Urban,1980,413699.3548
2808,3,1,Urban,1983,261579.029
1050,4,1,Rural,1954,134760.8292
1986,5,2,Urban,1968,304141.8728
2590,3,2,Suburb,1963,256297.6149
1928,3,1,Suburb,2011,223825.5741
2428,5,1,Rural,1983,320516.7271
2360,2,1,Urban,1963,227638.7423
1661,4,2,Urban,2017,246758.5762
2688,3,1,Suburb,1985,217446.0794
2986,5,2,Urban,1977,306400.5947
2754,2,2,Rural,1961,304177.7819
2754,2,2,Suburb,2014,288605.3975
1365,5,3,Rural,1968,165443.8951
1907,3,2,Suburb,2002,191358.7887
2934,3,1,Rural,1984,308005.7301
1997,4,1,Rural,2013,133969.444
1853,4,2,Urban,2020,234935.7751
1257,5,3,Urban,1956,202978.9864
2411,5,3,Urban,1954,354768.5941
1044,3,2,Urban,2020,198805.6984
1268,3,3,Urban,2002,195273.5412
2334,5,2,Suburb,2003,216772.9891
1671,5,1,Rural,1994,229734.8799
2018,2,3,Rural,1983,215139.2142
2301,2,2,Urban,2005,239310.2389
1856,2,3,Rural,1970,191313.5716
2498,2,3,Rural,2021,288178.1958
2590,2,3,Urban,1972,237443.2067
1144,5,1,Rural,2003,166166.8047
2989,4,1,Rural,1985,292690.4058
1234,5,3,Rural,1960,101449.3787
1690,2,1,Rural,1959,238816.2039
1719,5,1,Rural,1987,204106.964
2159,3,3,Urban,2001,273906.9323
2468,5,3,Urban,2003,243765.503
1352,5,3,Rural,1951,135448.2969
2417,4,2,Urban,2012,360827.9984
1993,2,1,Urban,2016,184454.377
1274,2,2,Urban,1993,210118.8463
2407,5,2,Urban,1975,263184.8737
1909,5,2,Urban,1973,230007.4539
2346,2,1,Rural,2000,339441.2774
2206,3,3,Urban,1993,240096.9492
2596,2,1,Urban,1986,282394.5257
1439,3,3,Suburb,1963,59055.95931
2086,5,2,Urban,1976,287904.2185
2896,5,2,Rural,1956,334662.5823
2750,3,2,Urban,1951,261849.9037
1871,2,2,Suburb,2019,333013.002
1650,5,2,Rural,2018,164635.6691
1942,2,3,Urban,2003,173929.0398
2669,5,2,Suburb,1978,292838.6135
1033,4,2,Suburb,2000,65671.51286
1704,4,3,Urban,1983,203600.6624
1866,4,1,Urban,2021,112380.8034
1984,3,2,Urban,1964,273846.339
1831,2,3,Suburb,1965,201711.9546
2500,4,2,Rural,1975,265912.0567
2110,3,3,Urban,1967,249200.8307
2233,4,1,Urban,1985,194832.3395
1461,5,2,Urban,1956,123232.7282
1080,4,2,Rural,1978,175924.114
1321,2,1,Urban,2016,172971.0381
1414,2,1,Suburb,1957,106892.9937
2874,3,1,Suburb,1970,342660.0223
1991,2,3,Rural,1956,372484.2464
1189,4,2,Rural,1981,122107.9249
2973,5,3,Urban,1997,402801.0818
2883,5,1,Urban,1983,324832.0627
2256,3,2,Urban,1968,236339.8053
1391,5,1,Suburb,1973,130506.3891
2961,3,1,Suburb,2013,361615.03
2192,3,3,Rural,2016,267457.243
2466,3,3,Suburb,1975,324891.4204
2786,2,2,Urban,1950,340305.0063
1167,4,3,Rural,1973,203729.8973
2254,2,2,Rural,1955,304297.4666
2173,5,1,Urban,1953,230279.3415
1663,2,2,Urban,2007,203413.6264
2573,3,1,Urban,1978,286165.0714
2409,2,3,Urban,2017,230513.5587
1380,2,1,Suburb,1953,99169.52778
2832,5,3,Suburb,1996,394813.4976
2298,4,2,Suburb,1971,293207.3057
2640,3,2,Suburb,1979,374355.3501
1897,2,2,Suburb,2015,231990.4877
2883,5,1,Urban,1999,309440.5772
1863,5,3,Rural,1977,205392.8677
1061,3,2,Urban,1977,108162.8828
2490,5,1,Suburb,1953,268854.6851
1527,4,1,Suburb,1950,169473.1524
1861,5,1,Rural,2008,248158.5039
1149,2,2,Rural,1997,69027.27689
2165,4,1,Urban,1995,210957.3189
1115,4,3,Urban,1967,67247.5853
1823,5,3,Rural,1986,238046.7865
1064,3,2,Suburb,2010,164230.2444
2452,3,1,Urban,2008,301021.0575
1309,3,2,Urban,1955,110658.4446
1705,2,1,Urban,1951,140444.7737
1853,5,2,Urban,1960,181589.5161
2453,3,2,Urban,1958,212528.4851
2023,2,3,Suburb,2020,249960.1016
2184,4,1,Rural,1971,202761.9336
2998,3,3,Rural,1990,340134.5784
1305,4,3,Rural,2004,214659.8504
2384,3,1,Urban,1998,247303.6048
2301,5,2,Suburb,1953,253999.6579
2319,4,1,Urban,2019,217953.4415
2574,5,1,Urban,1956,321370.2288
1872,2,3,Urban,1964,190875.439
1168,4,3,Urban,2017,147549.8537
2482,2,1,Rural,1975,315078.915
2603,3,1,Rural,1981,277040.3267
2030,3,2,Rural,1980,172192.4361
2620,3,3,Suburb,1977,282703.1461
2734,2,3,Suburb,2010,290170.0396
2155,3,3,Urban,1958,262838.3424
1587,5,1,Urban,1997,260285.1304
1761,2,1,Rural,1977,130180.7603
1346,2,2,Urban,2009,152090.2771
1954,4,3,Rural,1959,200873.3902
2744,3,3,Suburb,1981,324819.3141
2619,4,2,Rural,1986,309450.6841
1734,2,2,Suburb,2008,176307.9238
2276,4,2,Urban,1970,219974.2088
1409,5,3,Rural,1975,252629.5036
1542,3,3,Suburb,2006,173714.3939
1354,2,3,Urban,1974,119969.5512
1712,4,3,Suburb,1977,72163.25717
2988,3,2,Suburb,1956,329426.5109
2587,5,2,Suburb,1980,288001.4237
2391,3,2,Urban,1995,298107.5111
1583,4,3,Urban,2003,205584.4803
1510,5,2,Suburb,1966,206820.5235
1532,2,3,Rural,1967,116974.6602
1527,5,2,Urban,1968,140230.1397
1946,3,2,Urban,2005,252589.7218
2551,2,1,Suburb,1954,240434.6093
2425,3,3,Urban,1963,271238.0971
2198,2,3,Suburb,1956,156387.7813
1823,5,1,Urban,1982,124027.5155
2947,2,1,Suburb,1968,269047.0101
2873,3,3,Urban,2018,313765.1254
1077,4,1,Suburb,1959,153624.3067
1439,4,3,Suburb,2005,208383.3982
2775,4,1,Rural,1964,281122.1966
1548,2,3,Rural,1952,164490.9869
2255,4,1,Rural,1980,258523.3293
1399,4,3,Rural,2020,169719.7576
2236,3,2,Urban,1972,248902.0632
2216,5,1,Suburb,1997,311147.0949
2595,2,2,Suburb,2008,355871.7742
1700,4,1,Suburb,2004,90088.53705
2290,3,1,Rural,2015,259922.5964
1125,2,3,Urban,2001,117873.1674
2738,3,3,Urban,2019,275673.7914
1833,5,3,Urban,1951,198804.8177
2405,4,3,Rural,1971,346027.2287
1543,2,1,Suburb,2018,189548.8814
1501,2,3,Urban,1968,252735.019
2426,4,1,Rural,1953,315959.0692
1823,3,3,Suburb,2016,279944.2742
2284,5,1,Suburb,1983,260519.8386
1386,2,2,Urban,1956,119567.7513
1411,2,3,Urban,1950,165802.5004
2369,5,3,Suburb,1998,252435.477
2117,2,3,Urban,1977,245454.2871
1327,5,3,Suburb,2021,52612.48728
1099,4,3,Rural,1995,107875.3779
2820,5,2,Urban,1959,316846.8632
1460,5,1,Urban,1996,170873.1087
2338,3,1,Urban,1976,206293.0109
1024,5,3,Urban,1952,206918.8294
2941,4,2,Rural,1985,293646.3784
1493,2,3,Urban,1965,207673.1964
1352,3,3,Rural,1984,46514.18402
1868,5,3,Urban,1970,152450.8521
2140,3,3,Suburb,1994,145727.89
1198,4,1,Suburb,1989,87577.90163
2302,4,3,Rural,1953,233663.5293
2605,2,3,Rural,1980,263646.7871
1846,4,3,Urban,1989,171365.9142
2102,4,3,Urban,1969,160326.592
2447,5,2,Rural,1979,280921.3159
2377,4,2,Suburb,2007,259761.8312
1525,4,1,Rural,2005,217238.7134
1540,4,2,Urban,1976,173691.7905
2679,2,2,Suburb,1969,270836.9471
1476,5,2,Urban,2003,246449.6711
2878,5,1,Rural,1953,272163.2409
1009,3,2,Suburb,2017,48799.95539
2582,4,1,Suburb,2005,340870.6616
2526,3,1,Suburb,1960,315839.9493
2283,3,2,Urban,1984,349689.3751
1523,4,3,Rural,2001,214961.9004
1809,5,3,Suburb,1985,137492.8457
2761,4,3,Urban,1974,272643.0263
1771,3,2,Rural,2011,167718.2599
2619,2,3,Rural,1992,229747.4822
2883,3,2,Suburb,1983,390519.7592
1859,5,2,Suburb,2010,97240.97877
2029,2,2,Rural,2019,236476.3994
2933,3,1,Urban,1994,314713.9332
2782,4,2,Rural,1960,269486.9222
2058,5,1,Urban,1978,194385.2894
1174,2,1,Rural,1991,34433.49013
1441,5,2,Rural,1977,247892.2588
2600,3,1,Urban,2015,273642.3344
2170,5,1,Rural,1984,166195.9623
2592,2,2,Rural,1991,245707.6457
2216,4,2,Rural,2016,308566.0945
2036,2,3,Suburb,2015,200941.2929
2927,5,1,Urban,1955,354103.4571
2553,4,2,Rural,1990,313370.7006
1245,4,2,Urban,1977,160910.4584
1674,5,2,Suburb,1995,96579.59907
2878,2,2,Urban,1963,292300.2462
1113,4,2,Suburb,1972,183027.6693
2011,4,1,Rural,1977,85429.88728
1793,5,1,Rural,2020,211559.3885
1232,4,2,Urban,1957,156487.5964
2701,2,3,Suburb,2004,283412.1282
1979,4,3,Urban,1990,290821.2317
2345,3,1,Suburb,1978,254118.8806
2561,4,2,Rural,1968,199245.6013
1125,3,1,Rural,1991,127870.3247
2336,2,2,Suburb,2013,247863.7982
1510,3,2,Suburb,1990,143645.6497
2507,4,3,Suburb,2016,159462.0102
1280,4,2,Rural,1955,197106.4151
1797,5,2,Suburb,1995,150190.1683
1977,5,2,Suburb,2021,202670.9328
1902,4,2,Urban,1964,194649.3469
2306,4,1,Suburb,1956,287745.4457
1650,4,2,Rural,1961,217000.3269
2636,4,3,Suburb,2014,302566.1311
1391,2,1,Urban,2000,141161.1939
2546,4,3,Urban,1965,349473.5892
1381,3,2,Suburb,1977,168269.9756
1215,5,3,Suburb,1999,186400.1671
1541,3,1,Suburb,1969,201168.2019
1605,3,3,Urban,1992,141385.866
1115,2,2,Rural,2002,159687.6445
1508,3,2,Suburb,2020,187305.7727
2523,3,3,Urban,1974,252630.5833
1270,3,2,Rural,2004,204126.9239
2463,5,1,Urban,1962,347654.5973
2314,2,1,Urban,1996,248172.505
2062,3,1,Suburb,1967,296250.2881
2047,3,3,Suburb,1965,227963.653
1775,2,3,Suburb,2002,206643.2491
2066,4,1,Rural,1995,181948.0786
2193,3,3,Suburb,1985,253714.7603
1339,5,1,Suburb,1969,156207.7727
1168,5,2,Rural,1981,122069.8489
2838,4,3,Urban,1979,357100.6236
2561,3,1,Suburb,1982,277437.6277
2715,2,1,Urban,1962,313135.8265
2495,4,1,Rural,1990,202816.8642
1661,5,3,Suburb,1952,239815.2764
2668,5,2,Rural,1954,299961.3833
1142,2,3,Rural,1975,128487.8391
2699,4,1,Urban,1956,291713.6258
2124,2,3,Suburb,1967,181627.8299
1574,4,2,Rural,1988,251017.0088
2628,4,2,Rural,1994,282537.1745
2742,4,3,Suburb,2005,269812.3612
1474,3,2,Suburb,2014,145651.5024
2968,5,3,Suburb,1984,363119.7658
1310,5,3,Suburb,1972,253337.2805
2607,5,2,Rural,1969,211994.4306
2083,4,1,Suburb,1995,311449.1151
2976,4,3,Urban,1994,380158.3596
2052,3,1,Rural,1955,178907.7572
1530,5,2,Rural,1962,225428.6173
1990,5,1,Urban,1972,252428.0643
1072,3,3,Rural,2007,149497.5028
2417,5,2,Urban,1953,343364.5347
1868,2,3,Suburb,1985,179596.8358
1393,2,2,Suburb,2011,191311.2794
2781,3,3,Urban,1964,224564.085
1480,5,1,Suburb,1960,228835.7547
1472,3,3,Suburb,2002,121405.807
1312,3,1,Rural,1971,200703.8275
2461,3,3,Rural,1979,245090.6716
1951,5,3,Suburb,1967,213233.3419
1323,3,3,Suburb,1999,175240.534
2012,5,3,Urban,2018,245499.0097
1964,2,3,Rural,1982,302541.7885
1086,3,2,Urban,2005,148672.247
1358,3,1,Rural,1967,128445.4177
1694,5,1,Urban,2007,180098.9845
1196,2,2,Urban,2003,161090.1022
1755,5,3,Suburb,2020,188630.2708
2863,4,1,Rural,1970,303991.232
1976,5,2,Rural,1965,296550.9448
2408,2,2,Rural,1962,232950.9825
2141,2,2,Urban,1962,149265.9924
1497,3,1,Urban,1991,166633.9114
1907,5,2,Urban,1974,222755.2678
1930,5,2,Urban,1967,154564.2406
2907,4,1,Rural,2002,308938.6487
1461,2,2,Rural,1998,274866.7905
2519,5,1,Suburb,1976,193627.5758
2617,4,3,Rural,1973,319803.3981
1969,5,1,Suburb,1973,232314.2701
2270,2,1,Suburb,2014,230576.1149
2998,3,3,Urban,1981,338370.9699
1233,5,2,Rural,1954,190475.0025
1416,2,2,Urban,1971,130730.4057
2490,2,2,Suburb,2003,135376.113
2505,2,1,Rural,2005,282494.5172
2388,4,3,Suburb,1973,228809.0429
1152,4,3,Suburb,1979,155370.2416
1271,3,2,Rural,1961,134234.1979
1391,5,2,Rural,1961,171592.1439
1546,4,2,Urban,1970,160302.8465
1724,4,3,Urban,1960,211548.6221
2746,4,2,Rural,1951,308056.7763
2453,5,3,Urban,1991,266699.4096
2674,3,1,Suburb,1974,242963.9631
1188,3,2,Urban,1966,174336.7705
1811,3,1,Suburb,2005,204411.7901
2930,5,3,Urban,2013,321405.1366
2275,5,1,Suburb,2002,221541.7228
1394,3,1,Urban,1964,190189.7904
1661,2,2,Suburb,1950,133811.7573
1852,5,2,Rural,1990,180757.6468
2242,5,3,Urban,2005,363447.8372
1593,3,3,Suburb,1981,217346.8871
1189,3,3,Rural,1968,92474.84032
1233,2,3,Rural,1989,145975.2838
2711,2,1,Suburb,1999,357499.7374
1231,4,3,Rural,1970,145788.9065
1357,4,1,Rural,1957,199216.841
1477,3,3,Suburb,1968,87925.66793
2598,4,2,Urban,2007,239028.4395
2970,5,3,Urban,1970,358746.9187
2452,2,1,Rural,2004,364511.7817
1236,4,1,Suburb,1984,215393.3076
2056,4,1,Urban,2000,252174.6446
1212,3,1,Urban,2016,244138.1615
2595,2,1,Urban,1979,327603.4978
1378,2,1,Suburb,1952,144697.5074
2025,4,1,Suburb,1979,226313.2132
1908,5,3,Suburb,1995,145496.5128
1449,5,3,Rural,1991,128933.4418
1568,5,3,Suburb,2010,199814.4157
2450,5,2,Rural,1953,290752.738
1812,5,1,Suburb,2012,246426.0121
2822,4,3,Rural,1997,286218.9236
2673,5,2,Suburb,1976,328378.6548
1278,4,2,Urban,1954,176837.5653
1213,3,1,Suburb,2002,211458.2052
2774,4,2,Urban,1999,320403.2241
2308,5,3,Suburb,1996,315507.2291
2566,4,1,Urban,1973,333446.7037
1717,5,3,Suburb,1961,226414.9509
1969,3,3,Suburb,1951,115444.2661
2297,5,2,Rural,1991,299352.1497
2034,2,1,Rural,1973,192790.4616
1870,3,2,Rural,2008,266198.7477
2070,4,2,Urban,1955,255561.6073
2538,4,3,Urban,2018,359384.0148
2665,5,3,Suburb,2013,223506.4732
1437,2,2,Rural,1982,235356.8077
2607,3,3,Rural,1990,213789.0108
1670,4,2,Rural,1973,254945.3039
1903,5,1,Urban,2020,172568.6129
2450,2,3,Suburb,2014,274135.2887
2455,4,3,Suburb,1989,276265.6371
2153,5,2,Suburb,1957,237967.6419
2045,5,2,Suburb,1982,270323.382
1891,2,3,Suburb,1984,216905.781
1388,4,1,Suburb,1973,157736.4874
1134,5,3,Rural,2012,125466.7029
1531,4,2,Urban,1952,101636.4449
1219,2,1,Rural,2017,103831.9161
1332,2,1,Rural,1957,170745.5279
2153,4,1,Urban,1959,271423.9579
2055,2,2,Suburb,2008,229773.9703
2625,5,3,Suburb,1956,355876.0283
2794,4,3,Urban,2008,400565.6035
2448,5,1,Urban,2000,317835.6487
2321,4,3,Rural,1977,229050.9289
2527,3,2,Rural,1989,337931.6757
2868,5,3,Urban,2020,287364.3403
2784,5,2,Urban,1987,306837.5235
2708,4,1,Urban,1987,295932.6643
1356,4,1,Suburb,1953,155796.3783
2478,5,2,Suburb,1969,184347.1695
1400,2,1,Urban,1984,125450.8153
1895,5,3,Suburb,1951,173225.5237
2582,3,3,Suburb,1989,295754.6482
1989,2,3,Urban,2015,253758.6788
1708,2,2,Urban,1970,160670.4215
2943,4,3,Suburb,1966,286651.0767
2478,4,1,Urban,1970,294236.7207
2914,5,3,Rural,1989,416288.2114
2057,5,3,Urban,1981,279761.943
2789,4,2,Suburb,2021,303473.7932
1247,5,1,Rural,2007,194007.5722
1945,2,3,Urban,1972,159302.4009
1041,5,1,Urban,1997,202264.1837
1800,2,2,Rural,2020,121001.9261
1122,4,2,Suburb,1957,181981.9773
1026,5,3,Suburb,1999,253897.8536
2485,2,3,Suburb,1982,243707.6949
1570,3,1,Rural,2004,187570.2513
2170,3,3,Urban,1972,260543.0232
1495,3,2,Rural,2003,171717.8562
2650,2,2,Rural,2003,337430.7498
1485,5,2,Suburb,2001,80602.49811
2483,3,2,Urban,1992,293949.6989
1898,4,2,Rural,2012,323369.3037
1710,4,3,Urban,2016,186353.4922
2151,4,1,Rural,1963,310883.5285
1375,3,3,Suburb,1951,42185.76502
1664,3,3,Rural,2019,195867.402
2904,5,1,Suburb,2006,405556.1176
1782,2,3,Urban,1983,215317.4988
1850,4,1,Urban,1975,208488.5268
2979,5,2,Rural,1974,343027.7031
2106,2,2,Urban,2010,159543.9876
2558,3,2,Rural,2017,261075.255
2546,2,2,Suburb,2008,404843.669
2722,4,2,Rural,1968,309709.6088
2651,2,1,Suburb,1951,271127.6501
1673,2,3,Rural,1996,217259.9789
2126,3,1,Suburb,1999,186213.3112
2778,3,1,Rural,1979,239909.4517
2542,5,1,Urban,2003,209116.888
1361,3,1,Suburb,1965,96833.83287
1683,3,1,Urban,1988,114585.932
2279,4,2,Suburb,1988,316717.3714
1246,4,3,Rural,2000,181705.5082
2215,2,2,Rural,1981,242655.9913
2649,4,1,Suburb,1973,282272.6376
1534,5,3,Urban,1990,104200.3459
2893,5,1,Suburb,1958,244892.8173
1313,2,2,Suburb,2006,191784.9597
2299,5,2,Rural,1984,239486.88
2946,5,1,Suburb,1989,286451.3984
2396,3,3,Urban,2016,250857.6903
1443,2,1,Suburb,1989,178249.915
2671,5,3,Rural,1965,360489.7076
1868,2,1,Suburb,2016,132208.6675
2218,5,3,Suburb,1976,310737.1568
2281,4,1,Suburb,1965,253209.3918
2813,2,2,Suburb,1957,281782.5646
1581,4,1,Urban,2017,203842.8838
1870,2,3,Suburb,1970,220027.4523
2383,4,3,Rural,2019,176069.7816
1547,3,2,Rural,1956,144075.4151
2131,4,3,Suburb,1962,257946.5858
2047,5,3,Rural,1989,140722.9384
2675,3,3,Suburb,1995,310708.225
1464,4,2,Suburb,1983,77652.8455
2045,3,1,Urban,1961,217479.2007
1501,3,2,Rural,1985,175073.8947
1850,5,2,Suburb,1969,323119.6794
2864,4,1,Urban,2014,304753.6649
1715,3,3,Suburb,1967,198473.1757
1891,5,1,Rural,2000,221297.7672
2759,2,2,Rural,1994,360489.0727
1500,2,1,Urban,1996,198795.6644
1734,3,2,Urban,2013,158362.9922
1592,3,1,Rural,1952,166097.6091
1406,3,2,Suburb,1990,204192.2265
2353,5,3,Suburb,1978,363706.3592
1702,5,1,Rural,1984,179447.1432
1285,4,1,Suburb,2002,171261.9291
1146,2,1,Urban,2020,118462.5863
1793,3,3,Suburb,1963,268626.5089
1383,3,1,Suburb,1982,201474.51
1010,5,1,Rural,1997,106888.5629
1275,5,1,Rural,1977,187884.0191
1885,4,2,Suburb,2002,96215.90337
2591,2,2,Urban,1999,327305.3098
2708,3,1,Rural,1973,212188.1715
1963,5,3,Suburb,2002,228103.0579
1302,2,2,Urban,1982,148849.583
1203,4,3,Suburb,1992,168818.5144
1344,2,3,Suburb,1992,106940.1493
2783,3,3,Urban,1987,312658.3
1825,5,1,Rural,2017,218562.5119
2289,3,3,Suburb,1954,294712.534
1021,2,3,Rural,1955,91181.55486
1838,5,3,Suburb,1986,255145.9342
1535,4,1,Urban,1987,99237.61859
2729,4,2,Urban,1957,347033.5908
2119,5,2,Suburb,1950,203004.8675
1980,4,3,Rural,1979,167616.0103
2468,4,2,Rural,1971,322451.8332
1262,5,1,Rural,1992,88302.89869
1583,3,1,Rural,1977,192082.696
2012,2,1,Suburb,2019,215021.8099
2778,3,2,Suburb,2010,358451.3884
1382,2,3,Urban,1994,162694.971
2573,2,3,Suburb,1966,276301.9126
1916,5,3,Suburb,1965,175972.3782
1391,4,2,Suburb,1977,187982.1926
1888,4,3,Suburb,1962,215892.2824
2624,2,2,Suburb,1976,256206.7901
1539,2,2,Rural,1966,125461.0799
2115,5,3,Suburb,1959,305680.2427
1565,2,1,Rural,1995,160208.1578
2182,3,3,Urban,1984,211785.7237
1883,2,1,Urban,2001,326071.1238
1227,3,1,Rural,1987,73992.99752
1472,5,1,Suburb,1995,127963.4342
1371,2,2,Rural,1991,144573.4952
2399,4,2,Suburb,1986,258537.4834
2576,5,1,Urban,1975,239525.5898
1036,2,1,Urban,1998,108611.859
2660,2,1,Suburb,2012,251475.1402
2957,3,3,Urban,1995,307784.4286
1690,2,1,Urban,2002,174302.9909
1843,3,2,Suburb,1975,250156.3385
2060,3,1,Suburb,1981,198747.6335
1100,4,3,Rural,1989,99542.25901
2566,4,3,Urban,2010,344780.6934
2213,4,1,Rural,2019,220374.0199
2535,5,1,Suburb,1991,240985.9568
1657,4,3,Rural,2013,149433.6043
1089,3,1,Urban,1996,194991.2699
2029,2,3,Urban,2010,251225.8343
1904,3,3,Rural,1987,215434.8824
2162,4,2,Urban,1960,143218.141
1094,2,1,Suburb,1982,143987.2609
2654,3,2,Urban,1957,240666.8944
2901,2,2,Suburb,2002,372415.4076
1631,3,1,Rural,1987,255614.1918
2409,2,2,Urban,2021,243917.7854
1122,2,2,Urban,1960,43073.45697
2308,4,2,Rural,1982,225988.3972
1365,5,3,Rural,1956,69416.67644
2912,4,2,Suburb,1958,383941.4278
1690,2,3,Urban,1959,190927.1011
2513,2,1,Urban,1952,212252.9134
1324,4,3,Suburb,1972,99059.11936
1406,3,1,Urban,1977,127370.2631
1995,2,1,Rural,2001,244871.8082
1518,3,2,Suburb,1992,134561.7135
1895,4,1,Rural,1957,277211.0681
2847,5,3,Urban,2005,329599.0905
2662,5,3,Suburb,1990,330819.7583
1076,2,2,Urban,2005,101767.8771
1233,3,2,Urban,1975,240282.9979
1829,4,2,Urban,1952,249130.0528
1585,2,1,Rural,1975,151266.0384
1483,5,1,Suburb,1972,190843.749
2487,5,1,Rural,1982,183800.0336
1270,3,1,Urban,1961,122313.7271
2844,2,2,Urban,1955,285248.2187
1938,3,1,Rural,1995,256917.7415
2490,3,3,Suburb,2017,374769.6285
1468,2,3,Rural,1985,202533.6468
1631,4,2,Urban,1950,131329.5756
1546,5,2,Rural,1981,228371.2218
1718,2,3,Rural,1985,180571.2066
2007,5,1,Suburb,1982,228010.1339
1269,4,1,Suburb,2001,67869.45474
1604,5,2,Urban,1992,197220.0966
1964,5,2,Suburb,1954,189569.7479
1377,3,3,Rural,1966,122882.9837
1176,3,3,Rural,2013,279214.4532
1273,3,2,Urban,1963,65501.73978
2714,4,1,Rural,1959,433777.2486
2664,3,3,Suburb,2003,277377.4297
1636,5,1,Urban,1984,211858.7609
1026,5,1,Suburb,2007,161247.7973
1575,5,2,Suburb,1972,213976.4874
1059,2,1,Urban,1993,13384.48067
1730,5,2,Rural,1989,124688.188
2240,3,2,Rural,1990,250413.3057
2704,4,1,Suburb,1968,291727.0449
1660,4,3,Urban,1985,251832.0316
1269,5,1,Urban,1976,13770.14992
2139,5,2,Rural,1952,241484.8282
1244,2,1,Suburb,1954,92538.48064
1659,5,3,Rural,1954,201134.6903
2627,5,1,Urban,2019,305180.2282
1084,5,1,Urban,2014,162984.553
2622,2,2,Suburb,1980,329426.052
1906,4,1,Rural,1992,242634.7744
2655,5,1,Suburb,1992,271811.4212
2473,4,1,Urban,2008,320114.7757
2875,2,3,Rural,1981,343437.2567
1535,2,1,Rural,1956,148447.2735
2910,5,1,Urban,1981,395240.3085
1088,2,1,Suburb,1954,244073.677
1548,2,3,Rural,2021,156063.4626
1853,4,1,Suburb,1959,216296.3064
1894,3,1,Suburb,1977,249051.5309
1506,4,1,Suburb,2003,157596.8202
1407,5,3,Rural,1977,162316.9565
2294,2,2,Rural,1974,280257.2429
1523,5,2,Urban,2002,259929.4706
2517,4,2,Rural,1983,188555.2763
1606,2,1,Rural,2019,171832.2689
2002,5,3,Urban,2007,253653.0616
1447,5,2,Rural,1950,164041.2152
1542,4,3,Rural,1993,255537.3624
1948,5,3,Rural,1970,241613.0149
1349,2,1,Urban,1958,109174.7297
2768,5,1,Urban,1998,348009.215
1851,2,3,Rural,1953,120506.2006
1327,5,2,Rural,1983,129123.4485
2835,4,3,Suburb,2014,241130.8353
2309,2,2,Suburb,2005,140242.5895
2058,5,3,Suburb,1991,250200.3991
2556,3,2,Urban,1955,282852.213
1622,2,2,Suburb,2017,207630.1067
1487,2,3,Urban,1962,179625.2214
2854,2,3,Suburb,2014,197070.4324
2883,3,3,Rural,2001,304384.0372
1486,4,3,Urban,1959,229418.1853
1144,5,3,Rural,2008,192524.0375
2547,3,2,Urban,1955,353060.7127
1755,5,2,Suburb,1999,117551.6294
1145,3,3,Suburb,1962,176650.5815
2020,3,2,Rural,2018,188126.0093
2774,5,2,Rural,1975,310876.8748
2526,5,2,Urban,1996,293349.3375
2627,5,2,Suburb,2000,280190.7132
1827,4,2,Rural,1956,212029.4651
2858,2,2,Urban,2015,363652.0505
1626,3,3,Rural,1990,161709.2471
2550,2,2,Rural,2012,274914.1962
2295,5,3,Urban,1990,222560.1153
1533,5,1,Urban,1958,212994.2713
1629,3,2,Suburb,1958,192872.3724
1880,3,3,Rural,2015,230422.1196
2118,3,2,Suburb,2012,278957.947
2470,3,1,Urban,1984,310614.533
1414,3,3,Urban,2019,179840.7654
1256,5,1,Urban,1956,126181.4016
2866,3,1,Suburb,2015,345243.7458
2285,4,1,Urban,1955,225137.7629
1086,2,2,Suburb,2016,46379.34808
1904,2,3,Urban,2013,218275.1747
2459,4,2,Suburb,2011,227829.0021
2999,3,2,Rural,1987,372175.332
2853,5,1,Suburb,1996,328131.6442
1569,5,2,Suburb,1976,292856.2805
1741,4,3,Suburb,1995,288589.9265
1107,4,3,Urban,2020,142104.1234
2042,4,1,Suburb,2021,250839.3687
2388,2,2,Rural,1967,334174.3403
2676,4,2,Suburb,1993,281009.8623
2402,5,1,Suburb,2020,217041.1227
1159,3,2,Urban,1991,99080.95697
1099,5,1,Rural,2019,97534.90018
1264,4,2,Urban,1995,123133.1877
2773,5,3,Rural,2001,238344.549
1749,2,1,Rural,1965,250050.5363
2072,5,1,Rural,1967,233214.2831
1676,2,2,Rural,1992,141029.3606
1798,3,3,Rural,2012,160975.6319
2438,4,3,Rural,2004,296945.7042
2082,3,1,Urban,1973,173428.1532
1182,4,1,Rural,1974,250858.3014
1658,3,3,Rural,2015,162404.7758
2470,3,2,Rural,1955,270246.9168
2921,3,1,Suburb,1988,227982.5313
2324,2,2,Urban,1960,210002.2763
1607,2,2,Suburb,1963,205801.6678
2578,5,2,Urban,1983,332043.6218
2377,5,3,Suburb,1979,327041.3064
2792,5,2,Urban,2006,264574.0946
2236,4,2,Suburb,1996,255028.5194
2212,2,1,Urban,1969,246337.253
1642,3,1,Rural,1974,211863.6172
1346,5,3,Rural,1977,178274.9601
1811,2,1,Suburb,1962,260257.4496
2926,2,1,Suburb,2005,316040.8995
1800,4,2,Urban,1998,217744.967
2160,3,3,Rural,1972,197808.3537
2053,2,3,Suburb,2013,361177.1007
1145,2,1,Urban,1964,87761.72085
2847,5,3,Rural,2010,325586.9881
2491,4,3,Rural,1997,329354.0349
2640,4,1,Rural,2003,361730.5234
1502,3,3,Suburb,2000,188184.3475
1798,4,3,Urban,1976,204481.0097
1967,3,3,Rural,1999,218634.1947
2214,3,1,Urban,2014,313383.664
1470,5,3,Urban,1984,254383.3167
1689,5,2,Urban,1964,219933.5738
2368,2,2,Urban,2021,272364.3539
2774,5,1,Urban,1990,244940.224
1000,2,1,Rural,2020,160017.4245
1109,2,2,Rural,2011,121553.2805
2873,2,3,Rural,1992,264436.8506
2810,2,1,Suburb,1956,160267.9809
2906,3,1,Suburb,2007,282781.3288
1893,2,3,Suburb,1955,227994.5318
2769,2,1,Rural,1970,302755.7064
2087,2,3,Suburb,2020,226092.0009
1755,3,1,Suburb,1974,160468.931
1052,4,2,Urban,1960,121688.7116
1261,4,2,Suburb,2008,163799.3855
2552,2,1,Urban,1989,310992.2424
2325,4,3,Rural,1994,312100.3469
2991,5,2,Urban,2018,330507.6969
1885,5,2,Urban,1990,251294.5866
1233,5,1,Urban,2011,162485.44
1072,5,2,Urban,2017,110799.2332
2380,3,3,Suburb,2015,197281.4384
1950,2,3,Suburb,2017,278338.9282
2626,3,2,Suburb,1975,302428.2632
1483,3,1,Urban,1968,112388.83
2029,2,3,Rural,1990,294525.6339
2733,3,3,Rural,1994,330595.9767
1876,2,3,Suburb,1964,347523.8039
2731,3,2,Rural,1966,352749.8956
2831,4,3,Suburb,1999,312194.288
1858,4,3,Urban,2017,174031.3078
2857,5,2,Urban,1988,260567.154
1136,4,2,Urban,2018,166989.4998
1778,5,2,Suburb,2015,232684.482
2427,5,1,Rural,2021,267345.5312
1627,5,1,Urban,1981,216261.952
1554,3,2,Suburb,2005,153285.5871
1742,2,1,Suburb,1974,164372.5471
1569,4,3,Rural,2003,213412.3624
2229,2,1,Urban,1962,204834.5546
1409,4,1,Suburb,1995,183695.3774
2829,4,3,Suburb,1991,292910.2145
2629,3,2,Suburb,2004,232999.488
2059,4,3,Rural,1973,231936.6692
1229,2,3,Suburb,2008,143452.0976
2250,2,3,Urban,1976,280112.0547
2718,4,2,Rural,1994,315775.624
1261,2,1,Rural,2013,193180.2226
2154,5,3,Rural,1957,300983.5698
2600,2,3,Urban,1952,234302.2256
1891,5,1,Suburb,1964,252726.5209
1447,5,1,Suburb,1982,171215.9258
1185,2,3,Rural,1999,188364.5741
2652,5,3,Suburb,1997,269920.243
2209,2,3,Rural,2013,200879.6647
2297,2,1,Urban,2002,184463.0493
2686,4,3,Rural,1998,334312.7393
1351,2,2,Urban,2020,130842.9435
2436,2,1,Rural,2011,234008.1082
2174,4,2,Suburb,1968,304239.8974
1383,3,1,Rural,1966,168732.4317
2059,2,3,Urban,2006,250466.4335
1325,3,1,Suburb,2006,48179.11601
1464,3,1,Suburb,2020,199727.0596
1465,4,3,Rural,2019,209244.0918
2118,3,1,Rural,2020,283937.7958
2157,3,3,Suburb,1972,303397.6227
1161,5,3,Rural,1953,174848.0971
1555,3,1,Rural,2019,90061.1837
1299,4,2,Rural,2000,142662.9298
2818,2,3,Rural,2015,324883.9673
1355,5,3,Rural,1957,171724.1311
2263,4,3,Suburb,1953,248845.1334
1563,4,3,Rural,1994,233783.2775
2961,5,2,Rural,1958,291665.0571
1792,5,3,Urban,1995,202145.7079
2022,4,2,Suburb,2002,223984.5819
1585,2,2,Urban,1980,289531.5238
2830,3,3,Urban,1952,209605.0294
1749,2,1,Suburb,1975,256842.6068
2190,3,2,Rural,1952,184724.1417
1139,2,1,Suburb,1980,126569.9151
2162,5,3,Suburb,1951,279246.8473
2904,5,1,Urban,2003,339881.6388
1234,5,1,Suburb,2006,146764.0489
2026,4,3,Suburb,1978,283339.3861
1255,4,1,Suburb,1969,142890.4994
1370,3,3,Suburb,2010,143113.3178
1277,5,1,Urban,1952,169486.5928
1515,4,2,Rural,1985,162906.9871
1903,4,3,Suburb,1964,205780.9809
2805,5,1,Rural,1983,361313.5745
2235,2,2,Suburb,2004,258221.8882
2239,5,2,Urban,2010,230926.8779
1269,3,1,Suburb,1989,157964.1263
1475,5,1,Rural,1962,64379.3768
2551,2,1,Urban,1951,273652.4658
1927,2,2,Rural,2008,233854.7807
1063,5,3,Rural,2007,160315.3087
2774,4,1,Rural,1966,235094.9909
1459,2,2,Suburb,2017,151834.8725
2039,3,1,Rural,2003,251789.7217
1563,4,2,Suburb,1975,218442.8659
2042,3,1,Suburb,1993,246057.6611
2348,3,1,Rural,2021,244840.3871
1907,3,1,Urban,1974,148789.5172
1092,3,1,Urban,1959,69425.38471
1772,2,1,Suburb,2012,228449.5289
1809,4,3,Suburb,2013,258181.0136
2040,5,2,Urban,1968,182554.2204
2646,2,1,Rural,1973,254893.8342
1839,4,1,Urban,1997,223267.5139
2895,5,1,Urban,1977,334222.9763
1487,5,2,Urban,1987,202636.3893
2117,2,2,Suburb,1952,233699.8888
2033,4,3,Urban,1990,189673.989
2747,3,2,Rural,1955,328185.2222
1748,3,1,Rural,1985,225972.3159
2789,5,2,Urban,1990,270143.7213
1527,2,1,Suburb,1951,216887.8471
2512,2,3,Suburb,1953,123278.8305
2167,3,3,Rural,1978,218661.2822
1553,2,3,Suburb,1965,247661.6611
1514,2,3,Rural,2013,249549.2123
2942,4,1,Suburb,1965,340004.529
2493,4,2,Urban,2015,306127.8068
1376,5,1,Rural,1957,192281.0252
2691,4,3,Rural,1956,303825.3475
2517,2,1,Rural,2017,294878.6074
2708,3,3,Rural,1991,293027.4591
1483,3,2,Suburb,1997,208617.8193
1451,3,2,Rural,2016,135810.142
2559,5,3,Rural,1977,306492.0052
1786,3,2,Rural,1981,139402.5347
2098,4,2,Suburb,1993,186298.3318
2063,4,2,Rural,2001,249452.8186
1301,2,2,Suburb,2010,108575.9756
2575,5,1,Urban,2005,304739.6257
2085,3,2,Rural,1985,137476.7221
2773,2,1,Urban,2018,223224.0519
2526,3,3,Rural,2019,282181.0538
1998,3,1,Urban,1952,145765.3375
2268,2,2,Rural,1975,224146.3614
1017,4,1,Urban,2011,129322.6663
2675,2,3,Suburb,1983,303218.9476
1397,5,1,Rural,1952,170104.7948
2006,2,1,Rural,1951,210432.7419
1593,3,2,Rural,1994,206711.3084
1188,4,1,Rural,1950,62989.08091
2643,2,3,Suburb,2020,327764.0374
2769,4,2,Urban,2004,333778.9146
2803,4,2,Rural,2006,286679.4128
1103,4,1,Urban,2011,177509.6419
2946,4,1,Urban,1968,343506.9984
2669,3,1,Rural,1976,366826.9367
2367,3,2,Suburb,1958,308311.3988
2394,3,1,Rural,1963,250799.1791
1032,3,2,Rural,1991,80131.35455
1748,3,3,Rural,2010,253324.406
1373,5,2,Rural,1973,170346.4752
2871,5,2,Urban,2020,311707.4648
2201,2,2,Suburb,1979,199945.9721
2035,4,3,Urban,1954,327006.4753
2886,5,2,Urban,1959,276910.8387
2976,3,1,Urban,1960,352809.7844
1740,4,1,Rural,2017,274806.2528
2844,3,2,Suburb,2015,288958.1417
2804,3,1,Urban,1989,304606.9107
1889,2,1,Urban,1989,112325.1911
1455,4,3,Rural,1970,115810.516
2893,3,1,Suburb,2004,395702.7372
2666,3,3,Rural,1979,220348.8694
1248,2,1,Rural,2020,138753.6506
1447,4,2,Urban,1968,200886.7078
2017,5,2,Urban,1965,198486.1513
1979,4,3,Rural,1978,201259.4859
2593,3,3,Suburb,1967,336013.9036
2027,5,3,Suburb,1963,191692.5254
2259,2,3,Rural,2012,234175.2703
1172,2,2,Rural,2011,93522.92259
2345,3,1,Urban,2010,226176.2482
1370,4,2,Suburb,1961,268557.9105
2571,3,3,Suburb,1993,219602.9519
1790,4,1,Suburb,1984,313737.7335
1748,2,2,Suburb,1970,135985.7451
1786,3,1,Suburb,1995,127923.2167
2319,3,2,Rural,1982,238114.5709
1839,5,1,Suburb,1959,155466.255
1399,3,3,Rural,1992,199541.6818
2081,4,1,Rural,1971,268081.8322
2898,5,3,Rural,2019,274501.2259
2553,4,2,Suburb,2008,230905.8694
1547,5,2,Rural,2011,214547.0344
1407,2,1,Suburb,2020,143640.0388
1640,4,1,Urban,1975,156726.1002
2536,4,3,Suburb,1994,266026.0991
1063,3,1,Rural,1985,143299.9214
1573,2,1,Rural,2008,201659.0264
2901,5,1,Urban,1959,301220.5588
1419,5,1,Urban,1965,201220.4538
2866,2,1,Suburb,1986,307348.3956
1145,3,1,Suburb,1955,103528.9525
2295,4,1,Suburb,1991,273978.2548
1016,4,3,Urban,1972,129658.7434
2815,3,3,Suburb,2006,256016.2863
1097,5,1,Urban,2003,290650.5512
1451,3,2,Urban,1999,224037.5921
2762,4,2,Rural,1968,330054.7938
1974,2,1,Urban,1974,300313.2597
1897,5,1,Urban,1977,200393.0074
2015,3,1,Urban,1976,213937.3215
2266,4,3,Suburb,1987,225467.128
1478,5,1,Urban,1952,231763.0519
1200,3,3,Urban,2009,155176.6729
2929,2,2,Urban,1988,313215.0041
2972,5,3,Rural,2004,289754.7594
2496,2,3,Suburb,1995,228326.542
1178,4,2,Suburb,2008,118408.4998
1507,5,3,Urban,1994,206281.3967
1452,2,3,Suburb,2008,179048.6691
1269,3,1,Suburb,1973,178406.6552
2257,2,2,Rural,1988,245290.3051
2647,4,3,Rural,1952,240915.3603
1485,3,1,Suburb,1953,185765.7844
1577,2,2,Rural,1954,185571.1863
1337,5,2,Suburb,2002,176118.0976
1860,2,2,Urban,1957,153296.2903
2972,5,2,Suburb,2008,356348.6287
1756,5,3,Rural,1959,199495.1845
1756,2,2,Rural,1959,182613.8209
2471,4,2,Rural,1988,283421.1629
1583,5,2,Urban,1986,266387.9377
2380,4,3,Suburb,2003,311144.7158
2072,5,1,Urban,2007,124070.3873
2519,5,3,Suburb,1990,319957.0411
1345,2,3,Rural,2001,225024.3356
1701,5,3,Rural,1991,304154.2815
1292,3,2,Suburb,1964,156980.5685
2712,2,1,Suburb,2006,241146.3994
2987,3,2,Suburb,2010,341659.3413
2696,3,1,Suburb,2021,244636.7281
2173,5,1,Rural,1988,251813.4069
2605,4,3,Suburb,2015,346052.0084
2568,2,3,Suburb,1954,172269.4848
1795,4,3,Rural,1960,178209.1857
2879,2,1,Rural,1989,326599.491
2021,3,1,Rural,1970,117589.7338
2283,5,3,Rural,2020,216425.5368
2345,5,3,Suburb,1978,414540.6385
1076,5,3,Urban,1988,168092.8854
2133,4,1,Rural,1959,249824.1109
1816,5,1,Suburb,1982,236279.0777
1895,5,3,Urban,1967,228823.3885
1650,4,1,Suburb,1980,315079.5546
1546,4,1,Urban,1999,239063.9273
2446,5,2,Rural,2019,257006.7568
1393,5,3,Suburb,1985,136056.238
2258,3,2,Rural,1956,269927.8775
2353,5,3,Suburb,2006,216198.1408
2735,4,1,Urban,1954,326982.9414
1324,2,1,Rural,1983,226553.0686
1150,5,1,Rural,1973,173522.2136
2569,2,3,Urban,1963,272827.3657
2659,5,1,Urban,2010,354764.2979
1878,5,1,Suburb,1996,267622.0572
2055,3,1,Urban,1978,156685.4821
1271,5,2,Urban,1962,164324.4193
1835,4,1,Suburb,1996,185754.8118
2845,5,2,Rural,1960,331889.8532
2659,2,1,Suburb,1966,253619.2685
2947,5,1,Rural,1997,379431.946
1367,4,1,Urban,2018,130822.856
2515,5,3,Suburb,1966,234329.9645
2339,2,1,Suburb,1980,244119.2691
1589,5,1,Suburb,1986,70339.16191
1587,3,2,Urban,1960,154384.0789
1571,5,1,Urban,1973,170446.0805
2620,2,3,Urban,2002,433963.6303
2391,2,1,Urban,1962,247279.8862
1079,2,3,Suburb,1964,234087.4138
2909,3,2,Rural,1965,326366.7876
2195,5,2,Rural,1983,257318.8663
1257,2,3,Rural,2008,202697.2712
1278,3,3,Suburb,1992,114850.9467
1503,3,3,Rural,1972,136892.7182
2756,2,3,Urban,1996,289754.3462
1557,4,3,Suburb,2015,148944.0002
1490,5,3,Rural,1996,163193.222
2608,2,1,Suburb,1967,272931.8666
1565,5,3,Rural,1989,176534.1135
2862,3,1,Suburb,1969,231158.3165
2756,5,2,Urban,1974,357435.8159
2916,4,3,Rural,1952,299037.5114
2360,5,2,Suburb,1980,320354.1512
1520,2,1,Urban,1996,190205.3827
1325,2,3,Urban,2019,165660.219
2195,2,1,Urban,1980,244355.2162
1083,5,3,Suburb,1977,91862.59928
2865,2,3,Suburb,2006,351106.3383
1840,5,3,Urban,1996,234084.1641
2547,5,3,Suburb,2009,271045.5503
2504,2,1,Urban,1977,308063.8265
2567,4,1,Rural,1970,287810.4114
2441,2,2,Urban,1998,240091.9839
2362,3,3,Suburb,2010,240968.5089
2824,3,2,Suburb,1953,263297.0818
1319,4,2,Rural,1951,170411.2595
1303,3,2,Suburb,2005,88639.99674
2295,4,1,Suburb,1980,238537.9975
1689,5,2,Urban,1971,215530.1913
2137,3,3,Urban,2004,224412.2432
1406,4,3,Suburb,1972,184916.8763
2049,2,3,Urban,2001,258999.2746
2260,3,2,Urban,1960,163043.1329
2333,3,2,Rural,2009,246771.8665
1683,4,2,Suburb,2009,111167.9717
1232,5,3,Suburb,2018,226361.2005
2021,4,1,Rural,1976,254827.0075
1548,4,2,Urban,1952,151292.4598
2288,3,1,Suburb,1971,218625.0501
2036,4,2,Rural,1984,261685.931
1495,2,1,Rural,1992,144222.3879
2339,4,3,Suburb,2020,307736.6339
1617,2,3,Urban,2016,162224.0469
2661,2,2,Urban,1994,290950.279
1847,4,2,Suburb,2006,181408.5479
2005,5,3,Urban,1979,214849.2895
1383,2,1,Rural,1961,182914.1579
2016,2,1,Rural,2012,323515.6534
1641,2,3,Suburb,1997,157399.3503
1315,5,2,Suburb,1983,102453.3074
1255,4,2,Suburb,2000,70652.18462
1440,5,2,Suburb,1976,237345.255
2138,4,3,Rural,2018,277786.6638
1298,2,2,Suburb,1960,135907.7059
1914,3,2,Urban,1999,142064.3735
2147,2,1,Urban,1959,285538.7161
1255,4,3,Suburb,1974,213338.5659
1650,5,2,Suburb,1955,168196.9893
2741,2,3,Urban,1969,296738.371
1046,2,1,Suburb,1964,161414.1115
2752,4,3,Suburb,1953,230554.5254
2854,4,3,Urban,2017,252046.3366
1902,3,1,Urban,1993,228746.2719
1462,2,3,Rural,1954,131395.7528
2373,2,2,Urban,1967,293904.3363
2146,2,3,Rural,1974,216883.7849
1030,3,2,Suburb,1952,150427.4267
1054,3,1,Rural,1962,87366.31894
1152,2,2,Rural,1958,135372.5438
1455,4,2,Suburb,1977,158511.2705
1285,5,1,Urban,1957,148038.2708
1035,2,2,Suburb,1959,114671.5626
1817,2,2,Rural,1980,186818.6016
2933,2,3,Urban,2012,321713.3223
2820,4,2,Urban,1993,247290.1367
2946,3,1,Rural,2017,323673.4441
2908,5,3,Rural,1965,331219.7117
1255,5,3,Rural,1950,242137.1418
1177,3,2,Suburb,2017,125428.0959
2571,2,3,Urban,1999,182437.8597
2277,2,1,Rural,1979,297592.5079
1507,5,1,Urban,1977,267480.7757
2697,5,2,Urban,2012,346773.0865
1020,2,2,Suburb,1963,152360.2762
2829,4,1,Urban,1995,206510.2546
1074,2,1,Suburb,2000,84617.94684
1718,4,1,Urban,1953,212180.003
1459,2,3,Urban,2014,255917.1276
2201,5,2,Rural,2008,275802.8506
2405,2,2,Urban,1971,194621.6552
2060,2,1,Suburb,1960,204675.032
2994,3,1,Rural,2020,297233.1382
2143,2,2,Rural,1976,331054.2455
2938,2,3,Suburb,2010,352527.8793
1629,2,2,Rural,1977,119121.6193
1000,5,2,Suburb,1952,75524.14544
2744,2,2,Suburb,1992,343444.3538
1935,4,1,Suburb,1984,270448.0132
1310,4,2,Rural,2000,166579.9532
2231,2,2,Rural,1982,244536.7051
2177,5,2,Suburb,1989,280667.2323
1761,4,2,Rural,1997,236474.3942
1682,2,3,Rural,2017,159332.339
1314,2,3,Urban,1997,146100.0413
1306,4,1,Urban,2016,140463.0305
2527,5,2,Suburb,2000,257792.1004
1618,5,1,Rural,2002,181310.0524
2678,4,2,Suburb,2018,312121.272
2543,2,1,Rural,1968,338835.489
2629,5,2,Urban,2012,254306.3429
2933,3,3,Suburb,1989,311341.0677
2120,2,3,Suburb,1990,297813.0018
2513,5,2,Urban,2012,257928.7641
1006,2,1,Suburb,1973,154.7791201
2809,3,2,Urban,1990,345961.5305
2035,4,2,Rural,2019,314026.7189
1513,3,2,Rural,2005,153321.8465
2969,2,3,Urban,2014,363110.2312
1348,4,1,Rural,1978,174379.3142
1916,3,3,Rural,2021,159450.5967
2030,5,2,Urban,2016,283968.2639
1499,3,1,Suburb,1964,224192.6688
1474,2,1,Urban,1957,152043.0086
1523,5,3,Urban,1966,226864.0595
2875,3,2,Rural,2014,273964.3577
2080,2,2,Urban,1975,246148.4715
1589,4,1,Suburb,1997,207068.5809
2609,3,3,Rural,2005,284984.8026
1232,4,3,Urban,2012,96639.13819
1790,5,2,Suburb,1963,217014.9934
2053,4,3,Suburb,2013,256132.0158
1366,2,1,Urban,1976,102901.8695
2849,5,2,Suburb,1980,365439.7015
2630,3,1,Suburb,1990,253314.0721
2843,4,3,Suburb,1998,301577.1626
1055,5,2,Rural,1956,76507.60795
1009,5,1,Rural,2005,155328.9451
2938,3,2,Suburb,1977,447379.2273
1146,3,2,Urban,1979,119416.517
1363,3,1,Rural,1981,117565.9517
2622,3,2,Urban,1991,267601.7337
1252,4,2,Rural,1969,156976.0413
2722,5,2,Urban,1966,329480.4527
1939,3,1,Suburb,1967,264991.8174
2768,5,1,Suburb,1950,346249.5413
2276,5,2,Suburb,2003,235846.4271
2466,2,1,Suburb,2009,282949.9237
1735,2,2,Rural,2013,103760.0869
1339,3,3,Rural,1958,122207.178
2539,3,3,Rural,1987,241103.519
2376,2,3,Suburb,2016,250890.0392
1623,5,1,Rural,1989,97451.88146
1704,3,2,Suburb,1953,230998.1702
2676,4,1,Urban,1961,240827.4166
1322,3,3,Suburb,1987,187734.3455
2163,3,3,Rural,2004,306686.2012
1860,4,2,Suburb,1979,331135.883
2974,3,2,Urban,1981,236787.3856
2468,5,2,Urban,1986,323091.9728
1094,4,1,Rural,1968,115849.6166
1552,4,1,Urban,1963,204179.0745
2443,2,2,Rural,2017,241583.7603
2537,5,1,Rural,1956,238898.6661
1789,2,1,Suburb,1953,194658.9825
2173,5,3,Suburb,1985,270440.0991
1552,3,3,Rural,1953,261779.5867
2374,2,2,Rural,2002,180247.0539
1115,3,2,Urban,1950,129205.2272
1631,3,2,Urban,1982,127499.1238
2260,2,3,Urban,1985,219887.6871
1269,2,1,Rural,1951,165509.2811
1860,3,1,Suburb,1992,187105.5623
1290,3,3,Urban,1953,170412.4106
2457,5,2,Urban,1986,354740.2874
1008,3,2,Urban,1958,91523.16966
2774,4,2,Rural,1977,230241.6892
1629,3,2,Urban,1960,135647.302
1863,3,1,Suburb,1995,191135.2366
2850,3,2,Urban,2015,131295.8758
2847,2,3,Rural,1962,322235.5894
1474,2,2,Suburb,1952,317028.0696
2545,4,1,Suburb,1950,179968.0602
1536,3,2,Suburb,2003,103072.9246
1684,5,2,Suburb,2003,187215.5823
2760,5,1,Rural,2014,354584.0906
2034,3,3,Rural,1993,198857.8586
1612,3,1,Urban,1979,173817.211
1776,3,1,Suburb,2014,179209.8662
2926,3,2,Rural,1992,290171.2668
2350,3,1,Suburb,2019,274771.7171
2953,2,2,Suburb,2018,321763.595
1594,4,1,Suburb,1974,277207.6589
1275,2,1,Suburb,1991,211582.9403
1369,5,2,Rural,1965,107089.1661
2513,2,1,Rural,1995,259968.1668
1344,2,1,Urban,1971,179028.186
2796,4,2,Suburb,2008,294735.7354
1367,5,1,Urban,2008,90506.07324
2756,5,1,Rural,1961,269584.4126
2334,3,2,Suburb,1978,250551.2681
1730,4,1,Urban,1979,138452.6816
2624,2,3,Rural,1998,303120.4945
2508,2,1,Rural,1999,174878.0245
1014,2,1,Urban,1963,50615.61628
1757,5,1,Urban,2012,189398.387
1687,5,2,Urban,2003,205987.7198
1003,2,2,Urban,1953,148907.2962
2869,5,3,Rural,1990,266018.6803
2399,3,2,Suburb,1997,242922.3552
2392,2,3,Suburb,1985,221620.7402
2488,2,1,Urban,2013,228360.6504
1532,3,1,Suburb,1960,192584.0968
2743,5,1,Rural,2018,332022.6564
1985,2,1,Urban,2020,270577.4789
2160,3,3,Urban,1993,243209.7448
1833,4,3,Suburb,1967,135952.1851
1362,3,1,Rural,1988,199089.3977
2998,2,1,Suburb,2009,159706.0322
2954,3,2,Suburb,1998,302764.7836
2239,5,1,Urban,1991,308913.8601
2391,2,3,Suburb,1988,222449.4762
1116,2,3,Rural,1964,21580.36965
2202,5,2,Suburb,2003,284027.0214
2269,5,1,Urban,2015,265222.5966
1127,5,2,Urban,1994,205883.0668
2381,4,3,Urban,2016,284550.7606
1077,2,2,Rural,1974,104313.2634
1740,2,2,Suburb,1979,197051.2835
2316,2,3,Suburb,1959,342349.6188
1773,3,1,Suburb,1961,180826.2019
1081,2,2,Suburb,1969,160586.9336
1341,2,2,Rural,1974,163580.7353
2361,5,3,Urban,1965,210832.1971
1818,5,3,Suburb,1989,210094.4499
1577,5,2,Suburb,1995,293715.5618
1095,2,3,Suburb,1985,190084.2971
2168,5,1,Rural,1979,275536.4286
1576,4,2,Suburb,2014,184857.6262
1520,5,1,Urban,2005,108642.3182
2420,4,3,Rural,1999,336444.6007
1995,3,1,Suburb,1958,333746.806
1356,4,1,Urban,1961,235451.9487
1185,4,2,Rural,1974,187171.7482
2693,3,3,Urban,2016,269274.6353
1542,4,3,Suburb,2011,144181.7123
1150,2,1,Urban,1968,94926.11386
2342,2,2,Suburb,2013,200846.1437
2777,5,2,Suburb,1968,344493.0754
2691,5,1,Rural,2005,352029.3808
2082,5,2,Suburb,1952,205679.3428
1009,5,2,Rural,2011,107218.5551
1856,2,3,Suburb,1969,208551.5566
2147,5,3,Suburb,1978,171735.1582
1355,4,3,Urban,1984,167732.6977
2369,3,3,Rural,1992,285869.5985
1793,4,2,Rural,1952,238703.6193
1236,3,1,Urban,1954,167828.0567
1332,2,2,Urban,2008,106400.2591
1016,3,1,Suburb,1990,84270.59135
2447,5,1,Urban,1951,148618.9084
1323,2,1,Urban,1979,128694.3237
1022,5,2,Urban,1979,119359.3104
1930,4,1,Suburb,1986,191915.9269
1458,4,3,Rural,2021,249104.1081
2483,5,2,Suburb,2018,313682.0917
1520,3,1,Suburb,1981,150115.3874
1718,4,1,Urban,1996,200049.2058
1556,3,1,Suburb,1966,219145.74
2444,4,3,Urban,1977,339419.5332
2988,5,3,Suburb,1959,302583.937
1402,5,3,Urban,1975,152047.047
2354,4,3,Urban,2009,237140.4129
1456,4,3,Rural,2005,140388.329
2506,3,2,Rural,1972,195816.1289
2521,3,2,Rural,1963,260245.7528
2050,3,3,Suburb,2011,294982.1166
1396,5,1,Suburb,2016,234078.8586
2976,4,2,Rural,1979,345766.1547
2211,2,3,Rural,1989,318174.9749
1139,3,3,Urban,2016,169299.0862
1520,2,3,Rural,1968,200531.357
1745,5,1,Urban,1962,259882.6293
1091,3,2,Urban,2016,160767.8011
1076,3,2,Suburb,2021,13680.06483
1851,2,3,Suburb,2000,258138.3289
2267,2,2,Suburb,1996,267385.4629
1844,4,1,Suburb,1956,168284.1753
1666,2,1,Suburb,2020,208691.3747
2753,5,2,Suburb,2017,298399.8763
1958,3,1,Suburb,2017,267968.1272
1988,2,3,Urban,1990,290477.2645
1796,5,3,Rural,1997,218633.8879
2685,2,3,Suburb,1967,333792.6279
2864,2,1,Rural,1992,310384.7595
1087,2,3,Rural,1985,127314.3627
2641,4,2,Suburb,2017,332936.8448
1914,3,1,Urban,1977,219001.7677
2317,3,2,Rural,2000,268224.7443
1094,3,3,Suburb,1953,209765.4485
2276,4,1,Urban,1958,368698.8153
1550,2,1,Suburb,2015,193802.9085
1398,3,2,Suburb,2001,155300.7733
1766,3,2,Rural,1990,275462.6275
2077,2,2,Suburb,1964,268723.0373
2951,3,2,Suburb,2016,351533.1061
1242,2,1,Urban,2018,122744.077
2133,4,3,Rural,1974,248032.6468
2789,3,2,Rural,1986,271636.8053
1623,3,1,Suburb,1953,229505.8102
2709,2,2,Suburb,2018,312471.5977
1700,5,3,Rural,1964,142676.0549
2244,4,3,Suburb,2002,198196.1311
2784,3,2,Suburb,1959,376515.4174
1563,2,2,Suburb,1997,184263.8821
1161,4,1,Rural,2000,254042.267
2992,2,1,Rural,2020,318287.1631
1034,5,1,Urban,1986,236455.1899
1965,3,2,Urban,1989,182778.3585
1036,5,2,Suburb,2019,131323.8731
1845,3,2,Urban,1983,218779.4828
1828,5,3,Suburb,1951,169007.889
1622,3,3,Urban,1962,208170.8633
2393,2,2,Suburb,1971,291398.5507
2200,4,1,Suburb,1996,303411.2194
1520,3,1,Rural,1995,189819.3364
2298,3,2,Rural,1994,258572.6151
2656,2,1,Urban,1989,378176.3418
1104,5,2,Suburb,1959,120311.4842
1155,3,3,Suburb,1977,187918.275
1335,5,1,Rural,1987,201967.381
2049,2,3,Suburb,1989,204074.2996
2957,3,3,Rural,1987,313391.9688
1295,4,2,Urban,1960,141807.0176
2560,3,3,Rural,1953,219852.0375
2378,2,1,Suburb,2020,186745.8956
1885,5,2,Rural,1990,166262.0004
1068,3,2,Rural,1956,100726.791
2350,2,1,Rural,1966,133603.9139
1150,2,3,Rural,1990,96445.64519
1856,2,2,Suburb,1983,239871.3475
1576,5,2,Rural,1958,318766.735
1661,5,2,Suburb,1969,149374.8358
2343,4,1,Urban,1959,208584.5366
1756,4,1,Rural,1972,292406.2403
1451,3,2,Suburb,1952,156788.7635
1569,2,2,Urban,1995,195221.2494
2691,4,1,Urban,1987,379704.3352
2135,5,3,Rural,1993,264863.5293
1634,2,2,Suburb,2002,196561.529
2485,3,1,Rural,1971,277653.4522
2888,2,3,Suburb,1967,349753.8302
2987,4,3,Rural,1953,324779.7073
1361,4,1,Rural,2003,238284.6321
1202,2,2,Suburb,1954,141063.3749
1486,5,1,Rural,2010,224675.942
2503,2,1,Rural,1975,202917.5012
1003,2,3,Rural,2006,17480.12417
2152,2,2,Suburb,1990,219683.1158
2049,2,3,Urban,1973,180912.3414
1800,2,1,Rural,1982,183373.1315
1976,5,1,Urban,2020,297797.7085
1026,3,2,Rural,1993,102631.0267
2065,3,1,Rural,2015,271550.6483
1964,4,1,Rural,1973,305713.2808
2606,5,3,Urban,1996,307564.7621
1063,2,2,Rural,1976,104714.4169
2048,5,1,Rural,1963,242956.6234
1071,3,2,Suburb,1979,140296.4689
2505,2,2,Urban,1981,170537.2055
2896,5,3,Suburb,1983,325851.2777
1899,4,3,Urban,1996,145012.3833
1267,3,1,Urban,1995,156826.6084
2849,2,1,Urban,1984,372118.5035
1094,2,2,Suburb,1986,186581.0509
1394,2,3,Urban,1978,197763.6309
1868,2,1,Rural,2006,153060.6537
1363,2,2,Urban,2007,69301.19638
2338,2,2,Urban,1960,254840.4024
1116,5,3,Urban,1998,104092.6308
1163,4,1,Rural,1991,83184.84266
1876,5,1,Rural,2003,204584.9751
1789,5,1,Urban,1998,270462.5113
1576,2,3,Urban,1985,220767.6274
1305,2,2,Rural,2007,185565.9926
1771,5,1,Rural,1950,171223.2724
2763,3,3,Urban,1958,216548.9434
1199,2,1,Rural,1950,93343.74688
2755,2,1,Suburb,1985,286124.927
1179,3,3,Rural,1958,188831.3291
1357,5,1,Rural,2002,177315.6405
1739,3,1,Suburb,2006,157083.9363
2275,2,2,Rural,2010,212620.2669
2322,4,3,Suburb,1963,301643.2601
2896,3,1,Suburb,2000,350851.7989
1429,3,2,Rural,2003,210134.2142
2027,2,1,Urban,1978,262576.8065
1652,3,1,Suburb,2010,105875.8781
1677,2,2,Suburb,2018,162009.1336
1253,4,1,Urban,1954,159056.8436
1940,4,2,Rural,1962,226628.1112
2688,5,2,Urban,2010,254329.6545
2602,2,2,Urban,1997,292558.0116
2590,4,1,Suburb,2007,323799.4674
2119,2,3,Urban,1983,270617.9152
1166,3,3,Urban,1972,116757.603
2856,3,1,Urban,1951,256101.0466
2354,2,2,Rural,1985,249698.0513
2921,2,3,Urban,1952,304783.628
1964,3,2,Rural,1990,244119.4176
2911,2,3,Rural,1990,343461.3478
1853,3,1,Urban,1988,243507.7273
2085,5,3,Rural,1989,170964.646
1173,5,1,Rural,1981,206239.009
2276,5,2,Urban,1989,274071.0994
2484,2,2,Rural,1967,273790.0401
1623,3,1,Urban,1973,177277.2626
2238,4,3,Suburb,1967,266834.8845
2262,4,2,Suburb,1953,322520.98
1414,3,1,Urban,1955,176990.4904
1738,3,1,Rural,1999,190957.804
2765,3,3,Suburb,1975,312595.798
2768,3,3,Urban,2003,315634.6118
1674,3,1,Urban,2006,177993.815
1125,4,3,Suburb,1950,185461.3432
1940,5,1,Suburb,1963,142502.7486
1252,3,2,Suburb,1971,164249.9252
2868,2,1,Rural,2018,321138.0053
2973,5,3,Urban,1964,388942.7088
2734,4,3,Rural,1984,266967.342
1196,3,3,Urban,1980,70413.84184
2657,2,3,Suburb,1987,340754.2906
1412,4,1,Rural,2000,177193.7562
2479,5,1,Rural,1984,238021.0068
1775,5,1,Urban,2007,160564.0882
2077,2,1,Suburb,2003,238779.3548
2670,3,3,Suburb,1955,345633.6135
2362,2,2,Suburb,1995,297730.006
2382,2,2,Rural,2012,237524.559
2174,4,3,Rural,2021,124899.536
2123,2,2,Suburb,1986,165094.0298
1233,2,1,Rural,2011,93800.94483
2567,5,2,Suburb,1980,331319.9623
2085,4,1,Urban,2020,191013.8159
2964,3,1,Urban,2003,324457.3563
1195,5,1,Rural,2013,178930.8861
1541,2,3,Urban,1983,160734.4839
2778,3,1,Urban,1966,371615.5215
2129,4,3,Urban,2011,304960.9307
1294,5,3,Urban,2013,89614.68513
1644,3,2,Rural,2019,134601.1638
2474,2,2,Urban,1962,257397.7679
2557,2,2,Urban,1971,175834.7474
1155,3,3,Suburb,2021,183300.7982
1405,5,3,Urban,2009,203506.2111
1895,3,1,Suburb,1960,221942.9771
1725,2,3,Urban,2002,171201.3221
1737,4,1,Urban,2000,138133.3911
1796,5,2,Suburb,2000,247573.5846
2706,2,3,Urban,1959,225807.7137
1553,2,1,Suburb,2016,136636.2658
2595,3,1,Rural,2010,189188.7913
1374,2,3,Rural,1981,28916.21281
2612,5,2,Rural,2005,301528.711
1454,3,1,Rural,2002,111632.1143
1201,4,3,Urban,1980,138059.7432
2755,2,3,Rural,1995,301395.7489
2475,5,1,Suburb,1974,266384.1612
2210,5,1,Urban,1982,307828.0117
2631,4,1,Suburb,2001,321965.9304
1853,5,3,Rural,1985,234686.6551
1723,5,3,Suburb,1991,149077.4622
2391,4,3,Rural,2009,323272.4293
1339,2,2,Urban,1983,145722.2708
1261,5,2,Suburb,1968,153268.2423
2864,3,3,Rural,2021,378854.2702
2947,5,1,Rural,1961,231200.6203
2612,3,3,Urban,2016,204180.4474
1542,5,3,Rural,1987,210525.6275
1550,2,2,Rural,1963,302374.9649
2329,5,3,Suburb,2003,342289.9977
2869,3,1,Rural,2007,309359.8958
2749,5,2,Suburb,2011,347733.0324
1637,3,3,Rural,1994,194556.1458
1164,4,2,Suburb,1958,166046.7019
1757,5,1,Rural,2017,206995.8114
1620,5,1,Rural,2014,179041.1539
2111,3,3,Suburb,2008,275686.7095
2223,3,3,Rural,1953,240701.5974
2294,2,2,Suburb,1976,281239.7212
1050,4,1,Suburb,2006,113662.7226
1488,3,3,Urban,2008,151477.5727
1197,2,1,Rural,1993,100805.7061
2046,3,3,Urban,1951,169886.1653
1664,4,3,Urban,1974,217161.7957
2246,4,1,Rural,2003,259779.4675
2965,4,3,Urban,1983,248253.2436
2244,4,3,Rural,1971,158533.5287
1662,5,3,Urban,1959,217236.4626
1265,4,3,Rural,1953,114105.8065
1072,4,3,Rural,1961,106746.5948
2904,2,3,Suburb,2003,299091.2728
1076,4,3,Urban,1975,111027.2032
1543,3,3,Rural,1968,160693.6136
1880,3,2,Suburb,1999,261586.4707
1434,3,3,Urban,1990,149365.7862
2960,5,3,Suburb,1984,249329.3817
2088,3,2,Rural,1962,213533.6302
2984,4,2,Suburb,1997,336400.3756
1356,5,1,Rural,2015,226787.1993
1935,4,1,Urban,1967,246333.1986
1017,2,1,Rural,1950,31952.18958
1675,4,1,Suburb,1985,274055.4158
2822,3,2,Urban,2000,299877.4698
2589,2,1,Suburb,1983,281677.6568
1574,2,3,Suburb,1993,175300.6718
2792,2,2,Suburb,1983,314485.898
1750,2,3,Suburb,2013,117383.247
2459,5,1,Urban,2014,330367.0746
1995,4,1,Urban,1985,175543.0318
2464,2,3,Suburb,1982,267555.6286
2032,5,1,Suburb,2006,281340.9319
2493,5,1,Rural,1960,268431.6508
1631,5,1,Rural,1981,177491.6683
2371,4,1,Urban,1986,244884.6964
2625,2,3,Urban,1994,229493.62
1371,4,1,Rural,1994,175883.965
1969,5,2,Suburb,1965,243414.1404
2847,5,3,Suburb,1951,375585.7328
2198,4,3,Suburb,2013,207398.4732
2538,5,2,Suburb,1956,230208.6541
2153,5,1,Urban,1974,279378.891
2589,3,3,Rural,1959,326051.019
2316,5,2,Urban,2004,205182.1579
2719,4,2,Suburb,1953,399393.1387
2950,2,2,Suburb,1962,346192.1765
1352,2,3,Urban,2011,186017.351
1223,4,2,Urban,2008,155428.1056
2547,4,2,Suburb,1964,327513.1954
1953,5,2,Suburb,1974,326365.5732
2730,4,3,Suburb,2011,224568.8433
2782,4,2,Suburb,2016,254116.5916
2532,5,3,Urban,1990,242586.7686
1367,3,3,Urban,2010,133696.3016
2689,3,2,Urban,1999,242543.7926
2613,5,1,Urban,1952,314568.8515
2675,3,3,Suburb,1964,275261.1203
2523,3,2,Suburb,1953,255915.7518
2113,5,3,Rural,2019,245083.2807
1655,3,2,Suburb,2001,192930.5127
2972,4,2,Urban,1969,428009.7038
2095,3,1,Urban,1999,259973.7602
1432,3,3,Suburb,1952,159565.9525
2712,4,3,Urban,1999,357075.8856
2371,4,3,Suburb,2018,271505.9405
2286,2,3,Rural,1954,199063.7226
2294,5,2,Rural,2003,263562.1906
1508,2,3,Suburb,2006,198412.0619
1507,2,1,Rural,1961,191360.4482
1616,3,3,Rural,1969,176503.1297
1419,4,2,Rural,1951,104072.9962
2095,2,2,Rural,1968,225754.9675
1073,5,2,Suburb,1954,102827.9867
2678,2,2,Rural,1955,347651.657
2526,3,2,Suburb,1962,316441.9499
1573,2,3,Urban,1977,156710.8305
1145,4,3,Suburb,1957,56075.53916
1045,4,2,Suburb,1977,74150.80805
2764,5,2,Rural,1950,333377.0158
2128,2,3,Suburb,1994,154329.9981
2132,4,2,Suburb,1991,200092.5195
2340,2,2,Rural,1976,316905.006
1120,2,1,Urban,2011,171214.5149
2522,4,1,Suburb,2001,225124.4579
2066,4,1,Urban,1966,271871.4788
2963,3,1,Suburb,2013,320732.593
1098,3,2,Urban,2001,90076.49988
1705,5,2,Rural,1995,106245.8297
1310,5,2,Suburb,1979,159688.4259
2237,5,2,Rural,1985,264989.4631
2486,2,1,Urban,2006,319395.5405
2764,5,3,Rural,1992,344521.2638
1422,4,2,Urban,1954,103460.8245
2412,5,2,Urban,1984,277742.6876
2720,2,3,Suburb,2000,455088.6431
2135,3,3,Suburb,1988,122008.869
2934,2,3,Suburb,2004,291355.3068
2882,4,1,Suburb,1971,336471.4013
1271,5,2,Suburb,1958,162967.7993
1824,5,1,Rural,1991,211360.8165
2125,4,1,Rural,1961,271646.3078
1209,5,3,Rural,1958,147086.4869
1738,3,3,Suburb,2003,225844.6248
1792,2,1,Suburb,1952,187646.4125
2045,2,3,Urban,1977,185326.8157
1759,4,3,Rural,1977,206684.1209
1158,3,3,Urban,1990,137553.9888
2914,4,1,Suburb,1979,216511.269
1740,4,1,Rural,1991,191680.5294
2953,3,2,Rural,2018,382578.0888
1342,4,3,Suburb,1984,122238.5642
2423,2,1,Urban,1978,268573.0106
2477,5,3,Rural,1975,225288.0235
1698,2,2,Rural,2005,185061.6826
2166,5,2,Suburb,1973,335240.4809
2873,5,2,Urban,1995,395516.2641
2893,2,2,Suburb,1987,296467.352
1396,4,2,Rural,1996,247997.7341
1535,3,3,Suburb,1967,129272.8433
1140,5,2,Rural,1959,113869.7059
1960,3,1,Suburb,1991,215820.948
1239,3,3,Suburb,2010,172661.4781
1291,5,3,Suburb,1989,135641.6595
1816,3,2,Rural,1970,209274.9086
1081,3,2,Urban,1952,144095.2741
1559,4,3,Suburb,1958,163962.1798
2888,3,1,Suburb,2002,256718.6665
1869,2,3,Rural,1992,278985.9602
1170,5,2,Rural,2013,190117.6256
2797,4,2,Rural,2011,285615.8825
1976,2,1,Rural,1970,213433.7861
1579,3,1,Suburb,2013,180326.3331
1525,3,1,Suburb,1954,108487.7418
1541,2,2,Suburb,2004,135593.4871
1109,2,1,Suburb,2006,85714.81125
2235,4,1,Rural,1993,349157.4873
2799,3,2,Suburb,1960,393628.1755
2461,3,3,Rural,1960,327137.104
1321,3,1,Rural,1951,116284.6688
1899,2,1,Rural,2020,276771.0497
1713,3,2,Urban,1982,189923.5006
1083,5,2,Suburb,2003,147949.6086
1955,5,1,Rural,1964,182489.6255
1375,4,2,Rural,1956,163650.5556
2076,4,1,Rural,1976,225477.1371
2890,2,2,Urban,1988,323670.499
2519,5,3,Rural,1972,192912.5434
2279,2,2,Suburb,2010,211729.134
1585,4,3,Rural,1953,125088.1528
2243,2,2,Rural,2001,262907.6458
2678,2,2,Rural,1970,352680.5549
1099,3,2,Urban,1984,111724.4111
1128,4,3,Urban,1986,140352.6108
1917,3,3,Rural,2003,153818.8332
1218,4,1,Rural,1993,137714.3895
1476,3,2,Urban,2001,155349.6517
2806,4,1,Rural,1981,273954.2781
2481,4,3,Urban,2003,413790.0067
1021,5,1,Urban,1950,93742.69772
2713,4,1,Rural,1988,267651.6525
1559,2,2,Rural,2011,132123.9051
1628,5,2,Rural,1978,171781.1907
2018,3,3,Urban,2011,193893.6329
2352,2,1,Suburb,1984,293329.149
2911,2,3,Rural,1987,339136.5213
2714,4,2,Urban,2019,261276.3532
2503,4,3,Rural,1998,209064.3031
2808,2,2,Urban,1955,347480.434
2897,5,3,Urban,1976,244859.5902
1338,2,2,Urban,2005,179053.0515
2895,2,2,Rural,1975,317878.2965
2882,4,3,Suburb,1993,272747.8525
1178,4,3,Rural,2016,52587.53117
1420,4,2,Suburb,2013,209444.8622
2505,3,3,Suburb,1970,279293.7221
2006,2,1,Suburb,1975,123368.5472
1048,2,1,Urban,1976,69427.07622
2850,3,1,Urban,1969,275688.5883
2929,2,3,Urban,1974,437976.513
1766,2,2,Urban,1991,330087.5594
1029,2,3,Urban,1960,109992.5051
1084,5,1,Urban,2020,86146.87569
1788,3,3,Rural,1990,150917.1079
2525,3,2,Suburb,2017,294932.348
2569,2,1,Suburb,2006,322304.838
1328,4,3,Suburb,1992,104673.2787
1609,2,2,Urban,2015,204976.3091
1433,2,2,Urban,1963,196670.7029
1587,5,3,Urban,2016,238780.0882
2710,5,3,Suburb,1976,298214.2046
2876,4,2,Urban,2015,245804.2262
2272,5,2,Suburb,2020,231754.4506
2875,2,1,Rural,1999,313855.3969
2157,2,2,Urban,2001,237185.6164
1689,5,3,Suburb,1998,232737.6061
2388,5,1,Urban,2003,327477.4948
2763,3,3,Urban,1979,326009.4834
2598,2,1,Rural,1999,232683.32
2803,4,3,Urban,2018,357443.2482
1424,5,1,Suburb,1992,159608.6933
2438,5,1,Urban,1984,260287.5073
1769,3,3,Suburb,1970,159106.7189
2679,3,2,Rural,1989,241820.4279
1511,5,1,Suburb,2017,200411.5152
2408,4,3,Rural,1975,321580.1054
2411,4,1,Rural,1993,251397.6122
2838,5,1,Suburb,2008,434857.7631
2011,3,1,Rural,2011,242030.7084
2472,2,3,Urban,1956,247374.0299
1563,2,2,Suburb,1990,98956.77297
1302,3,1,Rural,1951,168057.9824
1098,2,2,Suburb,2004,154471.2376
2996,3,1,Suburb,2009,357531.6426
2329,4,3,Suburb,1955,244328.9897
1556,2,1,Suburb,2019,106303.0258
1041,5,1,Urban,2012,96618.04731
1990,5,1,Rural,2007,217526.586
1467,2,1,Urban,1979,142365.4521
1439,5,3,Suburb,2009,138879.201
1326,3,1,Rural,2011,159161.4413
1568,3,3,Suburb,1955,221230.5385
1032,5,1,Rural,2021,160261.0116
1411,2,3,Urban,1965,162668.0624
2649,2,1,Urban,1956,263212.069
1811,2,1,Suburb,1998,165032.0546
2137,4,1,Urban,1957,250164.6464
1507,2,3,Suburb,1958,173582.9363
1055,2,2,Rural,2002,115941.3597
2579,3,3,Urban,2017,326827.9002
2747,4,1,Rural,1972,335748.1861
2375,3,2,Rural,1988,267023.7211
2352,5,3,Suburb,2008,249076.81
1545,5,3,Urban,1992,120375.4484
2293,2,1,Urban,1958,218921.8462
1195,4,1,Suburb,1972,102603.9181
1412,5,3,Rural,2007,164882.8814
1636,2,1,Urban,1991,160922.9647
2102,4,2,Suburb,1991,195916.6217
2790,5,1,Rural,1968,331779.3812
2680,5,2,Urban,1994,211072.9361
2106,4,2,Suburb,1959,226510.3109
1741,4,1,Urban,2013,163594.9911
1136,4,3,Suburb,1983,210987.1525
1538,4,2,Rural,1950,176984.8227
1688,5,1,Rural,1992,178606.499
1718,4,2,Suburb,1999,178344.8314
1932,3,3,Rural,1994,275863.2286
2947,3,3,Urban,2000,354385.2847
1305,5,3,Urban,1958,110512.6542
2334,5,2,Suburb,1960,223948.3613
1387,2,2,Urban,2002,85014.42958
1724,5,2,Urban,1986,204903.9833
2889,4,3,Urban,1960,270907.1687
1914,4,1,Suburb,1978,174080.9399
1548,5,2,Suburb,1996,231653.1392
1505,3,1,Rural,1959,128095.2274
1387,2,2,Rural,1993,117063.8383
1292,5,1,Suburb,1951,214267.3038
1178,5,2,Rural,1956,247665.2715
1671,2,1,Urban,2009,183521.6452
2452,3,1,Suburb,2004,251861.6707
2903,5,3,Rural,2013,313165.6666
2547,3,3,Rural,1953,302257.137
2704,4,2,Suburb,1989,185344.1986
2335,3,1,Suburb,2019,283719.6181
1079,4,3,Rural,2003,121652.2055
2037,2,1,Suburb,1977,203967.7563
2077,5,1,Suburb,1951,236922.7138
1446,4,3,Rural,1992,120035.9544
1765,3,3,Suburb,1968,274542.3213
2088,5,2,Suburb,1995,188211.2175
2395,4,2,Suburb,1965,335175.3667
1502,4,1,Rural,1982,245056.5253
1569,3,3,Rural,1977,209976.3695
1095,4,1,Rural,1980,162149.9628
2556,2,1,Suburb,2010,275263.6525
2283,4,1,Rural,1991,268257.8907
1584,3,2,Rural,2020,134750.1152
1247,5,3,Suburb,1977,132267.5588
1126,3,1,Rural,1976,99572.60196
1498,3,3,Rural,1975,183783.3607
1045,5,1,Urban,2007,66306.49297
1981,4,2,Rural,2010,236053.5473
1267,2,3,Suburb,1959,179885.0109
2663,3,1,Rural,1975,317714.3768
2565,3,1,Rural,2020,241321.0802
1093,2,3,Urban,2021,84902.25392
1735,3,1,Suburb,1986,230158.9258
2339,5,3,Suburb,1953,229346.3142
1611,4,3,Suburb,2006,178251.1122
1070,5,2,Rural,1971,234691.7063
1592,3,3,Suburb,1994,180056.5321
1448,5,3,Urban,2005,204586.3851
2933,3,3,Urban,1960,347626.7771
2390,4,1,Rural,1968,172082.5418
2835,5,3,Rural,1967,335230.1195
1619,5,2,Rural,1961,314654.1999
1613,2,3,Rural,1972,241743.9413
2433,2,1,Suburb,2009,299697.2251
1090,3,2,Rural,1989,183010.6725
2532,5,3,Suburb,2009,342935.2649
1876,4,1,Urban,1993,163213.1036
1527,4,3,Rural,2003,222100.5948
2133,2,3,Suburb,2003,237208.6208
1774,2,2,Suburb,2016,121229.1254
1671,2,3,Suburb,2000,168191.5598
1764,4,3,Suburb,1967,204295.2185
2112,4,2,Urban,1955,198932.2833
2630,4,1,Suburb,2000,266691.1751
2295,3,3,Rural,1986,269328.7117
2270,5,3,Suburb,1957,278354.6017
1360,3,3,Urban,2020,186881.7174
1377,5,2,Rural,1999,188807.2447
2229,5,3,Urban,2010,212029.5206
1344,5,1,Urban,1996,84974.16103
2853,2,2,Suburb,1969,315858.9292
1797,5,3,Rural,2020,203922.8563
2783,2,2,Suburb,1950,295523.7715
1454,5,2,Rural,1973,180521.7251
1907,3,3,Rural,2003,190086.4711
1066,3,1,Urban,2002,143288.6781
1986,5,3,Urban,2002,160455.709
2581,3,2,Urban,2013,396061.0077
1978,3,3,Rural,2016,232872.9233
1042,5,2,Rural,1991,131967.3343
1228,5,3,Rural,1994,114011.5664
2974,2,3,Suburb,1957,337411.9286
2836,3,3,Rural,1996,223429.9633
2467,3,1,Urban,1970,257166.6279
1233,5,1,Urban,2004,236017.0314
2222,4,1,Urban,2008,189454.1311
1496,2,1,Rural,1995,154333.4806
1847,2,3,Urban,1960,186236.8919
2055,4,1,Suburb,1986,246483.6474
2287,2,3,Urban,2007,266407.1161
1112,2,2,Rural,2003,104278.9828
1972,3,2,Urban,1969,186331.501
2853,3,1,Suburb,1968,298893.5416
1458,5,1,Rural,2017,177273.7027
2299,5,3,Urban,1952,276768.058
2169,2,3,Suburb,1998,237433.7417
2380,4,2,Rural,2005,326145.5269
1005,5,3,Rural,1962,123137.5866
2363,5,1,Urban,2020,359621.7228
1991,4,1,Urban,1956,336833.9434
1493,2,3,Urban,2012,137455.4769
2131,2,2,Urban,2013,263206.0396
2948,5,2,Urban,2011,346025.289
2795,2,2,Suburb,1951,324526.2752
1070,2,1,Urban,2001,136677.6719
1938,5,1,Rural,1996,183724.9458
2363,5,1,Rural,1993,221371.8959
1673,3,2,Rural,2004,170231.6113
2123,3,1,Rural,1970,218140.3539
2350,2,3,Urban,1997,168167.8732
2056,4,3,Urban,2021,308500.6167
1142,3,2,Suburb,1998,162815.6193
2267,2,2,Suburb,1963,363500.4283
1735,4,3,Suburb,2017,109593.5303
1725,3,2,Suburb,1953,242543.615
2655,3,3,Suburb,1973,320300.6898
2703,2,1,Rural,1969,232761.1029
2884,5,3,Urban,2003,342492.3066
1216,5,2,Rural,1983,161316.1044
2924,4,2,Suburb,1972,353941.031
2997,5,2,Urban,2021,307426.6196
1433,2,3,Suburb,2017,111081.7415
2890,3,3,Suburb,1986,336612.2112
1833,4,2,Urban,1968,240134.7149
2752,5,2,Urban,1979,289100.1699
2077,3,1,Rural,1974,277823.3921
1719,2,1,Rural,1994,205487.7086
1941,2,3,Urban,1957,298578.0093
2615,3,1,Suburb,1967,262732.5304
1906,2,1,Urban,1962,163475.568
2915,2,3,Rural,2009,286003.3062
2968,3,1,Urban,1967,248602.4993
1994,5,3,Suburb,1975,251102.0235
2174,4,2,Suburb,1964,271553.836
1054,3,1,Rural,1995,68697.76935
2540,3,3,Urban,2000,339955.3415
2471,5,3,Rural,2002,314391.468
2058,4,3,Urban,1992,220873.1754
1860,2,1,Rural,1957,210482.5557
2006,5,3,Suburb,1975,220377.0222
2142,4,3,Suburb,1961,193813.1593
2220,3,1,Urban,1997,219240.917
1565,4,3,Urban,1955,204169.3026
1770,5,3,Rural,2012,220501.4448
2797,2,1,Rural,1958,320145.2534
2878,4,1,Rural,1958,331099.6175
1877,4,2,Rural,1996,217907.7405
1823,3,2,Rural,1984,228901.594
1513,4,3,Suburb,2010,277198.1891
2617,3,2,Suburb,1987,270241.6401
1861,5,3,Suburb,1979,275324.0481
1421,2,3,Rural,1970,162245.7596
2975,5,2,Rural,1969,314837.928
1516,4,1,Suburb,1972,161047.5792
2709,4,1,Suburb,1973,296716.5791
2162,3,2,Rural,1959,140910.5415
1704,3,3,Rural,1986,153770.8106
2673,5,1,Suburb,1963,369965.9257
1808,5,3,Suburb,2013,173892.9389
2651,5,1,Rural,2003,351813.1084
1043,2,2,Urban,1964,144252.2802
1857,3,2,Rural,2015,171287.2687
1800,5,2,Urban,1956,192923.3023
1218,3,3,Rural,2005,48410.41934
1567,5,2,Urban,1973,329637.2047
2777,2,2,Suburb,1951,253287.2507
1907,3,2,Urban,1974,287800.6281
1257,3,3,Suburb,1990,138823.0252
2536,3,3,Suburb,1973,207700.8278
1960,3,3,Urban,1968,349475.9071
2400,2,1,Suburb,1976,290375.4109
1892,5,3,Rural,1995,311672.9774
1288,2,2,Suburb,1951,185086.7964
2493,3,1,Urban,1981,277615.3424
1971,4,3,Suburb,1970,182145.9001
1102,2,3,Rural,1952,99674.11818
1803,4,3,Urban,1992,120360.0736
2172,3,1,Suburb,1964,170547.038
2107,3,2,Rural,1970,241878.3494
2955,2,2,Suburb,1957,213920.0516
2049,4,1,Suburb,1991,173100.6879
2198,2,2,Urban,1952,199293.92
2758,2,3,Urban,1961,287341.6896
2664,2,1,Suburb,1971,291997.2948
2445,3,2,Suburb,1978,248791.602
2677,5,1,Suburb,2016,250906.0802
2369,4,3,Rural,1979,232695.9108
1301,5,2,Urban,1961,183302.5739
2321,5,2,Suburb,1987,195524.5032
2158,3,3,Urban,1985,317929.0438
2078,3,2,Suburb,1980,185732.4947
1055,3,2,Rural,2000,192096.9806
2014,2,2,Rural,1983,116653.9748
1373,3,3,Suburb,1988,156346.3873
2611,3,1,Rural,1963,320990.3624
1830,3,1,Suburb,1952,245239.0658
1919,3,2,Suburb,2014,174919.8355
2362,5,1,Urban,2002,276191.3793
1456,5,3,Urban,1953,210000.9805
2378,3,2,Urban,2017,223817.3416
1131,5,3,Suburb,1977,110833.475
1492,3,2,Urban,1954,136171.9331
2577,4,2,Suburb,2016,261770.1351
2887,2,2,Urban,1986,401501.3725
1109,3,1,Suburb,2011,135336.7714
1581,5,2,Suburb,1959,209358.1516
1795,2,3,Suburb,2015,95322.72143
2149,5,2,Rural,2009,254012.8718
2883,4,1,Rural,1968,280058.6028
2319,4,2,Suburb,1969,281711.5494
2202,2,1,Suburb,2014,325182.8202
2948,4,1,Urban,1970,194706.8052
1809,3,2,Urban,1972,194055.9696
1885,4,1,Rural,1964,225601.7314
2220,5,2,Suburb,2014,188067.3644
1772,3,1,Rural,1965,209957.1916
2124,5,2,Suburb,1969,210206.5766
1936,2,2,Rural,1967,154628.6489
1572,2,2,Suburb,1953,208906.2615
2206,2,2,Urban,2014,189266.9164
2947,5,2,Urban,1974,305349.7868
1808,5,3,Suburb,1952,261630.8679
1878,2,1,Suburb,1950,303400.9599
2032,5,2,Rural,1953,199925.0325
1412,2,3,Rural,1978,187440.9185
2741,2,2,Suburb,1992,346780.5886
2957,5,1,Urban,2020,288507.4041
1829,3,3,Suburb,1995,137550.1236
1565,2,3,Suburb,2020,180323.226
2715,4,1,Urban,1958,321340.3926
1103,3,2,Urban,1974,107310.8496
2149,3,3,Rural,1971,205059.9355
2569,3,3,Rural,1968,171487.2221
1676,3,3,Urban,1991,215417.664
1944,2,1,Suburb,1959,281180.6103
2833,2,2,Urban,1965,238859.8849
1269,2,2,Urban,1982,80742.08444
1465,4,1,Suburb,1955,104313.9921
1800,2,2,Suburb,1965,163956.9805
2141,2,1,Urban,1960,255330.5887
2889,4,3,Suburb,1981,297655.9861
2115,2,3,Rural,1977,254562.591
2635,5,3,Urban,2008,223980.638
2004,5,1,Rural,2005,174384.8388
2508,2,1,Suburb,1973,224340.3102
2110,3,3,Rural,2007,218053.8287
1233,2,1,Rural,1951,120479.5698
1912,4,3,Rural,1991,235308.0402
2147,3,3,Urban,2001,230123.1054
2226,4,1,Urban,1999,277521.303
2055,5,1,Suburb,1996,264178.8834
1356,4,3,Suburb,2001,127336.8567
2486,2,3,Rural,2004,232038.2347
1963,5,2,Urban,1998,198992.3491
2574,3,3,Rural,1964,331889.4793
1093,2,1,Urban,2004,127207.1134
2545,5,2,Urban,1966,280186.7086
2750,3,3,Suburb,1971,298621.9099
2431,5,3,Urban,1969,357725.0589
2123,3,3,Urban,2007,316425.1595
1243,3,1,Suburb,2004,140445.0599
1057,4,2,Suburb,1968,230881.2023
1964,2,3,Suburb,1961,241677.9098
2380,3,1,Suburb,1983,252507.3122
2514,3,2,Urban,2004,298379.8576
1319,4,3,Urban,1993,157274.7521
2042,3,2,Urban,1990,177881.7717
1356,3,3,Urban,1973,192023.2799
1116,5,2,Rural,1985,187291.374
2159,2,1,Urban,1969,181733.9676
2862,4,3,Urban,1974,290583.3095
1295,4,1,Rural,2018,115305.9083
1524,3,2,Rural,2002,226514.6317
2124,3,3,Rural,1986,196267.1505
2403,4,3,Rural,1964,355321.3921
2178,3,1,Rural,1970,249749.4295
2617,3,3,Urban,2014,302705.9879
2623,5,3,Suburb,1986,306408.5821
2128,4,1,Urban,1979,204232.8603
2665,3,2,Urban,2009,244511.1529
2807,2,1,Suburb,2017,235371.6402
2549,3,1,Urban,1985,207023.6521
2151,5,2,Urban,1994,275662.6072
1400,5,3,Suburb,1952,170045.739
2595,4,3,Urban,1966,285852.8793
2989,5,2,Suburb,1983,306298.4783
1738,5,3,Urban,1961,178808.1736
1528,2,2,Rural,2018,156132.2343
1556,5,1,Suburb,1967,189415.8761
1549,3,3,Urban,1954,180204.9893
2147,5,3,Rural,1960,210366.398
1359,2,2,Urban,2020,146652.2911
1063,4,2,Urban,1954,101384.9633
2912,2,1,Urban,2019,397902.2618
1764,3,2,Suburb,1983,243826.6623
1773,3,2,Rural,1960,274010.9292
2979,4,2,Rural,1987,293499.0146
1623,2,3,Urban,1966,164485.8063
1101,2,3,Suburb,1951,161849.5802
1560,4,3,Rural,1996,129201.7391
2300,4,3,Rural,1962,254546.3092
2250,4,3,Suburb,1989,347771.7566
2046,4,3,Rural,1998,292892.0462
1843,3,1,Urban,2020,190161.3182
2720,3,3,Urban,1966,305773.4495
2087,4,2,Suburb,1967,217673.7364
2180,5,3,Rural,1963,326342.9202
2818,4,2,Rural,1993,312591.4841
2413,5,2,Urban,2015,328927.5152
2172,5,1,Rural,1961,335570.6987
1838,2,2,Rural,2011,192215.9085
2386,5,2,Rural,1961,236800.6484
1680,5,1,Suburb,2010,178816.8814
2487,5,2,Suburb,1969,260356.7442
1644,3,1,Suburb,1988,218278.4968
1398,2,2,Rural,1970,29981.73582
1404,2,3,Rural,2005,204548.2761
1825,5,2,Rural,1964,294903.7406
2155,3,3,Suburb,1966,193887.024
2220,4,1,Rural,1986,205393.7554
1646,3,3,Rural,1954,110336.3656
1034,2,3,Urban,2000,78209.12085
1419,5,2,Urban,2016,247972.3971
1376,3,3,Urban,1958,109891.7766
2422,5,1,Rural,1960,277788.7984
1219,4,1,Urban,1984,83034.10779
2921,3,2,Suburb,1996,321445.2549
2911,4,2,Urban,1965,295221.4549
1696,4,1,Urban,2015,244706.5831
2540,2,1,Urban,1955,293639.5212
2606,2,2,Suburb,1970,318288.327
1341,5,2,Suburb,1951,158338.2968
1752,4,2,Urban,1999,156966.1922
2886,4,2,Suburb,1975,299724.9383
1415,2,2,Rural,1993,218373.1751
2479,4,1,Suburb,1982,225920.4851
2320,3,2,Urban,1962,227814.7454
1937,4,3,Suburb,1953,258597.9342
2354,4,1,Urban,1990,232565.5071
2728,2,3,Urban,1999,336237.3238
2006,2,2,Suburb,1950,243234.2729
1679,5,1,Rural,2001,203776.9094
2362,2,2,Rural,1988,305154.411
1747,3,2,Suburb,2020,234314.1904
1805,4,2,Urban,2014,153329.5359
2321,5,1,Urban,1981,263131.6636
2783,4,1,Rural,1980,347186.6437
2700,2,3,Suburb,2007,232918.4706
1311,4,1,Suburb,1989,205867.1561
2606,4,2,Urban,2015,309702.6551
2766,3,3,Urban,1969,334412.032
1054,4,1,Rural,2001,152853.8017
1693,3,3,Suburb,1974,250469.289
1533,4,2,Urban,1981,105588.6897
2818,2,1,Rural,2002,304842.7821
1104,5,2,Urban,2008,137246.145
2198,2,2,Suburb,1993,174826.5378
1293,5,3,Rural,1981,239577.9092
1879,4,3,Urban,1951,190071.1136
1550,2,3,Rural,1951,198446.036
1910,3,3,Urban,1969,163850.2878
1374,2,3,Rural,2012,115555.2465
1449,3,1,Rural,2006,134581.7094
2468,4,3,Rural,1966,341245.9275
2083,4,1,Suburb,2012,219869.3387
2415,5,1,Suburb,1986,221134.2692
1811,2,2,Suburb,1961,189028.4459
2834,4,1,Rural,2020,289072.3924
1389,5,2,Suburb,2018,190401.5282
2235,5,2,Rural,2002,297713.1958
1666,4,3,Suburb,2008,123177.7755
2708,3,3,Rural,2010,267361.6002
2558,3,3,Urban,1981,260341.843
2263,5,1,Suburb,1970,196583.8173
2511,4,3,Urban,1986,239289.9082
2744,2,2,Suburb,1992,327442.2998
2145,2,3,Urban,1960,255552.497
2276,5,3,Suburb,2001,227970.6211
1140,2,2,Urban,1983,103362.6169
2475,4,1,Suburb,2005,329875.1995
2875,2,1,Rural,1969,346466.5587
1873,2,1,Suburb,1953,202327.9772
2855,4,2,Suburb,2005,283140.5168
2176,3,2,Rural,2003,293415.7285
2916,3,1,Urban,1968,299569.3387
2749,5,3,Suburb,1975,275563.9139
2331,4,2,Suburb,2011,210056.2148
2583,3,1,Rural,1954,216002.0436
2340,2,1,Urban,1990,197172.9081
2552,5,1,Rural,1987,299269.7083
2319,4,1,Urban,2020,272651.3495
1842,4,3,Urban,1973,308512.206
2368,5,3,Urban,1982,331299.2707
2604,3,2,Suburb,2000,267195.0751
1596,5,2,Suburb,1994,159851.4866
2305,5,1,Suburb,2010,321841.5643
2231,4,3,Rural,1971,277196.0624
1951,4,2,Suburb,1978,269614.015
1551,2,3,Rural,2003,152496.4865
2119,5,2,Urban,1979,185338.1674
2475,4,1,Rural,1985,249455.7308
2785,4,1,Urban,2000,361043.6704
1372,4,2,Rural,2005,235742.2517
1647,4,3,Urban,1995,217768.7066
2096,5,3,Suburb,1961,267229.2843
2836,5,1,Rural,1969,233167.6203
2808,3,1,Suburb,1975,311403.0674
2704,5,3,Rural,1999,282385.7996
1332,4,3,Suburb,1974,133786.5287
1392,2,1,Urban,1971,161042.1303
2733,5,2,Urban,1985,314292.4364
2882,3,2,Rural,1957,291092.2409
2129,5,3,Suburb,1973,234004.003
2124,4,3,Rural,1977,223778.4996
2382,3,2,Suburb,1980,265960.1305
2770,4,1,Urban,1986,369478.286
2815,4,1,Rural,1991,373953.0465
2352,5,1,Suburb,1977,198088.925
2912,5,2,Rural,1986,260770.0407
2641,3,1,Suburb,2014,269088.9214
1394,3,2,Suburb,1985,120518.9047
1034,3,2,Rural,1961,120972.4552
1156,3,3,Suburb,1976,116300.6773
1903,2,2,Rural,1960,227307.3228
2296,3,2,Suburb,2002,261989.3922
1966,5,3,Suburb,1967,166524.8703
1395,2,3,Urban,2003,149113.2383
2775,4,2,Urban,2008,279286.0925
1206,4,3,Rural,2015,107007.8261
2780,3,1,Suburb,1998,318236.6139
2628,4,1,Rural,2012,293460.3343
1620,2,2,Urban,1994,155361.6994
2329,5,3,Urban,2021,288261.1924
2649,5,3,Urban,1986,322281.7758
2559,2,1,Urban,1962,233042.9382
1804,3,2,Suburb,1995,335237.0368
1461,3,2,Urban,2017,205534.0458
1251,3,2,Urban,2019,118410.3624
2290,2,1,Urban,1980,273717.2865
1866,3,3,Urban,1957,164818.9366
1208,5,2,Urban,1969,137342.8304
1954,2,3,Suburb,1999,227697.0359
2590,2,1,Rural,1973,291067.4104
1538,4,2,Rural,1979,217797.5177
1834,4,3,Suburb,1959,65480.45206
1502,3,3,Rural,2020,120077.0409
1955,3,1,Urban,1987,257896.7361
1513,5,1,Urban,1994,170986.3378
1579,3,2,Suburb,1988,217354.3778
2937,5,1,Urban,1958,329163.2904
2171,3,3,Urban,2003,238200.892
2854,5,2,Suburb,2008,286703.7445
2997,2,2,Suburb,1964,280552.6582
1839,5,1,Suburb,2006,262994.8385
2665,3,1,Suburb,1978,307081.5918
1985,4,2,Suburb,1960,222384.8712
1082,3,2,Urban,2019,113909.7771
2065,2,1,Urban,1975,214110.4458
1155,4,1,Rural,1957,82669.77302
2692,5,3,Rural,1962,258613.459
1452,4,2,Suburb,2009,217030.4545
2642,3,3,Urban,1995,254616.7579
2307,4,2,Suburb,1972,249791.7504
2211,4,1,Rural,2012,262074.2197
1616,3,1,Urban,1951,204589.6239
1623,3,1,Suburb,2001,111070.24
2497,2,3,Suburb,1951,230130.2334
1506,4,3,Suburb,1995,190654.3163
2156,5,3,Rural,1957,303402.5984
2294,3,3,Urban,1993,212099.2668
1621,4,1,Urban,1999,276174.5398
2096,3,3,Urban,2006,205572.3943
2951,2,3,Urban,1951,287939.4457
2459,3,1,Urban,1961,234731.2996
2881,3,3,Rural,1986,273213.5224
1292,2,2,Urban,1974,136018.8182
1654,3,1,Suburb,1994,205236.3266
1936,2,3,Suburb,2016,288913.6866
2795,4,3,Urban,1950,352668.1803
1756,4,3,Urban,1984,203466.4157
2460,4,1,Rural,2000,264425.1774
1995,5,3,Rural,2000,287703.8242
2875,3,3,Urban,1980,231475.612
1666,2,3,Rural,1990,154238.546
2684,3,1,Rural,2007,195321.9607
1059,5,1,Rural,1963,123391.6385
2621,3,2,Suburb,1958,262958.951
2727,5,3,Suburb,1971,279740.8265
1326,3,2,Urban,1960,173430.3866
2966,5,1,Urban,2006,285699.0493
2205,2,2,Urban,2021,207404.8924
1798,3,1,Suburb,1982,224983.0566
1784,3,2,Urban,1973,154991.233
1766,2,1,Rural,1983,162859.2711
2457,2,2,Suburb,2006,256745.5984
1518,4,3,Suburb,2005,204678.4235
1637,5,2,Suburb,2001,235732.5118
1082,2,3,Rural,2019,120065.3961
1027,4,3,Suburb,2017,205051.5234
1265,5,2,Rural,2007,132896.8729
2306,4,1,Rural,2020,259963.8496
1396,3,3,Rural,1953,201955.1597
1961,5,2,Urban,1978,173830.843
1762,3,2,Rural,1985,268418.666
1979,3,3,Rural,1996,188759.5278
2723,3,1,Suburb,1972,313797.6972
2406,3,3,Urban,1950,214791.1018
1810,3,2,Urban,1987,146797.7092
1580,3,2,Urban,1958,173350.4972
2342,4,3,Urban,1963,324037.0042
2861,4,1,Rural,1954,351995.4769
1610,5,3,Suburb,1969,218151.0251
1192,5,3,Rural,1993,257019.0901
1226,5,3,Urban,1981,128708.7859
1450,3,1,Urban,1965,263965.5715
2205,3,3,Suburb,1976,202788.0712
1931,4,3,Suburb,1970,212167.3685
2350,4,2,Rural,1982,270300.6886
2628,5,2,Rural,1974,305916.018
1654,2,1,Rural,1991,211585.8565
1202,2,1,Urban,1952,66949.46028
1401,3,2,Rural,1956,196088.3537
2667,3,3,Urban,1955,191792.078
1471,3,1,Suburb,1959,145930.5739
2802,4,1,Rural,2012,252270.6397
2669,3,1,Rural,1966,275296.3554
1889,3,2,Urban,1972,179921.1514
1178,3,3,Rural,1977,130784.7493
2721,2,1,Urban,1953,336588.4039
2979,2,2,Urban,1981,246178.8129
2041,5,2,Suburb,2005,254742.091
1462,3,2,Rural,1950,237424.7506
1834,4,1,Urban,1954,346901.4044
2936,2,2,Rural,1995,285639.5486
1608,5,2,Suburb,1950,162798.8633
2569,3,3,Rural,2019,218305.8328
1925,2,2,Urban,2017,127644.65
2426,4,1,Rural,1960,288538.2827
2416,4,2,Urban,2009,337465.8427
1935,4,3,Urban,1987,271367.4049
1299,4,2,Suburb,1977,111572.6018
1350,3,1,Rural,2019,206478.4767
1186,5,2,Rural,1967,222658.7467
2370,5,1,Urban,1990,240263.5385
1622,4,2,Suburb,2000,278292.819
2432,3,2,Urban,1997,272531.4495
2782,5,1,Suburb,1975,319121.0147
1070,5,2,Rural,1954,121529.4157
2844,5,1,Urban,2014,218815.6024
2967,4,2,Urban,2000,314471.0673
2350,3,1,Urban,2019,250312.5173
2235,4,2,Rural,2019,235520.7572
1308,3,2,Rural,2020,94563.62815
2131,2,2,Suburb,2010,263346.2348
1176,3,3,Suburb,2019,112345.3998
1426,3,2,Rural,1959,93175.48638
1739,4,3,Urban,2013,178189.2143
1530,4,1,Rural,1992,165580.5875
2857,2,3,Suburb,1969,375838.5728
1417,4,2,Rural,2016,117434.1664
1247,3,2,Suburb,1962,81609.29319
1208,5,3,Rural,1995,73609.81489
1215,4,3,Suburb,1991,61394.09223
1712,5,3,Rural,1970,262108.8211
1437,5,2,Rural,2000,306141.2579
2792,5,1,Rural,2018,380228.4288
2641,4,3,Rural,1991,273736.5534
1310,3,1,Urban,1994,184114.6654
2806,5,3,Rural,2012,358283.6359
1382,2,3,Rural,1961,156282.7741
1980,4,3,Urban,1958,287676.0496
2294,5,1,Suburb,2007,198264.5653
1120,5,2,Rural,1966,228959.8705
1406,4,2,Rural,2017,149297.8053
1244,3,2,Rural,1954,180804.4513
1065,2,2,Suburb,1974,95875.78808
1941,5,3,Suburb,2007,209132.9046
1227,2,1,Suburb,1985,82083.61138
1881,4,3,Suburb,2018,237603.4278
1136,3,2,Rural,1992,128123.692
1193,4,2,Suburb,1961,160155.6369
1705,3,3,Suburb,1977,158829.4853
1657,5,3,Suburb,1993,235997.4013
1656,5,2,Rural,1954,166187.5614
2512,5,3,Urban,1977,325027.0497
2607,3,2,Rural,1993,284110.6869
2377,4,1,Urban,1991,311701.6351
1929,5,1,Urban,1975,210325.0317
2988,3,3,Urban,1995,260018.561
2727,5,1,Urban,1998,277894.0228
1555,4,2,Suburb,1963,171357.6485
2180,2,2,Suburb,1984,222632.8785
1957,2,1,Urban,1983,128847.5649
2499,4,2,Suburb,1992,261054.5151
2039,5,1,Rural,1989,143583.2166
2101,5,3,Rural,2014,256466.1618
1051,2,2,Suburb,2016,85698.11093
1513,2,1,Rural,1993,151230.72
2527,2,3,Urban,2008,281622.7968
1743,2,3,Urban,1950,227269.9951
2084,3,1,Suburb,2016,273072.1999
2155,4,3,Urban,1983,207973.5798
2405,5,3,Urban,1987,243437.4125
2587,5,1,Suburb,1968,264784.4983
2832,4,3,Suburb,1960,274807.2035
1691,5,2,Urban,2019,201836.0073
1542,5,2,Rural,1983,168060.4514
1409,2,1,Suburb,1999,216229.3859
1154,5,3,Suburb,1994,249179.5555
1632,4,1,Suburb,1970,154501.011
1050,4,3,Suburb,2006,125832.9355
2023,4,3,Rural,1977,230835.2165
1993,5,1,Rural,1964,228644.2413
2118,3,2,Suburb,1954,175949.12
2711,2,3,Suburb,1992,341527.1112
2546,4,3,Urban,1953,274849.4035
2927,3,2,Suburb,2004,423487.5672
1523,5,2,Suburb,1997,183526.7354
1354,2,3,Urban,1990,144554.9685
2068,3,3,Rural,1984,273240.4277
1801,5,3,Urban,2000,303295.4588
2228,5,2,Suburb,2019,253266.3514
2754,3,3,Rural,1962,324573.2703
1839,3,3,Suburb,1983,165367.0829
2454,4,3,Rural,1955,233977.6687
1255,2,2,Urban,1988,118462.338
1247,2,3,Urban,2011,165491.4
1532,4,2,Suburb,2018,261545.397
1040,2,1,Suburb,1954,38152.00706
2482,2,3,Urban,1975,245568.2094
1789,5,1,Suburb,1976,269262.8391
2300,3,2,Rural,1997,326611.5161
2947,4,3,Urban,2020,381917.1317
1194,3,2,Urban,1969,141157.5803
2094,2,2,Urban,2009,268347.0546
2293,2,3,Urban,1985,201018.5956
2358,4,3,Rural,1973,285478.3142
2608,3,2,Urban,1979,216993.7809
1307,5,1,Suburb,1995,149498.871
2450,3,3,Rural,2019,199752.8183
2222,3,2,Rural,1984,346614.8834
1075,4,3,Rural,2020,136036.3391
1786,5,3,Suburb,2005,274353.15
1794,3,2,Suburb,2003,65360.74003
2681,3,2,Suburb,1954,287470.7244
2548,2,1,Urban,1980,298871.6373
2898,2,3,Rural,1957,385857.301
2664,5,1,Suburb,1969,341329.5724
1229,3,1,Rural,1960,154554.5823
1084,3,1,Urban,1978,37908.56299
2185,2,1,Rural,1977,217255.91
1396,5,1,Rural,1967,180701.961
2900,4,1,Urban,2005,309680.3763
2394,2,1,Rural,1997,253319.6037
2586,3,2,Suburb,1968,251703.9493
1214,4,1,Suburb,1994,179620.2176
2024,3,2,Suburb,2014,258504.3631
1376,3,2,Rural,1985,223837.3401
1411,3,2,Urban,2017,113130.5363
2658,5,2,Urban,1965,341526.577
1799,4,2,Suburb,1973,147673.2457
2223,3,3,Urban,1998,207353.3529
2206,5,2,Suburb,1982,366989.6255
1409,4,3,Rural,2016,132230.9543
2421,2,3,Rural,1967,211847.6785
1215,5,2,Rural,2005,174694.8016
1751,4,2,Rural,1963,226354.8685
1348,3,2,Urban,1998,120036.8069
2603,3,3,Rural,2010,249790.3447
1830,5,3,Suburb,1957,169050.2332
2617,2,1,Suburb,1959,293676.1902
1653,5,2,Urban,1959,220278.5894
2021,2,1,Suburb,1995,191142.0773
2946,2,3,Suburb,2000,278923.0369
2064,5,3,Urban,1963,258960.1418
2774,5,3,Urban,2017,280515.3609
1002,5,1,Urban,1979,129973.9235
2117,4,1,Urban,1973,267411.5366
2082,4,2,Urban,1951,293507.2683
1739,5,1,Suburb,1967,191763.1639
1406,4,2,Urban,1965,186280.1612
1017,4,2,Rural,1959,137325.0873
2517,2,1,Urban,1997,164261.9602
1750,3,1,Urban,2017,132167.9756
2895,3,2,Rural,2014,268855.8375
2531,4,1,Rural,1978,312792.1179
1585,2,2,Rural,2003,162186.0045
1887,5,3,Rural,1954,170273.927
1331,2,3,Urban,1968,167872.0204
2012,2,2,Rural,2000,105407.8932
1168,3,3,Suburb,1971,152470.9453
1775,5,1,Suburb,1957,264755.8175
2695,3,2,Urban,1985,228417.9111
1848,4,2,Rural,2012,260023.1707
2704,3,3,Rural,1968,317611.4427
1940,2,2,Suburb,1997,204379.4624
1205,5,3,Rural,2008,70134.70068
2892,5,2,Rural,1978,359203.721
1520,5,1,Suburb,2008,213675.1355
2528,3,3,Rural,1982,278874.169
2017,3,1,Suburb,2007,172573.4171
2369,3,2,Urban,2010,221055.3337
1303,4,3,Rural,1999,122214.3232
1114,3,1,Urban,1987,159607.6252
1663,4,2,Suburb,1995,218285.8971
1086,3,3,Urban,1952,65337.55615
2118,4,1,Suburb,1971,227272.2242
1742,2,3,Urban,1966,304583.0741
1427,2,2,Urban,2012,158241.8391
2721,5,1,Rural,1957,270819.3784
1449,2,2,Suburb,2015,144814.0294
2649,5,1,Rural,2018,169618.9479
1785,4,2,Suburb,2019,179428.6032
2999,5,2,Urban,1975,332031.8534
2564,2,3,Urban,1980,318680.7877
1714,4,3,Suburb,1999,90781.3592
1001,5,1,Suburb,2009,192100.3101
2101,4,1,Suburb,1978,231240.0795
2347,4,2,Suburb,2006,227650.2524
1742,2,3,Rural,1950,188059.5385
2121,4,2,Suburb,1956,271133.2144
2652,3,2,Suburb,1979,338280.9402
1109,2,1,Suburb,2000,115551.0429
1678,5,2,Urban,1999,240268.8013
2480,3,2,Rural,1954,298333.828
2511,2,3,Urban,2011,223945.9651
2832,4,2,Suburb,1957,281930.0339
2990,5,2,Rural,1979,326503.7374
1370,4,2,Urban,1988,199156.7149
2360,4,1,Rural,2005,227391.1733
1889,5,3,Urban,1960,263743.5265
1598,5,1,Suburb,1973,141907.759
2994,2,1,Suburb,2015,346630.7951
2045,2,3,Suburb,2010,163789.6109
1721,4,1,Rural,1990,264132.4478
1304,2,2,Suburb,1986,76983.95042
1923,3,1,Suburb,1989,233311.2359
2295,5,1,Urban,1972,237773.924
2513,4,2,Suburb,1998,245152.9369
1835,3,2,Rural,1951,248313.226
1445,3,1,Rural,1971,190860.0773
1931,5,1,Urban,2017,222061.8882
1277,2,2,Suburb,1956,166223.4126
2674,3,3,Urban,1983,381276.3377
2876,4,2,Suburb,2003,222949.205
1376,3,3,Urban,1954,32136.17858
1231,5,2,Urban,1979,134404.2191
2768,2,2,Suburb,2013,277415.3397
1591,2,3,Urban,1999,205882.0715
1425,4,3,Suburb,1972,180421.6432
2078,4,3,Urban,2014,242415.9686
2992,4,1,Urban,2011,277111.5959
2826,4,3,Rural,2007,324527.1112
1440,4,2,Rural,1985,214944.5525
1033,3,2,Rural,1991,140252.9491
1328,3,2,Urban,2020,160892.7263
1844,5,1,Suburb,1970,256795.3921
1453,2,3,Urban,1967,160153.9133
2411,3,3,Rural,2020,257857.7226
1763,4,1,Urban,1989,241175.1128
2453,5,3,Suburb,1993,283352.659
2499,4,2,Urban,2002,268297.5559
2148,2,3,Urban,2000,301160.0695
1522,4,1,Urban,1988,135037.9142
1481,5,1,Suburb,2006,173490.4233
1316,5,3,Suburb,1953,117690.9358
1121,5,1,Rural,1969,121785.0282
2570,2,3,Suburb,1954,299974.1244
1580,3,3,Urban,1959,173743.5821
2336,3,2,Suburb,1990,325329.7648
1486,5,3,Rural,2007,122876.1292
2674,3,3,Suburb,2019,300114.1815
2035,2,2,Rural,1972,239891.4288
1124,4,2,Suburb,2018,151028.9212
2834,2,3,Urban,1972,372866.5142
1658,3,2,Urban,1996,235358.3457
2100,2,1,Urban,1959,149540.3405
1579,4,3,Suburb,1954,244999.991
1717,2,1,Urban,2003,210843.0012
2259,3,3,Urban,1975,267688.5734
2594,4,2,Suburb,2011,247917.7679
1769,3,2,Rural,1978,182022.0589
2277,4,2,Rural,1965,246214.1821
1903,5,3,Urban,1970,192692.8066
1405,4,1,Urban,1956,132183.4564
2266,3,3,Rural,1999,252552.666
2484,5,1,Urban,1970,299688.7041
1276,5,2,Rural,1985,260361.2884
2492,3,1,Urban,1985,271553.0215
2243,3,3,Urban,1962,361377.8383
2248,2,3,Urban,2020,248965.3254
1924,3,2,Suburb,1981,203957.4548
2124,4,3,Rural,2003,235544.9631
1853,5,1,Suburb,1987,147940.4646
2657,2,1,Urban,1963,261478.596
2753,2,2,Rural,1960,290417.3368
1506,2,2,Suburb,1981,210388.1698
2610,5,1,Rural,2011,209246.4743
2354,2,1,Urban,2014,299153.4674
1236,5,3,Urban,1988,241691.5086
1993,5,1,Urban,1973,206103.0444
2362,2,3,Suburb,1990,176149.1531
1751,5,3,Urban,1991,122126.5105
1505,2,3,Urban,2018,81942.11855
1164,3,3,Rural,2017,184214.4975
1845,4,2,Urban,2017,224274.6643
2692,3,3,Suburb,2014,302311.4086
2746,4,3,Rural,2011,243721.0664
2956,5,3,Urban,2007,372607.1717
2812,5,3,Suburb,1972,282867.7381
1727,2,1,Rural,1960,174990.0686
2241,3,1,Urban,1955,293711.3363
2768,3,1,Suburb,1996,312889.3733
1375,5,3,Rural,1977,151464.6356
2035,3,2,Urban,2015,196017.5194
2455,4,2,Suburb,1973,286735.1148
1082,5,3,Urban,2020,225605.3289
1430,2,2,Rural,1991,217058.1333
2648,2,1,Urban,1961,258054.4726
1477,5,1,Suburb,1960,118479.4489
1782,5,2,Urban,2003,299249.1234
2730,2,2,Suburb,1999,333672.0817
1368,4,3,Rural,1978,219083.9004
2676,3,1,Urban,2009,306924.838
1954,5,2,Urban,2003,221734.5128
2992,5,2,Suburb,1952,343272.9039
2659,4,3,Rural,1973,293191.6444
1140,2,1,Urban,2004,133979.5358
1719,5,2,Suburb,1998,225746.6312
2650,4,3,Suburb,2012,335722.0805
2741,5,3,Suburb,1989,310048.4909
2479,4,2,Urban,2010,249705.235
2525,4,3,Rural,1964,274818.1274
2426,2,1,Rural,1953,254866.113
2976,3,1,Urban,1990,278433.2665
2015,2,2,Rural,1957,179130.8112
1287,4,1,Urban,1965,111559.9168
1354,3,1,Suburb,2020,263734.1726
1342,3,1,Suburb,1968,184269.2341
1148,2,2,Urban,1966,143779.1456
1209,2,1,Urban,1979,144165.7571
2135,5,3,Suburb,1987,333191.468
1653,3,1,Suburb,1964,107188.4496
1975,4,1,Suburb,1986,241155.2852
1535,5,1,Rural,1973,205625.0284
2072,5,2,Rural,1952,174647.8925
2823,5,2,Urban,1951,377312.5615
1330,5,3,Urban,1957,178155.6328
1364,2,1,Urban,1993,134477.8023
1010,3,1,Suburb,1963,65572.94681
2211,5,1,Urban,1998,233814.5816
1508,3,1,Suburb,1959,181651.5726
1579,4,3,Urban,2016,216364.7602
2468,3,3,Suburb,1965,244187.3489
2113,2,1,Rural,1974,304197.249
1621,3,1,Suburb,1976,216334.2205
1900,4,3,Suburb,2014,255320.1144
2699,4,1,Rural,2010,319870.2202
2471,5,1,Urban,2010,238909.1095
1717,4,1,Rural,1991,78476.93189
2055,5,2,Suburb,1968,246039.6967
1326,2,1,Urban,1974,93482.13696
1073,2,2,Urban,1962,143580.3834
1250,2,1,Urban,1995,180900.4169
1449,3,1,Suburb,1977,60123.26761
1905,4,2,Urban,1960,221789.1763
1354,4,2,Urban,2008,202668.8524
1532,4,2,Rural,2014,271308.8691
1295,5,2,Rural,2005,176843.6934
1297,5,3,Urban,1958,210612.018
2351,2,2,Urban,2009,227199.4254
1301,4,3,Rural,1995,284844.5019
1511,3,1,Rural,1971,131683.4951
2361,3,1,Urban,1981,127768.6637
1584,2,3,Suburb,1990,218843.5745
1373,5,1,Suburb,1991,156503.787
2576,5,1,Rural,2002,373642.2265
2117,5,3,Suburb,1976,184549.7644
1131,2,1,Suburb,2008,96989.77071
2634,2,2,Suburb,1962,296462.1037
1909,4,2,Suburb,1992,257529.0929
2933,4,2,Suburb,1960,343853.7298
1052,4,3,Urban,1959,136076.1567
2519,3,1,Urban,2000,289934.5054
1228,3,2,Suburb,2002,81293.73135
1639,4,3,Rural,1968,147825.3579
2235,3,3,Suburb,2001,119082.9336
1796,3,2,Rural,2010,217954.1028
1790,5,1,Suburb,2012,167509.0287
2527,5,1,Urban,2012,215898.4105
1494,2,3,Urban,2017,40561.05729
1852,5,3,Rural,2003,226390.4188
1670,4,3,Rural,1999,130603.743
2887,5,2,Rural,2021,231082.8564
2256,3,1,Suburb,2020,211394.9318
2094,3,2,Suburb,1983,259041.4643
2740,4,1,Rural,2006,387959.9838
1188,4,3,Rural,1982,148743.4291
1662,5,1,Rural,2008,216148.8156
1007,5,2,Urban,2014,161247.81
1331,5,3,Suburb,1990,187350.4027
2635,2,1,Rural,1989,295556.4627
2039,2,2,Urban,1952,242474.7973
1665,4,3,Rural,1955,227452.2181
1668,5,1,Urban,2017,121302.5802
2116,3,1,Rural,1967,244708.5991
2285,2,2,Urban,1993,268180.3034
2572,4,3,Urban,1963,280766.0579
1160,2,1,Urban,1976,89312.54338
1350,5,3,Suburb,1977,125385.6706
2197,3,3,Suburb,1955,166453.5946
1316,3,2,Urban,1986,64505.70084
1936,4,3,Suburb,1984,293057.064
1017,2,3,Rural,1995,215542.2107
1485,5,1,Suburb,1955,108700.1485
1366,5,2,Rural,1979,183575.7292
1350,3,3,Urban,2003,176433.2042
1527,3,2,Rural,1971,201536.4443
1871,5,3,Rural,1986,220033.3865
2458,5,1,Rural,1963,344313.0361
1932,2,1,Suburb,1991,221107.367
1269,4,2,Rural,1955,214064.7501
1870,2,2,Rural,1951,220772.0299
2091,2,3,Suburb,1998,193227.2656
2053,5,3,Urban,1983,270659.8193
1315,2,1,Rural,1966,42645.30912
2844,2,1,Rural,2013,357102.2685
1736,2,1,Suburb,1953,205888.9919
1163,3,1,Urban,1992,121817.2348
1925,4,3,Rural,1976,181121.2956
1319,4,3,Urban,2014,183476.4775
2037,3,3,Rural,1972,183457.0875
1278,5,1,Urban,1972,107153.857
1431,5,3,Rural,1971,112326.2745
1667,4,2,Suburb,2018,156259.6507
1633,4,1,Suburb,2018,188420.8524
2286,5,3,Suburb,1969,353561.4295
2705,2,3,Suburb,1997,237190.7292
1521,4,1,Urban,2008,358406.6429
1963,2,3,Urban,1966,253088.2695
2195,4,2,Urban,2006,217686.591
1357,3,2,Urban,2013,186941.8928
2036,4,1,Suburb,1995,245510.2432
1724,3,3,Rural,1987,154269.6591
1672,2,2,Urban,1953,173676.2696
1231,5,3,Rural,1981,216242.2451
2499,2,2,Suburb,1998,271270.0873
1470,2,2,Urban,1980,144737.7234
2183,2,2,Urban,2015,246977.4754
1638,3,1,Urban,1982,271610.8538
1559,4,3,Rural,2020,140009.4319
2284,5,1,Suburb,1970,273092.1826
1572,2,2,Rural,1969,115886.836
2657,2,1,Suburb,1964,180647.8894
1601,2,1,Rural,1973,203147.2327
2382,3,3,Urban,1959,322801.0255
1254,3,1,Urban,2021,236658.6275
1601,3,3,Urban,2003,230314.5077
2538,4,2,Urban,1971,277750.047
1279,4,1,Suburb,1980,94258.48219
1116,2,2,Rural,1963,151656.4543
1609,5,2,Suburb,1967,199014.0943
2185,3,1,Rural,2010,224637.3627
1851,4,2,Suburb,1956,222287.8919
2910,4,1,Urban,1963,310002.6156
1297,5,3,Urban,2001,234922.5466
1915,3,2,Urban,1997,166307.4617
2320,4,3,Rural,2020,323958.14
2617,5,2,Suburb,1971,262420.3994
2381,5,3,Suburb,2015,366964.181
2683,3,2,Urban,1990,312597.3122
1517,3,3,Urban,1968,291464.8103
1377,3,2,Rural,1992,135486.4391
2720,2,1,Suburb,2021,270711.9606
1425,4,2,Rural,1986,191841.0777
2787,5,2,Urban,1973,394465.0955
1536,2,1,Rural,2008,280415.7101
1552,3,3,Suburb,1979,164740.8528
1168,4,3,Rural,2009,175741.2581
1514,4,2,Rural,2003,182604.233
2387,2,2,Rural,2013,194204.8304
2706,5,1,Rural,1953,321450.8096
1429,2,1,Rural,2010,158737.6537
1568,4,1,Urban,2015,295526.66
1082,5,3,Suburb,1979,118136.1491
1329,2,1,Urban,1980,187343.3582
1690,2,2,Urban,2005,239391.3203
2156,3,1,Rural,1972,227838.6274
2621,4,1,Suburb,2006,294309.2663
1456,3,2,Suburb,1996,169706.3411
1352,3,3,Urban,1959,212024.425
2806,5,3,Urban,1984,345308.8851
1343,5,1,Suburb,1994,119301.6863
2117,4,1,Rural,1952,213021.4
2405,5,2,Urban,1963,284653.0934
2891,4,3,Urban,1950,395175.9192
1761,5,1,Suburb,1993,199688.219
2318,3,1,Rural,1952,200481.5461
1197,4,1,Rural,1971,220029.7512
1078,3,2,Rural,1975,194399.7793
1677,5,1,Rural,1979,225355.2458
1550,3,2,Rural,1983,157313.421
1819,5,3,Suburb,1963,326895.2906
1213,2,2,Urban,2011,198187.1478
2666,3,3,Urban,1969,264612.759
1668,4,2,Rural,1982,249563.6586
1988,3,1,Suburb,1971,165290.9681
1893,3,1,Urban,2018,221296.6655
1158,4,3,Suburb,1990,239534.5786
2857,4,1,Rural,1961,340966.9328
1738,2,1,Rural,2000,212100.1273
1556,5,1,Urban,1954,190552.8132
1200,5,3,Rural,2020,112445.9562
1021,4,2,Rural,1987,163396.9499
2362,3,2,Suburb,2013,225221.4061
2265,5,3,Urban,2019,314206.2318
2764,4,3,Rural,2012,296736.7915
2929,4,1,Suburb,1981,274647.5092
2261,2,2,Urban,1960,259430.8392
2172,3,3,Rural,1973,212381.8457
1784,2,2,Urban,1984,122892.2601
2602,2,3,Rural,1955,205867.7416
1006,3,3,Rural,1987,44241.23213
2256,4,1,Rural,2001,244064.8244
2892,3,2,Suburb,2021,355766.7994
1803,2,2,Suburb,1999,182749.8996
1767,2,3,Suburb,1951,167057.2995
1578,3,3,Rural,1994,83125.30886
2785,2,3,Rural,2003,259240.4858
2100,4,3,Urban,2019,218147.9556
1488,4,1,Suburb,2015,97546.8959
1925,3,1,Rural,2009,200736.6461
1086,3,3,Urban,1988,181074.1987
2787,4,1,Suburb,2010,250579.5394
2990,5,2,Rural,1996,237586.9746
1221,5,2,Suburb,1982,90163.30543
1412,5,3,Urban,2002,72027.9946
1583,3,1,Rural,2011,154147.1956
1201,4,1,Urban,1956,134126.8136
2952,4,3,Urban,1994,315964.9264
1570,4,1,Rural,1983,250236.9251
2299,4,2,Urban,1977,218296.2409
1220,3,2,Rural,1960,52551.65326
1156,4,2,Urban,1974,131178.7966
2204,4,2,Urban,1994,253687.628
2748,2,3,Urban,1951,288590.436
1128,2,1,Urban,1974,243901.5886
2266,2,1,Rural,1993,299807.6378
2953,2,2,Rural,1983,416485.1659
2195,3,1,Rural,1955,249321.5753
2526,5,2,Urban,2020,229579.3583
2503,2,3,Urban,2021,308017.5066
1876,2,3,Suburb,2003,232499.3457
1269,2,3,Suburb,1993,104082.3621
2444,3,2,Suburb,1989,228127.5032
1162,5,2,Suburb,1982,217568.3886
1954,4,3,Rural,2007,210331.4613
1023,2,1,Urban,1993,190815.3291
1496,5,1,Suburb,1968,88262.05717
1192,4,1,Rural,2021,184293.6024
1877,2,2,Urban,1996,232211.3588
1389,3,2,Rural,1971,177294.9232
1496,3,2,Suburb,1975,151141.2959
1963,3,1,Urban,1957,207894.5133
1805,4,3,Suburb,1991,228912.6576
1128,3,1,Urban,1962,134408.1076
2020,5,3,Suburb,1976,258939.0795
1552,4,3,Urban,1953,202901.4281
2566,3,2,Suburb,1996,320417.4454
2059,5,1,Suburb,1990,180324.399
2480,5,3,Urban,1980,224349.1179
1360,2,2,Suburb,2015,219978.1693
1764,2,2,Rural,1952,227170.9192
2973,5,1,Urban,2003,349657.7942
2900,2,2,Suburb,2005,222387.517
2238,2,1,Urban,1953,315910.089
1286,4,2,Rural,1951,178792.1045
1767,3,1,Rural,1990,219734.2651
1924,4,2,Rural,1988,357360.8833
1368,4,3,Rural,1975,313496.3427
2492,2,1,Rural,2016,289701.4903
1898,3,3,Rural,2002,103207.6463
2209,4,1,Suburb,1969,228608.3931
2497,4,1,Rural,1965,254380.0047
2084,4,1,Urban,1980,227088.6024
1261,4,2,Urban,1995,196010.1577
1787,3,3,Rural,1953,222117.1618
1110,2,2,Suburb,1979,164881.7722
2852,5,1,Suburb,1958,361114.8081
1941,2,3,Urban,1964,247899.5149
1140,5,3,Suburb,1966,210819.4371
1744,4,1,Rural,1990,290097.7408
1534,5,2,Urban,1997,161237.1173
1078,3,3,Suburb,1960,137176.1479
2517,3,3,Rural,1958,240405.5167
2054,4,3,Rural,1979,248115.2037
2539,3,2,Urban,1984,291009.4567
1508,4,3,Suburb,2016,176664.1327
1970,5,1,Rural,1986,152600.9197
2653,2,2,Urban,2009,242100.8755
1065,2,1,Urban,2014,115794.5511
2533,5,3,Urban,1968,259332.892
2935,2,1,Urban,1950,256069.4648
2394,4,1,Rural,1986,249769.3562
1286,5,2,Suburb,1964,284732.1585
2199,4,2,Urban,2005,247411.6395
1122,2,2,Rural,1954,72590.67848
2254,4,3,Rural,1964,310765.8979
1554,3,2,Rural,1988,93460.18962
2003,2,2,Suburb,2000,244463.9154
1003,3,1,Suburb,1950,79561.86827
2725,3,1,Suburb,1961,376581.0152
2839,5,1,Suburb,1985,385401.4698
1411,5,2,Suburb,2009,194025.5437
1249,4,2,Urban,1953,206795.3474
2679,4,3,Suburb,1971,275429.0921
2510,2,1,Urban,1982,362121.5994
2368,4,3,Urban,1952,358083.1217
2917,4,2,Rural,1996,311084.6179
2356,5,3,Urban,1954,230957.9952
1452,5,2,Urban,1996,75564.67932
1157,3,2,Suburb,2003,162688.4698
2600,4,3,Suburb,1956,240335.6535
1836,5,1,Suburb,1957,257286.4115
2013,2,3,Suburb,1971,240982.2639
2293,4,1,Suburb,1967,158224.4242
2610,2,1,Urban,1957,321714.8355
2441,3,2,Rural,1963,214327.0981
2463,3,3,Suburb,2017,265836.0647
2052,5,1,Suburb,1966,284053.0143
1977,5,2,Suburb,1995,326954.9667
1334,3,1,Urban,1990,210821.5614
2261,2,1,Urban,1956,261234.9094
1152,3,1,Rural,2016,100009.5866
2629,3,2,Suburb,1970,308019.628
1748,5,1,Urban,1979,253929.2778
1833,4,2,Suburb,1971,180191.2202
2138,5,2,Urban,1968,202075.7705
1807,5,1,Urban,1977,167454.2421
2754,2,1,Suburb,1952,282545.5107
1757,3,2,Urban,2005,210203.1777
2422,4,1,Suburb,1981,261159.5596
2055,4,3,Rural,1963,243779.4669
1531,5,1,Suburb,1996,118407.2793
1052,5,1,Suburb,2010,115078.7414
1717,3,3,Rural,1960,195511.7272
2754,2,2,Rural,2019,270094.1464
2218,3,2,Suburb,2003,240429.3537
2328,4,2,Urban,1958,199062.0187
2730,2,2,Suburb,2005,246596.9142
2996,5,3,Rural,1999,224184.1414
1344,5,2,Suburb,2011,127687.5958
2105,4,3,Rural,1961,286440.4476
1000,3,3,Urban,2020,99190.55539
1166,2,1,Suburb,2020,157828.9332
1316,3,2,Urban,1976,118807.268
2206,3,2,Rural,2010,356900.4296
1964,3,1,Suburb,2006,237298.7144
1897,5,1,Rural,2008,350418.8234
2885,4,2,Rural,1966,322511.3443
1272,2,3,Suburb,1954,164448.7862
2692,2,2,Urban,1950,306962.0227
1372,4,1,Suburb,1995,89460.78147
2385,2,2,Rural,2021,309429.121
1899,2,2,Suburb,1951,255740.3782
1200,3,2,Rural,2011,225564.0997
2215,3,3,Suburb,1954,238390.9277
2364,4,3,Urban,1978,277934.6592
2322,2,1,Suburb,1967,249927.6208
2529,4,3,Urban,1966,337569.6513
2611,4,3,Urban,2012,230091.5383
1139,4,1,Suburb,1999,84111.97943
1305,4,3,Rural,2014,224431.2652
2219,3,1,Urban,2000,244354.9424
2084,5,1,Urban,2007,162429.9741
2992,4,3,Suburb,1953,313745.0819
1359,2,2,Urban,1976,156580.1805
1306,5,3,Rural,1996,161134.4057
2503,3,2,Urban,1988,271010.6661
1332,5,3,Rural,1952,200896.4257
2889,5,3,Suburb,1963,282591.0188
2106,3,3,Suburb,2014,264418.7394
1333,4,2,Urban,2000,166740.1804
1516,5,2,Urban,1990,117385.5162
1730,3,1,Urban,1965,161123.592
1923,3,2,Suburb,1990,242449.6644
1765,5,2,Suburb,2011,194599.6485
2497,3,2,Rural,1989,268173.6401
2417,5,3,Rural,1999,281709.6903
2623,5,2,Urban,1994,303399.0695
2744,3,3,Suburb,1999,369726.8489
2715,3,3,Urban,1993,362982.5531
2743,3,3,Suburb,1992,231025.3169
1784,5,3,Urban,2020,241695.4749
2600,2,2,Suburb,1962,300139.4361
2403,3,3,Rural,1965,249257.5454
1020,3,2,Urban,1975,64407.61242
2973,4,1,Rural,1988,329479.9121
1878,3,1,Urban,2009,171547.1973
1176,5,3,Urban,1976,40978.40631
2386,3,1,Urban,2000,421020.0714
1021,4,1,Urban,2019,110526.8381
1836,2,1,Suburb,2000,103719.1539
1959,2,3,Suburb,2005,172776.2743
1547,3,1,Suburb,1950,194467.3034
1249,2,3,Rural,2012,117466.626
1660,5,2,Suburb,1963,243122.7775
1951,2,1,Rural,1969,317089.111
2096,5,3,Rural,1997,319770.7598
2114,2,2,Suburb,2017,282514.689
2199,2,1,Urban,2002,180340.7847
1125,5,1,Rural,2006,191480.3959
2227,5,3,Urban,1981,305967.6401
2937,3,1,Urban,2013,320269.9557
2269,5,1,Rural,1964,183051.1128
1610,3,3,Urban,2019,127798.8787
2294,4,2,Suburb,1956,273164.1541
2009,5,2,Urban,1969,195214.982
1043,3,1,Suburb,1965,98037.64041
2757,3,3,Rural,2005,283963.5952
2964,2,2,Urban,1971,298710.4279
2632,5,2,Rural,2020,324657.457
1547,2,2,Suburb,1995,171303.1181
2191,3,2,Rural,1959,224739.5664
1434,5,3,Suburb,1971,139641.4745
2053,3,2,Suburb,1981,177232.0625
1793,2,2,Urban,2011,193688.506
2620,3,2,Rural,2007,241018.548
1356,3,1,Suburb,1966,168547.8921
2514,2,2,Urban,2010,228561.928
2656,5,1,Urban,2015,323927.3537
2822,2,2,Rural,2004,277125.1949
2271,5,3,Urban,1990,241584.8296
2719,5,3,Rural,1995,267013.7121
1252,4,3,Suburb,1998,111303.4249
2980,3,1,Suburb,1956,323465.8608
1784,5,1,Rural,2014,257328.2394
1720,5,2,Urban,1959,308132.3857
2889,2,3,Suburb,1997,312633.6376
2405,5,2,Rural,1998,274613.9756
2559,5,2,Suburb,1954,260576.42
2657,2,3,Rural,2007,312366.3008
1736,5,2,Suburb,1981,229587.5078
1899,3,1,Urban,1968,176515.4343
2928,3,1,Rural,1951,330939.7769
2921,2,3,Suburb,1980,236424.5801
2442,5,3,Rural,1958,321935.878
1122,3,3,Suburb,2017,137419.4417
2317,4,3,Rural,2018,219852.2755
1684,2,2,Urban,2011,180172.3151
1142,2,2,Urban,2017,141364.1716
2002,3,3,Suburb,2007,303366.4151
1937,2,3,Suburb,1984,287669.2168
2922,5,2,Suburb,1988,327826.4696
1510,3,2,Rural,1952,220279.5279
2950,4,1,Urban,1976,197667.4327
2971,5,2,Rural,2014,357711.1817
2704,4,3,Suburb,1957,312856.439
1056,4,3,Suburb,1983,129057.8163
1041,2,1,Rural,1991,49388.28862
1820,4,1,Suburb,1978,256329.2658
2654,5,1,Suburb,2012,285694.0831
2144,3,2,Urban,1974,223265.1078
2847,3,2,Urban,1997,283141.4607
2786,4,3,Suburb,1987,306647.2832
1342,4,3,Urban,1974,195073.299
1331,3,1,Rural,1963,117879.5373
2479,4,1,Suburb,2000,294776.3204
2460,5,2,Rural,1965,272271.1237
1340,4,3,Rural,2018,200058.8028
1340,4,3,Suburb,1959,228810.326
2439,5,1,Rural,2012,268533.5707
1848,3,2,Suburb,1999,256495.6239
1181,3,3,Rural,1966,216612.4376
2700,4,3,Suburb,1998,346859.143
1983,3,2,Urban,1957,214063.3564
2287,5,1,Rural,1971,250352.1324
2233,4,1,Suburb,1955,241436.2704
1522,4,2,Suburb,1983,90462.74212
1181,4,2,Urban,1954,137971.9635
2467,2,2,Rural,1969,239677.2126
1250,2,3,Urban,1963,122199.6776
1137,5,2,Rural,1983,111681.648
2241,4,1,Rural,1989,259655.364
1750,5,3,Urban,2007,130017.193
1453,2,2,Urban,1985,135960.6485
1882,4,2,Rural,1963,187246.9601
2872,2,2,Rural,2002,311486.3199
1086,4,1,Rural,2004,184783.34
2833,5,1,Urban,2017,396424.7482
1292,5,1,Urban,1993,151737.4945
1091,5,3,Suburb,1984,118675.8037
1207,2,1,Urban,1977,94049.30947
2227,5,2,Suburb,1953,320689.9895
1185,3,1,Suburb,1987,127679.1498
2108,3,3,Urban,1984,132057.3565
2850,5,1,Rural,2019,376135.2397
2687,5,3,Urban,1982,209205.4679
1155,2,2,Urban,2018,195763.2391
1292,4,3,Suburb,1964,158869.7523
1532,2,1,Suburb,1984,78173.08822
1160,2,2,Urban,1957,155160.712
2409,5,1,Rural,2001,258704.8797
2508,3,1,Rural,1998,179460.8598
2526,3,2,Urban,1995,233400.7963
1850,3,2,Rural,2006,118283.5322
1155,2,1,Rural,2009,38325.61623
1142,3,2,Suburb,1973,66891.74399
2792,3,1,Urban,1995,366809.1791
2642,5,3,Rural,1998,364657.6241
2307,3,3,Urban,1962,108771.4829
1561,4,1,Suburb,2013,102289.7295
1034,5,3,Urban,1982,125998.8094
1223,4,1,Rural,1997,141728.7711
1667,2,2,Suburb,1962,159243.4174
1392,3,3,Urban,1994,134605.6074
1407,2,2,Suburb,1957,213238.6381
2726,2,1,Suburb,1956,181891.0302
2411,3,1,Urban,1962,252043.1626
2719,5,3,Urban,2000,243142.5045
2772,2,2,Suburb,1995,342737.1206
1296,3,1,Rural,2000,116176.8105
1322,3,1,Rural,1999,93605.28072
2839,4,2,Suburb,1950,413786.1093
2877,2,2,Suburb,1985,331072.8339
2511,2,1,Suburb,1995,308014.6279
2593,3,2,Urban,1984,261441.3171
1038,4,3,Rural,2015,87125.75359
1504,5,2,Urban,1966,209864.8303
2526,4,3,Urban,1966,285030.752
1752,2,2,Suburb,1965,102283.0838
2560,4,1,Rural,1954,323562.8436
2339,2,1,Suburb,1958,226544.1519
2519,5,2,Rural,1990,238005.08
2140,2,2,Urban,1996,233106.1942
2365,5,1,Urban,2007,292411.8435
2905,5,2,Suburb,2007,318816.6876
1239,5,1,Rural,2001,236345.2314
1686,4,1,Suburb,2003,182688.3092
2468,5,1,Urban,1989,212573.8588
2875,3,3,Suburb,1986,306306.3183
1739,2,3,Urban,2001,109975.302
1996,2,3,Urban,1965,259367.9463
1486,2,1,Rural,1971,106948.591
1764,2,1,Suburb,1976,191963.27
2434,5,2,Suburb,1956,273240.4878
2915,4,3,Urban,1987,261810.0468
1622,4,1,Urban,1999,229518.6197
2776,4,2,Suburb,1989,248750.7821
1735,4,2,Rural,1995,247472.1747
1297,2,3,Rural,1982,127453.4028
2075,3,3,Urban,2008,255326.6922
1732,3,3,Rural,1997,160093.4522
2000,4,1,Urban,1964,193984.2421
1303,2,1,Urban,1952,143882.8848
2311,5,3,Rural,1954,239634.7563
1663,4,2,Urban,2011,192850.0028
1898,5,1,Rural,1970,321406.1604
2141,5,1,Rural,1998,237708.0567
2946,5,3,Rural,1975,357233.6892
2992,3,1,Suburb,1988,321309.4589
2447,4,3,Rural,2010,224410.0481
1790,2,1,Suburb,1953,81537.08849
1646,2,2,Suburb,1984,233113.1665
1208,2,1,Suburb,1968,157336.4994
2150,4,3,Suburb,2018,225916.8353
2316,3,2,Rural,1955,203343.6202
1518,5,2,Suburb,2008,151929.454
2245,2,3,Suburb,2008,300016.6682
1076,3,2,Urban,1964,163909.399
1337,5,1,Urban,1955,12396.06458
1862,5,2,Suburb,1994,273213.7064
2813,3,2,Suburb,1971,270325.2408
2869,4,2,Rural,1953,370882.9505
2873,4,1,Rural,1964,253834.0004
2762,3,2,Urban,2013,346308.2685
1912,5,1,Rural,1972,203643.5251
2298,2,2,Urban,1951,201976.8822
2886,2,3,Rural,1954,284151.6465
1806,4,1,Rural,2003,211911.3711
2140,2,1,Suburb,1999,225713.3847
2315,5,1,Urban,2017,243951.5224
2294,3,2,Rural,2018,274507.3247
2470,5,1,Rural,2017,309049.1353
2180,2,3,Urban,2008,235747.0168
1571,5,3,Rural,1958,250923.8163
2207,4,2,Urban,2012,330134.9205
1423,3,1,Suburb,1978,125572.5623
2679,3,2,Urban,1951,292752.3823
1672,2,3,Urban,1977,161456.3904
2624,2,2,Suburb,1963,253667.2533
2039,5,3,Urban,2003,266555.3281
1925,5,3,Urban,2007,224047.2888
2784,3,2,Rural,2014,280235.626
1097,4,3,Urban,1986,125713.4509
2985,4,3,Rural,1990,360298.6005
2639,2,3,Rural,2003,225416.8745
1299,4,1,Suburb,1995,123712.127
1746,3,3,Rural,1966,211844.7111
2445,4,2,Urban,1965,312013.7261
2330,3,1,Suburb,2011,241598.4561
2979,2,1,Suburb,1992,293674.6847
1273,5,2,Urban,2016,286708.0462
1260,4,3,Suburb,1995,149632.7466
2262,3,2,Suburb,2018,191444.7166
1935,2,2,Urban,1966,231399.0093
2797,3,3,Urban,1958,296972.5421
1331,4,3,Rural,1991,82262.15685
1114,3,1,Urban,2003,93167.6473
1267,2,1,Rural,1987,215404.3451
1011,2,3,Urban,1996,167087.423
1072,5,3,Urban,2002,159884.1715
2015,5,2,Suburb,1992,253541.0312
1873,4,3,Urban,1960,181970.3738
1405,2,3,Suburb,1962,189506.2362
2840,4,3,Urban,1977,274916.1005
1177,2,3,Urban,1993,107350.8516
2999,4,3,Urban,1955,376588.8531
1771,2,2,Suburb,1966,169294.4817
1945,4,3,Rural,1957,349159.3295
2282,3,2,Suburb,1976,239716.2784
1399,5,2,Rural,1998,158821.394
1269,3,1,Suburb,1968,235897.4177
2855,5,2,Urban,1957,297400.6465
2655,4,1,Suburb,1980,245434.2211
2704,2,3,Rural,2000,393291.4331
1485,2,1,Urban,2015,229644.9038
2603,4,3,Rural,1987,326795.6772
1058,2,3,Rural,2005,84006.62834
1641,4,1,Urban,1977,178176.6979
1886,3,2,Suburb,1971,188546.4287
1265,4,3,Urban,1963,172497.9352
1074,2,1,Rural,1953,147023.6882
2113,2,2,Rural,1990,199462.7569
1504,4,2,Suburb,1959,132797.6871
1356,4,3,Rural,2012,108983.785
1153,4,2,Suburb,1979,115046.3518
2923,4,2,Rural,1972,310955.6365
2241,5,3,Rural,2018,306722.2057
1485,5,2,Urban,1956,180188.7653
2563,3,1,Suburb,1988,280523.3536
2153,5,2,Rural,2001,205441.7423
1065,2,1,Urban,2008,136669.5013
2167,5,2,Rural,1973,273515.9797
1379,5,3,Suburb,1963,199361.8142
2336,2,2,Suburb,1989,209983.273
1406,5,1,Urban,1950,179221.2162
2430,4,2,Suburb,1991,293513.3173
2996,5,3,Suburb,1969,301026.3203
1276,5,2,Rural,2001,170739.8028
1614,5,2,Rural,1961,115856.0518
2432,4,1,Urban,1958,247115.71
1313,4,2,Suburb,1981,110592.3963
1548,3,1,Suburb,1964,130555.1473
2272,3,3,Urban,1958,290450.939
2968,4,2,Rural,1953,404504.7665
1460,2,3,Suburb,1990,143167.5513
1398,3,3,Suburb,1973,115283.825
2691,5,1,Rural,1978,261539.0835
1450,5,2,Rural,2016,223776.8795
1470,5,1,Urban,2002,205502.6206
2667,2,1,Rural,1963,330239.3187
2582,3,1,Suburb,1959,271357.7535
2457,4,2,Urban,1963,313252.6479
1955,4,1,Rural,2019,182542.9209
2469,2,3,Urban,1959,311387.1224
1706,4,2,Rural,1955,230524.0485
1102,2,3,Suburb,1986,86047.37076
1327,4,1,Suburb,1961,130968.9717
2706,4,1,Urban,2005,281649.7982
1600,2,3,Urban,1976,211086.3889
1245,4,3,Urban,2016,151767.8932
2081,3,1,Urban,1977,218715.285
1104,4,2,Rural,2011,75598.22828
1691,5,2,Urban,1986,228012.394
1971,2,1,Rural,2001,195215.3994
2092,4,1,Urban,1967,203807.07
1992,3,3,Rural,1962,181053.0688
2325,4,3,Rural,1957,270205.6329
1152,4,1,Urban,2019,192773.9924
2560,5,1,Urban,1998,207706.9742
2912,3,1,Rural,1955,276367.818
2058,4,3,Rural,1959,202561.0309
1956,4,1,Suburb,1965,300427.4711
2038,5,1,Rural,1975,244770.547
2129,2,3,Urban,1982,241963.6668
1729,2,3,Suburb,1982,176885.5597
2919,2,2,Rural,1961,343240.066
1073,5,3,Suburb,2009,43005.00886
1855,2,2,Urban,1968,129364.127
2954,3,2,Urban,2004,273599.3722
1284,2,1,Rural,2015,166344.3527
2573,2,1,Urban,1976,323647.1779
2220,4,3,Suburb,2002,259301.3249
1279,3,1,Suburb,1968,70008.81296
1786,5,3,Rural,1970,218299.8652
1685,3,1,Rural,1977,151093.6817
2840,2,2,Urban,1951,335702.7469
2579,4,2,Suburb,1980,331627.0655
1968,5,1,Suburb,1979,285757.7917
2689,3,3,Rural,2010,306599.5238
2176,3,2,Urban,1971,228323.8088
1290,2,1,Rural,1999,44579.54252
1931,2,3,Suburb,1977,174422.6127
2165,5,1,Urban,1974,169201.7656
1767,2,3,Suburb,2011,79218.45007
1311,4,3,Urban,1995,174004.3367
1645,5,2,Suburb,1970,172494.5639
2055,2,1,Rural,1962,250077.8408
1025,5,2,Urban,2020,136115.7449
2934,3,2,Rural,1980,246377.3934
1254,5,2,Urban,1993,199793.4119
2968,3,3,Rural,2013,321853.8899
2758,5,2,Rural,1996,359346.5578
2079,2,2,Urban,2019,235732.7608
1292,3,1,Rural,1967,163639.7043
1636,5,2,Urban,1974,182964.4364
1229,4,1,Suburb,2013,87169.71246
1052,2,2,Urban,1956,217309.9072
1953,5,3,Suburb,1959,260513.31
1100,5,3,Suburb,1997,75583.51399
2490,3,1,Urban,1962,282207.0102
2869,3,1,Suburb,2018,250572.9778
1803,2,2,Rural,2016,128214.2147
1868,3,3,Suburb,1968,198753.0873
1266,5,3,Urban,1964,157014.898
2818,5,1,Rural,2020,273606.9737
1001,3,2,Rural,1982,123406.0009
1021,2,3,Urban,1956,110941.802
1577,4,1,Urban,1980,137418.0169
1211,5,2,Suburb,2014,121617.0188
2259,5,1,Rural,1962,163399.8057
2903,3,2,Suburb,2000,327937.1421
1528,4,3,Urban,1974,218573.3772
1387,5,1,Suburb,1953,156145.4741
1013,4,3,Rural,2018,23805.502
1518,4,1,Suburb,1956,189791.5452
2870,5,1,Urban,1951,251379.915
2245,4,3,Urban,2005,240008.0624
2935,4,1,Urban,2005,314594.7064
1615,3,2,Suburb,1989,174219.3276
1961,3,2,Suburb,1958,176601.9944
1402,4,2,Suburb,1962,187531.5021
2536,2,1,Urban,2013,253405.948
1286,4,1,Urban,1963,92340.07941
1383,5,1,Rural,2003,130280.6111
2270,2,3,Urban,2015,172688.7502
2923,3,1,Suburb,1957,313250.2555
2114,2,1,Rural,2013,147127.1374
1825,3,3,Suburb,2016,229519.8978
1311,2,1,Urban,1955,34922.68595
2460,4,3,Rural,1988,256332.0318
1725,3,3,Suburb,2020,164110.3332
1042,5,3,Urban,1965,137912.9844
2097,2,3,Suburb,1968,257730.8139
1753,4,3,Suburb,2010,183611.2545
1992,2,2,Suburb,2000,137423.0652
2584,2,2,Rural,1968,277035.7961
2903,5,1,Suburb,2003,349553.6363
1875,2,1,Rural,2015,221253.6494
2339,5,1,Suburb,1967,206886.2174
1733,3,1,Suburb,1956,208695.5375
2885,5,1,Rural,1984,353105.1894
1143,5,3,Urban,1964,167404.2378
2352,3,2,Rural,2000,308486.2995
1208,5,2,Suburb,1971,253809.293
2122,4,2,Urban,1983,150751.8952
1699,2,3,Suburb,1959,223613.3901
1113,5,2,Rural,1979,155343.6765
1174,2,3,Urban,1998,72662.68413
1270,5,2,Rural,1981,243485.3503
1062,3,3,Rural,1979,137880.2139
2007,3,1,Suburb,2015,344737.6716
1795,2,1,Suburb,2010,177904.8242
2427,2,3,Rural,1986,254984.8725
1224,2,3,Suburb,2019,146623.0307
2982,3,3,Rural,2019,319227.4728
1160,2,2,Rural,1982,226557.9252
2059,5,1,Urban,1951,147005.9003
1380,5,2,Urban,1964,275470.5916
2676,2,1,Rural,2017,277527.2437
1317,3,2,Urban,2018,215746.326
1707,5,2,Rural,1997,82835.34265
2686,3,3,Urban,1979,231395.9655
1455,3,1,Urban,1985,176874.1618
2292,3,2,Rural,1984,186523.1239
1343,2,3,Urban,1951,174292.4925
2063,3,3,Suburb,1966,158732.3987
2773,3,3,Rural,1988,232184.6804
1413,2,3,Suburb,1953,162800.4283
2403,4,2,Urban,1964,278217.3865
2245,5,2,Rural,1979,224371.8866
2304,2,1,Suburb,1971,240577.5768
1224,5,2,Suburb,1958,170891.5092
2480,2,3,Urban,1989,179069.1037
2177,2,1,Rural,1954,232999.9661
1279,2,1,Rural,2018,217199.8049
2376,5,2,Rural,2003,348183.4909
2062,2,1,Rural,1970,269710.0629
1728,2,2,Urban,2007,128766.8077
2779,2,3,Urban,2007,249683.8567
1620,5,3,Urban,1973,203419.8034
1974,4,2,Urban,1972,223688.8007
1572,2,3,Urban,2021,152793.385
1488,2,2,Rural,1951,159399.5141
2007,2,2,Rural,1988,214029.314
2968,2,3,Rural,1951,367093.8694
1936,2,3,Rural,1992,189253.6954
2221,4,1,Rural,2001,220367.2646
2299,3,3,Rural,2021,381055.9931
2195,3,3,Suburb,1996,204551.9378
1783,2,2,Rural,1998,88472.7556
1507,5,2,Suburb,1973,167392.2716
1404,4,3,Rural,1992,145017.7881
2294,4,1,Suburb,1951,323762.041
2958,4,2,Rural,2005,336077.3043
2577,3,2,Suburb,1975,347371.9256
2724,5,3,Suburb,1992,274316.9574
1771,3,3,Urban,1975,188723.4461
1663,4,3,Urban,1986,242445.1658
1130,3,3,Urban,1986,179412.0993
2649,3,3,Urban,1992,220262.4303
2408,2,1,Suburb,1986,232456.2186
2757,2,2,Urban,2014,317851.6643
2420,2,1,Suburb,2013,186630.0845
2589,4,1,Rural,1998,289708.8565
2873,2,3,Rural,1969,188035.7217
2319,4,2,Suburb,2010,193233.6554
2406,2,3,Urban,2008,292006.4262
2535,4,1,Rural,2017,250913.6418
2418,3,2,Rural,1991,238027.632
2577,5,2,Urban,1983,291448.6884
2628,4,3,Suburb,1963,310644.1225
2283,3,1,Suburb,2002,222808.9307
1280,2,3,Urban,1963,216366.8396
2379,3,2,Suburb,1982,267443.6513
1419,3,3,Suburb,1958,119095.4486
2215,5,2,Rural,2019,192251.6043
1636,2,3,Urban,1988,229177.948
2451,4,1,Urban,1955,260036.8454
1807,4,1,Rural,1999,291145.7991
1347,4,3,Rural,2004,158592.5141
1428,2,1,Urban,1957,157369.2683
2415,4,3,Suburb,1964,244955.6806
2364,5,2,Suburb,1960,379747.5889
1546,3,1,Urban,1955,197837.7515
1939,2,1,Urban,2003,198405.9687
1401,4,1,Rural,1961,143422.9894
2070,3,2,Rural,2002,227677.2073
1664,3,1,Suburb,1977,234514.0507
1749,5,1,Rural,2017,269764.4367
2448,4,3,Rural,1973,233941.3708
2540,2,3,Rural,1985,319639.1046
1959,3,2,Rural,1957,327872.72
2981,5,2,Urban,2017,323905.3247
1636,3,3,Urban,1952,282449.4597
1878,5,1,Rural,1997,203154.7151
2351,5,3,Rural,1997,257916.4485
1086,3,3,Suburb,1994,120232.4152
1514,3,2,Rural,1984,162051.6514
2003,4,2,Rural,1983,172624.6557
2188,2,1,Suburb,1986,297348.0811
2246,5,3,Rural,1966,285788.3729
1860,5,1,Rural,1989,210805.35
2320,3,2,Urban,1992,264931.9423
1915,3,2,Rural,2014,169309.0877
1450,3,2,Suburb,2007,98928.65862
2366,2,1,Urban,2012,208928.5419
2959,3,1,Urban,2010,200934.2695
1340,5,3,Urban,1988,148853.6607
2484,5,2,Suburb,1956,233672.07
2415,5,3,Suburb,1992,283120.0603
2924,2,2,Urban,1968,308100.125
2560,2,3,Suburb,1994,265301.1762
2574,2,2,Rural,1977,343427.6022
1420,2,3,Rural,2017,162181.7917
1380,4,1,Suburb,1961,181122.5855
2640,4,1,Urban,1964,264821.2239
1004,4,3,Urban,2011,123942.2469
1647,3,2,Rural,2009,217502.36
2027,2,1,Rural,1991,238174.1454
2704,2,3,Urban,2003,306362.2996
1315,4,1,Rural,1996,152941.2191
2845,4,3,Urban,1985,374900.1005
2941,2,3,Rural,1979,376786.0085
2101,4,1,Urban,1998,307428.7888
1530,3,1,Rural,2002,114226.572
2740,3,3,Rural,2021,297596.5596
1354,3,3,Suburb,2002,157602.3941
2859,5,3,Suburb,1956,353936.9167
2056,5,3,Urban,2010,164564.0405
1661,2,3,Rural,2016,174157.8421
2728,5,1,Urban,2000,327659.351
2162,4,2,Rural,1956,284764.9606
2295,3,3,Urban,2020,243318.0662
2219,3,2,Urban,1952,250476.1389
1126,5,2,Urban,2019,237226.9049
1348,3,2,Rural,1963,145339.4686
2766,3,3,Urban,2000,327385.5008
2067,3,1,Urban,1976,251818.9582
1741,4,2,Suburb,1994,208858.5771
1727,5,3,Rural,1970,300785.25
1243,3,1,Suburb,1991,117871.2898
1008,3,1,Suburb,2007,130342.592
2785,3,2,Suburb,1984,364768.2501
1711,2,2,Urban,2016,166116.2985
1845,4,2,Urban,2021,94547.2315
2102,5,1,Rural,2003,157826.2857
2780,3,1,Rural,1965,311386.3469
2213,4,1,Rural,1962,240907.1676
1085,3,2,Rural,1986,194883.8555
2508,5,2,Rural,1964,327913.741
1270,5,3,Suburb,1988,243722.9892
2797,2,3,Rural,1981,219873.0352
1512,2,2,Rural,1982,142370.4736
2043,2,1,Urban,1992,162686.9009
2512,2,1,Urban,1959,263925.075
2955,3,2,Suburb,1961,331271.2985
1129,4,3,Urban,2021,220754.3109
1837,3,2,Urban,1982,280327.4322
1769,2,2,Urban,1987,121177.9102
2666,2,1,Suburb,1983,264079.6346
2030,3,2,Suburb,1999,296640.5639
1851,3,2,Suburb,1992,212541.7227
2776,4,1,Urban,2005,212494.4028
2727,4,1,Urban,2011,380395.9159
1936,5,1,Suburb,1961,233542.6244
2333,4,1,Rural,2013,225839.3029
2832,4,3,Suburb,2009,344370.2997
2650,2,3,Suburb,1997,278150.5834
1900,2,2,Suburb,1996,177351.6864
1472,5,1,Suburb,1967,130424.9059
2125,5,1,Suburb,1955,244155.24
1337,4,1,Suburb,1954,109628.4134
1318,4,3,Suburb,1984,166868.96
2536,5,2,Urban,1969,204803.9897
2048,5,2,Suburb,2001,163138.1138
1720,2,2,Suburb,1997,242245.3869
2453,5,1,Suburb,1973,218104.1041
1142,2,3,Rural,2020,170987.3357
2732,2,1,Urban,1963,266155.9793
1656,5,1,Rural,2017,267976.3553
2172,5,3,Suburb,1966,293860.9762
2716,4,2,Suburb,1962,254559.7492
2078,4,3,Urban,1975,258077.3552
1470,2,1,Suburb,1959,151408.1658
1362,2,1,Urban,1969,155389.0622
1649,5,3,Rural,1963,196913.4309
1208,3,3,Rural,2002,229179.8289
2208,3,3,Rural,1965,215360.1216
2088,5,2,Rural,2010,259098.6306
1548,2,2,Suburb,1989,145820.7787
2135,2,3,Urban,2005,237043.9954
1262,3,3,Urban,1969,195853.61
2099,4,1,Rural,1982,205188.0692
2319,2,3,Urban,1965,280183.6613
2201,5,2,Rural,2000,261112.4278
1765,2,3,Urban,1986,200603.2859
1000,2,3,Urban,1960,137635.3644
1147,4,3,Rural,2009,218397.2947
1875,3,1,Suburb,2010,124811.3063
2694,4,2,Urban,1989,374774.2244
2859,5,3,Suburb,2009,391055.3069
1985,5,1,Rural,1991,198183.5404
2803,4,3,Suburb,1953,274379.3386
2685,5,2,Suburb,1990,346718.4191
2152,5,1,Suburb,1971,354830.249
2661,2,1,Suburb,2015,277349.7618
1512,5,1,Urban,1983,144892.0854
2922,2,2,Rural,1998,339125.0295
1628,5,3,Urban,1997,87720.73509
1971,3,1,Suburb,1976,204589.9981
2525,4,2,Suburb,2008,350845.488
2172,3,1,Suburb,1971,153545.0713
2292,4,1,Rural,1970,322187.0756
2724,2,1,Rural,2012,252605.553
1652,3,2,Urban,1950,200034.6104
2128,4,2,Rural,1984,253785.6225
1465,2,3,Suburb,2003,121371.7043
1763,5,1,Suburb,1995,279753.3431
2019,5,3,Suburb,1957,297493.4667
1928,2,3,Suburb,1999,218383.6125
2925,4,1,Suburb,1987,292775.7707
2304,2,1,Rural,2016,214218.3026
2430,4,3,Urban,1976,376260.1156
2879,4,1,Rural,1970,361526.2554
2636,4,1,Suburb,1978,286015.3662
1793,5,3,Rural,1999,116107.7276
1899,4,1,Urban,1995,229927.5724
2381,2,1,Urban,2009,198162.9742
1674,5,2,Rural,1993,150893.8671
2008,4,1,Suburb,2005,224865.5384
2226,5,2,Suburb,1989,245003.6203
2635,5,1,Rural,1997,330467.2815
1280,4,3,Urban,1973,80306.74313
1915,4,3,Urban,2019,334576.5315
2280,2,2,Rural,1995,275441.5531
2117,5,1,Urban,1998,290811.3158
1323,3,2,Rural,1955,251367.3303
1790,5,1,Rural,1990,232153.9638
2762,4,1,Rural,1964,286604.8896
2385,3,1,Urban,2017,213232.9028
2685,3,2,Rural,1996,288743.8453
2374,4,2,Suburb,1962,296047.5764
2085,5,2,Urban,2021,263193.1833
2664,3,3,Urban,1997,277144.6651
1186,3,2,Suburb,2007,132144.5723
2603,5,1,Rural,1975,354440.7259
1914,4,2,Suburb,1982,187613.1541
1541,5,3,Urban,1985,252569.1593
1896,5,3,Suburb,2003,271381.0497
2327,2,3,Suburb,2000,213286.0469
2810,3,2,Urban,2010,379507.7629
1638,4,3,Rural,1992,258492.1449
1435,4,3,Rural,1974,173934.2075
1212,3,3,Rural,1978,246462.4086
2429,3,3,Suburb,2004,196522.1656
1817,3,3,Suburb,1999,220261.2511
1961,4,2,Urban,2010,184645.7456
2157,5,3,Suburb,1965,185288.0431
1959,5,2,Urban,1957,251885.3137
1916,4,1,Suburb,1960,146532.8021
1992,5,2,Suburb,1955,206675.5363
1914,2,2,Suburb,1989,195271.0754
2242,2,3,Urban,1981,281913.1187
1420,4,3,Urban,2020,96725.21916
1318,5,3,Suburb,1985,96713.30093
2180,2,2,Urban,1972,304698.1507
1187,5,2,Rural,1996,204726.8345
2499,3,3,Suburb,1976,197798.0554
1161,5,1,Suburb,1975,146273.3787
1128,2,1,Rural,2000,223615.9466
1303,2,1,Urban,2004,180313.9476
2112,4,1,Suburb,2008,263200.2955
2918,4,3,Suburb,2003,311518.5411
1916,3,3,Rural,1957,241248.5076
2185,2,2,Suburb,1988,251099.0408
1921,4,1,Suburb,1973,196785.9312
2059,4,2,Suburb,1969,259012.4694
2250,4,3,Urban,2020,247476.9147
1150,3,2,Suburb,2012,152324.7037
1592,3,2,Urban,2000,218979.912
1046,2,1,Suburb,1999,170707.3218
2739,3,1,Suburb,2016,341875.8182
1939,2,1,Suburb,1992,184334.9721
1659,2,1,Urban,2009,162537.8718
1230,2,2,Rural,1997,33418.9009
2562,4,3,Suburb,1969,284254.8944
2001,5,1,Suburb,1987,317759.3672
2724,4,3,Suburb,1960,343656.6445
1164,4,2,Rural,2014,58221.25402
1723,3,2,Suburb,1961,208807.5294
1819,4,1,Suburb,1985,266164.7009
2610,2,2,Urban,1987,330711.9141
2627,5,3,Urban,2003,342368.4265
2597,3,1,Rural,1974,319240.928
2089,5,3,Urban,1971,195384.6928
2943,3,1,Urban,1965,327746.7404
2103,4,1,Suburb,2017,329143.9429
1139,4,2,Suburb,1998,111967.984
1399,4,2,Rural,2006,207235.1328
2955,4,3,Urban,1990,347036.1674
1129,3,1,Urban,2013,36521.06717
1984,3,3,Suburb,1957,206279.0927
1765,2,1,Urban,2004,205331.7127
1445,3,2,Rural,1991,168508.8555
2855,3,2,Urban,2000,383558.0583
1028,4,1,Urban,1962,100277.2955
2225,2,3,Rural,1976,290244.6609
2260,5,2,Suburb,1989,286141.5582
2622,3,1,Urban,1973,277749.654
2631,5,1,Rural,1979,294903.7325
1798,4,1,Rural,1986,246863.9663
2362,4,1,Urban,1991,242258.6896
2422,5,3,Rural,1975,243221.2802
2462,5,1,Suburb,2021,284645.2486
1288,2,3,Suburb,1951,117358.6659
2275,3,3,Urban,1991,244428.5186
1976,3,3,Suburb,1993,263983.0137
2715,3,3,Suburb,1961,301361.6521
1099,3,2,Rural,1973,129056.6195
2939,2,3,Rural,1970,334506.3061
2608,4,3,Rural,1967,309800.2383
1421,5,3,Suburb,1993,240289.2257
1642,4,1,Rural,1997,154462.7557
1693,2,2,Suburb,1994,188979.2096
1705,3,3,Suburb,2016,212267.6175
1017,4,3,Rural,1976,97218.49268
1470,3,2,Suburb,1969,218721.5994
2661,5,3,Urban,2005,362520.2036
1722,4,1,Rural,1962,57378.24135
2030,3,1,Urban,2020,262745.5294
1418,2,3,Suburb,2018,157748.6345
1379,5,1,Rural,1989,138012.9916
1507,3,2,Suburb,1956,279449.4935
1113,3,2,Rural,1967,50610.51912
1851,2,3,Rural,2004,162109.1115
1510,5,1,Urban,1997,166888.8771
2619,2,1,Suburb,1972,310391.0913
1850,5,3,Urban,2021,241289.4066
2896,3,2,Urban,1959,300201.1371
1975,3,3,Urban,1981,267578.3955
1613,5,3,Urban,2007,265479.9387
1468,3,3,Urban,2008,129031.8161
1092,4,1,Suburb,2001,98937.2191
2515,3,2,Suburb,2006,348494.0754
2851,5,1,Urban,1972,278623.0671
2125,4,1,Suburb,1971,256774.4085
1492,5,1,Rural,1991,106052.0574
1762,4,3,Suburb,1983,273294.5233
2559,4,1,Rural,1990,310036.5755
2508,2,2,Suburb,1994,230128.7535
1988,2,3,Urban,1962,231567.711
1478,4,2,Rural,1985,113215.559
1876,4,3,Suburb,1979,181559.9263
1166,4,1,Suburb,1970,51928.67905
1139,2,1,Urban,1953,88248.49029
1093,2,3,Suburb,2003,162886.7453
2204,2,2,Suburb,1959,262536.9161
1575,4,3,Suburb,1985,206038.5148
2027,4,2,Suburb,2008,212861.5804
1605,5,1,Rural,1955,216806.0528
2412,3,1,Urban,1988,179464.3293
2295,3,1,Urban,2013,204719.3351
2818,2,3,Rural,2001,268959.4951
2155,2,1,Urban,1977,179816.9084
1583,3,1,Suburb,1953,201877.5081
1815,2,1,Suburb,1963,139089.0518
2927,4,2,Suburb,2011,204353.3256
1592,3,1,Rural,1980,207401.5965
2535,4,2,Suburb,1970,290121.956
1685,3,1,Suburb,1957,163076.9685
2835,3,1,Urban,2002,331808.2865
1962,2,2,Suburb,1976,209637.5087
1986,4,2,Rural,1993,275332.6738
2075,4,1,Rural,1961,226567.5885
2313,5,3,Urban,1983,239306.6322
1445,4,2,Rural,2021,208906.5588
1236,4,3,Rural,2020,117069.9828
2812,2,2,Rural,1956,261553.3051
2514,5,2,Rural,1996,210799.5999
2303,4,1,Rural,1963,206847.5995
2067,2,3,Rural,1969,153934.6763
1881,3,3,Urban,2007,250379.1935
1765,4,1,Suburb,1961,183477.8068
1936,2,1,Rural,1998,209919.8211
2948,3,1,Rural,1986,345010.0611
1358,4,2,Urban,2018,165213.0645
1645,4,3,Urban,2012,195940.5091
2591,2,1,Rural,2006,276841.2339
2549,3,2,Urban,1979,284448.7648
1689,3,2,Rural,1952,92564.18901
1461,3,1,Suburb,1966,92423.21606
1100,3,3,Suburb,2000,118206.8909
1691,4,1,Suburb,1990,225259.9825
1983,3,1,Rural,1971,240634.8483
2484,2,2,Rural,1981,274739.5754
1768,2,3,Rural,1961,267100.6639
1267,4,3,Suburb,1969,268015.2394
1882,2,1,Urban,2006,189289.9512
2385,5,3,Urban,1975,392730.2326
1407,4,2,Urban,1981,168534.6621
2060,5,2,Urban,1993,347494.2627
1467,3,2,Rural,2010,134850.3977
2989,5,1,Urban,1984,276375.7837
2739,4,2,Suburb,1981,238370.1713
1258,3,1,Rural,2018,157333.1501
1508,2,3,Suburb,2008,155712.3075
2690,4,3,Rural,1951,305495.3101
2773,3,2,Suburb,2005,282183.9434
1308,4,1,Suburb,1978,108362.064
2635,3,3,Suburb,1962,283554.7194
2296,4,2,Rural,1978,217916.0069
1624,4,2,Urban,1975,303015.6702
1109,4,1,Urban,1976,176200.1562
2678,4,3,Urban,1991,346551.8616
1678,5,2,Urban,1973,193706.5474
2283,3,3,Rural,1952,201991.5575
2680,3,2,Rural,1984,355394.8674
1741,4,2,Rural,1958,168718.6978
1906,4,3,Urban,1975,226404.9359
1267,2,1,Rural,2012,186737.3884
2055,3,1,Rural,1965,231046.9192
2946,5,1,Rural,1953,257772.273
1939,3,1,Suburb,2013,127855.9568
1810,3,1,Rural,1977,191940.4327
2754,3,1,Urban,1959,296362.4817
2200,2,2,Suburb,1975,256183.4934
1103,5,1,Suburb,2018,193695.1863
2259,4,3,Suburb,1999,162900.7786
2116,5,3,Rural,2013,279516.7717
1200,4,3,Rural,1997,131794.2925
2834,4,2,Rural,2002,340226.8944
1898,5,3,Urban,2013,214459.7926
1742,2,2,Urban,1971,159274.7148
1924,2,1,Urban,2021,216295.0958
2790,4,1,Suburb,1977,242962.4368
1596,2,2,Urban,1956,262574.3485
2058,2,3,Suburb,1968,209434.8876
2140,2,3,Rural,1992,209088.0654
1687,2,3,Rural,1964,267868.6334
2481,4,3,Suburb,1974,283036.6505
2494,2,1,Rural,1997,214055.7817
2958,5,2,Rural,2001,384149.8057
1919,5,3,Rural,2015,224771.0699
1787,4,1,Rural,1981,192678.7417
1398,3,1,Rural,1987,109923.3396
1596,2,3,Urban,1983,193453.1247
1116,5,1,Rural,1997,139059.2881
1361,3,3,Rural,2021,191423.9753
1203,5,2,Suburb,1950,119643.9533
2169,5,2,Suburb,1957,303262.9337
1443,3,3,Suburb,1990,152423.7354
1726,2,3,Rural,1999,285139.4946
2640,4,3,Urban,1987,274431.4196
1860,4,1,Suburb,2020,194130.468
2320,4,3,Suburb,2001,264145.8563
1867,2,1,Rural,2000,303858.4475
2604,2,3,Urban,1980,401726.1942
2510,5,2,Urban,1993,306691.41
1766,4,2,Rural,1960,188288.0933
2254,4,3,Urban,1975,184828.9796
2226,5,1,Suburb,2010,257807.5355
1361,5,2,Urban,1970,221271.0568
1394,3,1,Suburb,1972,177667.7293
1247,3,3,Urban,1982,84830.68018
2463,2,1,Suburb,1981,238259.0303
1913,4,2,Suburb,1972,292298.9325
2419,5,2,Suburb,1958,281260.9569
1760,4,1,Rural,1952,260626.1098
1655,2,1,Rural,1976,181636.7376
2818,4,3,Urban,1992,290063.4805
1355,5,2,Urban,1987,110096.3014
2424,5,3,Urban,1960,293417.7988
1240,5,3,Suburb,1991,215254.8687
2364,2,3,Suburb,2014,284936.7659
2910,5,2,Urban,2014,367277.0932
1228,3,1,Suburb,2002,85823.36139
2566,5,2,Suburb,1951,280042.3281
1620,4,2,Suburb,1994,280092.3486
1930,5,1,Rural,1970,214062.2872
2562,5,3,Urban,1956,260472.7156
1854,4,2,Urban,1952,131871.9278
2695,2,2,Rural,1951,321304.2199
1528,2,1,Urban,1990,225159.8016
1266,2,3,Suburb,2004,111903.3624
2152,2,2,Suburb,1984,343791.306
1219,5,3,Urban,2004,218532.5535
2105,5,2,Urban,1968,298766.6461
1560,3,1,Suburb,1984,225026.4029
2576,2,2,Suburb,2010,153433.3084
2043,4,2,Urban,1978,286974.375
2350,4,3,Urban,2011,198337.8264
2060,4,3,Suburb,1968,262928.5604
1381,4,2,Rural,1970,140288.8433
2935,3,3,Rural,1982,209751.9727
1038,3,1,Suburb,1968,198385.0185
2132,3,2,Suburb,1970,247513.8008
1428,2,2,Suburb,1992,94399.42043
2087,5,2,Rural,1993,334814.5393
2198,4,2,Rural,2017,277644.6232
1790,4,3,Rural,1981,113155.2061
1031,3,1,Rural,1984,156796.1598
1944,2,2,Urban,2020,170315.9972
2744,3,2,Rural,2000,301720.1033
2914,4,3,Suburb,2007,265104.1677
1530,4,3,Rural,1989,206216.0153
1105,3,3,Suburb,1972,122248.1466
1481,4,2,Suburb,1996,173105.4839
1205,5,3,Rural,1974,190182.9676
2270,5,2,Suburb,1978,270035.78
1834,3,3,Suburb,1959,210168.3611
2702,5,3,Rural,2012,326414.0024
1088,5,1,Urban,1956,54569.02568
2339,3,3,Rural,1961,253033.8404
2034,3,2,Urban,2020,227036.8377
2072,3,1,Rural,1996,267369.6984
2934,5,1,Urban,1989,299889.1732
1895,4,3,Suburb,1997,227594.4899
2596,2,3,Urban,1992,289419.0961
2194,4,1,Urban,1999,347093.0999
1142,3,1,Suburb,1993,165123.2974
1206,4,3,Rural,2005,106855.0087
2486,2,1,Urban,2002,310740.8986
1508,4,2,Rural,1996,169645.4427
2224,3,1,Urban,1974,265216.0852
1004,2,3,Suburb,1997,72475.11677
1210,5,2,Rural,1973,184118.8676
1028,4,2,Urban,1994,44616.98725
2213,5,3,Urban,1989,303223.3885
1187,5,1,Rural,2007,189550.2708
2860,2,3,Rural,2011,256451.636
2790,5,2,Suburb,1977,380390.1727
2173,5,1,Suburb,1953,212610.5538
1524,4,2,Rural,2001,132285.8888
1945,2,1,Suburb,1965,62971.30524
2907,3,3,Urban,1987,312774.3859
2966,3,2,Suburb,2020,288004.0374
2389,2,3,Rural,1959,271286.9478
1156,5,2,Urban,1983,155979.1582
1079,4,1,Suburb,1957,166452.9004
2891,5,3,Urban,1956,361064.5211
2296,3,3,Suburb,1989,210574.1575
1659,4,2,Suburb,2000,181517.3278
2741,2,3,Rural,2016,282452.4182
1625,5,3,Urban,1993,159658.12
2541,5,1,Suburb,1986,167360.8026
2813,4,3,Urban,1996,346985.5613
1231,5,3,Rural,1952,196906.7513
2672,2,1,Rural,1982,307354.4138
1159,4,2,Urban,1970,203533.4726
1343,2,1,Rural,1962,159636.0019
2312,2,2,Urban,1997,313396.0337
1204,2,3,Rural,2005,134676.0473
1994,2,1,Suburb,2005,271795.413
1837,5,2,Suburb,1964,203507.0354
1304,4,1,Urban,1997,209352.4133
2383,5,3,Suburb,2006,279018.8188
1669,3,2,Urban,1992,229725.5911
2893,2,1,Rural,1957,251466.9302
1399,2,2,Urban,1979,244180.6397
2472,3,3,Urban,2006,365201.9677
1105,3,1,Rural,1975,117960.9356
2105,2,2,Urban,2019,118961.1135
1341,5,2,Suburb,2017,154048.0693
1985,5,2,Suburb,1978,96560.65729
2805,2,3,Urban,1982,293044.3153
1951,4,2,Suburb,1969,232664.7671
2444,3,1,Urban,2020,257912.8621
1048,5,1,Urban,2016,149401.756
1205,4,3,Urban,1997,66165.76686
2241,2,3,Suburb,1967,211585.6162
2841,2,2,Suburb,1972,284929.4569
2699,5,3,Rural,2002,356528.9221
2459,5,2,Suburb,1965,311101.3592
1790,2,2,Rural,2004,258599.1543
2345,5,3,Suburb,1986,298722.9209
1230,5,2,Rural,2004,122092.1393
2734,5,2,Rural,2009,294016.2861
2510,2,2,Urban,2009,239555.7105
2452,3,2,Urban,1980,264540.3641
1882,4,1,Urban,1985,122037.5882
1725,3,3,Rural,1999,179592.5258
1283,2,1,Urban,1997,144672.054
2509,4,2,Urban,1975,318666.7613
1275,2,3,Rural,1998,147046.5786
1432,3,3,Urban,1951,219538.8058
2208,2,3,Urban,1986,302370.1897
2745,5,2,Suburb,1989,340247.7924
1632,5,3,Suburb,1968,180374.0607
1215,3,3,Suburb,1983,160762.9257
1096,5,1,Urban,1987,130717.3884
1954,3,3,Rural,1988,301390.9661
2142,2,1,Urban,1996,237017.314
1364,2,2,Urban,1958,149632.3422
2817,3,3,Urban,1967,370700.3019
2426,4,2,Rural,1968,234815.4702
2007,3,2,Suburb,1967,320898.4283
1617,4,3,Rural,2015,245118.6254
1396,3,2,Suburb,1994,174995.8775
1457,2,2,Rural,1978,144933.1494
1317,5,3,Urban,2012,169806.0513
1381,3,3,Rural,2011,151170.0795
1141,4,3,Urban,2017,207166.9566
1456,5,1,Urban,1991,131715.075
1500,4,2,Rural,1984,205043.5606
2930,4,2,Rural,1957,279208.564
1322,4,1,Rural,1974,219551.1959
1999,4,2,Urban,2013,252922.1539
1267,3,3,Urban,2011,176772.154
2826,5,3,Urban,1976,344945.445
1486,5,2,Suburb,2003,156244.209
1877,5,2,Suburb,2005,224773.0756
1678,5,2,Urban,1989,177962.7601
2183,2,3,Urban,1965,205490.4587
2766,2,2,Urban,1978,317474.8875
1013,3,2,Urban,2004,22515.67941
2003,5,3,Rural,1964,186944.028
1704,2,3,Suburb,1954,213780.2356
1154,5,3,Rural,2010,97936.49301
1100,3,2,Rural,2013,175590.9976
1571,4,2,Suburb,1968,165775.2718
2066,3,1,Suburb,1962,245065.5634
2216,2,1,Urban,2003,279834.2478
2334,2,3,Urban,2009,212804.6894
1620,2,3,Urban,2002,146663.8197
2628,3,3,Rural,2014,202868.5348
2751,3,2,Urban,1985,278077.2754
2014,3,1,Rural,1988,115154.5542
1464,5,3,Suburb,2004,85890.84528
2186,2,2,Suburb,2020,219456.2405
1350,3,2,Suburb,1954,116740.7355
1233,3,2,Rural,1969,137377.2826
2951,5,2,Urban,1951,287501.3887
1402,2,2,Rural,1994,116429.8926
1350,4,1,Suburb,1993,217970.793
2190,4,2,Urban,1952,201133.8876
2171,2,3,Suburb,2019,247975.8687
1027,5,3,Rural,1976,132723.5068
1258,2,3,Rural,1969,152558.9237
2951,4,3,Rural,1958,269227.4798
2621,3,3,Suburb,1953,293546.8542
1619,2,2,Rural,1977,209730.3898
2465,4,1,Suburb,2004,140720.7502
2973,3,3,Urban,1983,282025.6636
2961,2,1,Rural,1961,261125.4274
2652,5,2,Suburb,1977,235674.3692
1875,4,1,Urban,2019,154161.7962
2550,3,2,Rural,1979,343949.8142
2234,3,2,Urban,1977,246999.4575
2853,5,3,Rural,2004,251270.4613
1542,4,3,Rural,1963,198079.21
2468,3,3,Rural,1972,332955.2473
2817,5,3,Suburb,1975,298128.7102
1452,4,1,Suburb,1988,168273.6392
1696,5,1,Urban,1986,178641.3536
1403,5,2,Urban,1969,167717.6905
2018,5,1,Rural,1958,210056.6068
2089,5,2,Urban,1997,253428.8161
2428,4,2,Rural,2020,242287.0493
1882,5,2,Urban,2020,248510.5975
2851,5,2,Suburb,1993,348979.1388
1574,3,3,Rural,1984,190125.2473
2458,4,2,Urban,2014,270250.0096
2251,4,3,Suburb,1987,179180.1761
2499,5,2,Urban,1979,320123.6984
2491,5,3,Urban,1971,284706.6802
2124,2,3,Rural,1984,224844.0009
1422,5,1,Rural,2021,228599.7026
2379,4,1,Rural,1985,251514.8527
2162,3,2,Urban,1985,328523.2857
2654,4,3,Urban,1953,270660.2892
2592,3,2,Rural,2008,253286.3502
2154,5,1,Urban,2000,294831.0211
1548,2,2,Suburb,1956,175472.2409
1467,3,1,Rural,1953,196071.3477
2503,4,3,Urban,1978,260909.9261
1110,5,3,Urban,2000,116050.56
1152,3,3,Suburb,1951,221592.2317
1916,2,3,Rural,1994,192384.8832
1761,2,2,Urban,2003,208425.5815
2265,2,3,Rural,1989,286358.4142
1719,5,1,Suburb,1967,155432.5697
1879,3,2,Suburb,2005,221773.2984
1681,3,1,Suburb,1997,147735.6041
1768,5,1,Urban,1994,250011.0644
1278,3,3,Urban,1969,72926.03063
1362,5,2,Urban,2002,284816.393
2648,2,1,Suburb,2007,296447.2653
2431,3,3,Suburb,2006,292414.9391
2198,2,3,Urban,2021,196398.5298
1600,5,2,Urban,1955,221335.1217
2158,2,2,Rural,2017,210368.2665
2529,4,3,Suburb,1960,204773.9359
1293,5,2,Rural,1996,199356.7508
2518,4,2,Urban,1996,270255.8616
2838,5,3,Urban,1993,232079.739
1870,2,2,Suburb,1970,324674.8624
2442,2,2,Suburb,1976,201551.1563
2229,2,3,Rural,1999,244122.5786
2341,4,3,Rural,1964,247030.8311
1072,2,1,Rural,1971,63853.7726
1258,4,3,Suburb,2001,170087.1796
2381,4,1,Urban,1999,181914.4591
2171,3,2,Suburb,2008,267397.0928
2248,3,3,Urban,2002,220881.4503
2128,3,2,Suburb,1996,179452.0867
2579,5,3,Suburb,1977,262511.8643
2951,4,3,Urban,1971,325353.3389
1355,2,3,Suburb,1973,184305.8483
2561,3,1,Suburb,1970,173763.301
2839,5,3,Suburb,2019,316548.3552
2284,4,3,Rural,1988,179975.6419
1570,5,1,Rural,2002,43639.33963
1572,2,3,Suburb,1969,293438.5434
1816,3,1,Rural,1958,197877.5184
2949,4,2,Rural,1989,345896.0162
2936,5,1,Suburb,2011,284130.9515
2093,3,2,Urban,1985,217084.3442
2977,3,3,Urban,1991,301676.1149
2470,4,1,Suburb,1960,333726.2033
2980,3,2,Urban,1964,320236.9303
1446,5,2,Urban,1969,238129.149
1782,4,1,Rural,1964,130926.1705
2280,4,3,Urban,2000,274346.5405
1908,3,2,Urban,1987,211273.3621
1943,2,1,Rural,1963,231326.9565
1895,2,2,Urban,2008,156308.4139
1929,2,2,Urban,2000,177709.221
1636,5,1,Urban,1953,185530.4003
1925,4,1,Suburb,2006,231302.6788
1530,3,3,Suburb,2009,180306.811
1118,2,3,Suburb,1953,142032.1342
2855,3,2,Urban,2015,204679.9051
1065,2,3,Suburb,2012,83373.91244
1244,2,2,Suburb,2014,81008.22134
1056,3,1,Suburb,1988,115707.3687
2067,5,1,Rural,1951,305564.6371
1523,3,3,Rural,1957,256911.3122
2913,3,2,Urban,1967,279734.7903
1423,5,3,Suburb,2016,151501.7198
2771,5,2,Suburb,1996,209004.3631
2559,3,2,Suburb,1978,340108.9332
1394,5,1,Suburb,1979,143077.8755
1449,2,1,Rural,1994,181807.2376
2280,5,2,Rural,2008,289941.4456
1953,3,3,Rural,1999,203420.7669
2819,5,3,Urban,2008,282641.7862
2859,4,3,Rural,2004,329686.9213
2384,5,2,Urban,2006,281249.1124
1762,2,2,Suburb,1987,223232.9156
2629,4,2,Urban,1952,233083.4241
2403,2,1,Urban,1961,297779.2839
1442,2,2,Urban,1976,153960.949
1966,4,3,Urban,2021,200339.8045
1891,2,2,Rural,1970,145470.0467
1533,4,2,Rural,1959,137021.8059
2497,2,1,Rural,1966,165941.0498
1156,3,1,Urban,1962,187204.7309
1088,2,1,Suburb,1956,138843.9817
1201,4,1,Suburb,1955,184580.8012
1979,3,3,Urban,2000,244968.9292
1461,3,2,Suburb,1978,172242.9947
2504,5,2,Suburb,1986,309457.7007
1708,5,1,Suburb,1965,252031.2381
2580,5,3,Rural,1973,434614.7863
1453,3,3,Rural,1978,154527.6323
2493,5,1,Rural,2020,255279.7916
1379,3,1,Urban,1985,125056.527
1400,5,1,Urban,2021,188959.6546
2102,2,2,Rural,1954,275536.2792
1550,5,1,Rural,1961,227298.7593
1935,4,2,Suburb,2013,112045.6793
2819,5,1,Urban,2020,287586.6116
2012,3,1,Rural,1994,197776.108
2409,4,3,Urban,1969,320958.6942
1977,4,3,Urban,2005,210634.6808
2690,3,2,Urban,1968,338767.6376
1660,4,2,Rural,2007,286771.7107
2366,4,3,Rural,1985,271910.2521
1902,4,3,Rural,2003,171245.977
1444,5,2,Suburb,1999,81837.223
1051,4,3,Suburb,1954,186406.306
2274,2,2,Suburb,2010,249626.5697
2967,2,1,Suburb,1997,277291.3694
2917,5,3,Suburb,1998,430569.2163
2682,5,2,Urban,1981,363645.8554
1328,2,1,Rural,1965,182237.3989
2931,4,3,Rural,2017,266776.4368
2517,2,2,Suburb,1972,246503.6082
2373,3,2,Suburb,1967,135545.3788
2990,4,2,Suburb,2014,349330.6254
1769,2,2,Rural,1997,231013.3377
2808,2,3,Urban,1971,320842.3947
2482,4,1,Rural,1962,331325.7041
1497,4,2,Suburb,1978,194304.0992
1124,4,2,Rural,1967,132340.4289
1203,5,3,Urban,1994,217072.7516
1767,3,1,Urban,2003,194317.1753
1642,5,3,Suburb,1990,210814.7227
2044,2,3,Suburb,2014,239385.2892
1589,3,3,Suburb,1999,230093.3296
2870,5,3,Urban,1978,348955.9678
2586,2,2,Suburb,1964,303756.7483
1361,4,2,Urban,1979,42928.09448
1360,2,3,Urban,1980,122104.4967
2801,4,1,Urban,1981,230195.247
2139,5,1,Urban,2000,320938.8303
1054,2,3,Suburb,1971,66851.21596
1291,3,2,Rural,2004,123206.4398
2074,2,2,Rural,1998,332771.1789
1841,4,1,Suburb,1976,220584.4007
1784,5,1,Suburb,1959,307429.2681
1253,3,3,Urban,1957,117751.4613
1491,3,1,Suburb,1985,54520.38518
1984,5,2,Urban,1962,292396.8916
1572,5,1,Suburb,2001,204603.1122
1858,2,1,Urban,1987,181869.3995
1992,2,2,Suburb,1989,168778.0541
2994,3,3,Urban,1981,366969.0784
2932,2,1,Urban,1994,294580.1923
1960,4,2,Rural,1968,244555.7618
2886,4,3,Urban,2018,310846.2015
1224,2,1,Suburb,2016,117203.3802
2492,3,1,Suburb,1978,293034.93
2871,2,3,Rural,1959,372886.5589
1102,5,1,Suburb,1962,189360.6414
1969,5,3,Urban,1998,192818.2683
2071,3,2,Rural,2021,149152.6714
1736,3,3,Urban,1969,208922.6995
2365,5,3,Suburb,1985,175494.9068
1232,5,1,Rural,1974,155702.6388
2605,4,3,Urban,1967,286869.1841
2582,2,1,Rural,2016,310383.2505
1227,3,3,Urban,1983,171849.5072
2006,5,2,Urban,2008,255569.7926
1521,3,2,Rural,1987,189542.3781
2720,5,3,Urban,1992,294878.604
2615,3,3,Urban,1954,292111.8382
1012,3,1,Suburb,1989,145441.0309
2522,4,2,Urban,1968,288256.0078
1444,4,1,Rural,1951,147650.9339
2849,4,1,Suburb,2000,344925.1442
1339,4,1,Rural,2010,177270.1525
2347,4,2,Suburb,1982,248755.3439
2619,5,3,Urban,1954,269597.2245
1597,2,2,Rural,1950,150427.3594
1156,5,1,Suburb,2013,98343.23733
1655,2,1,Suburb,1958,163573.7511
2002,4,1,Rural,1961,253575.3053
2598,3,1,Suburb,2009,183471.111
2454,3,3,Suburb,1971,245263.4517
2578,2,1,Rural,1969,172110.7944
2430,2,3,Urban,1976,218753.8813
2181,5,3,Urban,2003,251695.4023
2208,2,1,Urban,1960,281604.287
1797,5,1,Rural,1994,234975.2641
1490,4,3,Rural,1959,56335.80496
1834,3,3,Suburb,1955,244237.7182
1951,3,1,Rural,2018,83303.06633
2559,5,2,Urban,2015,255971.6959
1356,2,1,Suburb,1950,102381.533
1716,5,2,Rural,1959,157996.5875
1361,2,3,Rural,1993,167408.0123
2247,2,2,Suburb,1971,270259.0935
2636,2,1,Urban,1955,323496.8554
2227,5,3,Urban,1966,362819.0356
1007,4,3,Suburb,2016,115106.3006
1471,3,3,Rural,1984,71799.49743
1171,5,2,Suburb,1973,69526.15305
2743,4,2,Suburb,2003,312217.92
1095,3,3,Suburb,1952,165602.191
1673,5,2,Urban,1990,232546.5998
2826,5,1,Suburb,1977,222128.9587
1607,4,2,Rural,2019,148893.7587
2329,5,3,Urban,1985,307071.4412
2680,3,1,Suburb,2011,392958.7225
2281,4,3,Suburb,1972,287241.7539
1473,5,3,Rural,1996,130111.2675
2973,3,1,Urban,1966,237921.2063
2323,5,3,Rural,1990,260085.7627
2488,4,1,Rural,1954,233757.6923
1613,5,2,Suburb,2011,278238.343
1688,3,1,Rural,2006,260227.2935
1897,2,2,Urban,2015,234122.8077
2351,5,1,Urban,1954,218077.4385
1109,5,1,Suburb,2015,146610.3094
1709,3,3,Rural,1964,175912.4903
2928,3,2,Suburb,1975,288919.9509
2152,4,1,Suburb,1957,335500.968
1964,2,1,Suburb,1994,176284.9412
1870,4,3,Urban,2011,93513.96644
2160,3,3,Suburb,1965,125408.3433
2933,3,2,Rural,1971,356167.2511
2562,3,3,Suburb,1998,257676.5412
1648,3,1,Urban,2005,203055.9563
2187,4,1,Suburb,1972,179230.1218
1348,2,1,Rural,1957,172451.94
1462,3,3,Urban,2020,59434.6526
2891,4,2,Rural,1975,275039.0513
2666,4,1,Suburb,1971,296412.1648
2527,4,3,Suburb,2002,301040.9867
1884,4,1,Rural,1975,124537.0055
2174,4,3,Urban,1985,332949.5488
2913,3,2,Rural,1984,326740.7334
1245,3,3,Urban,2015,147648.8531
2133,2,2,Urban,1952,199557.701
2608,2,2,Suburb,1994,207739.6189
1797,2,3,Suburb,2020,201695.9583
2298,2,2,Urban,1985,288023.4172
1869,5,3,Suburb,1975,107471.8711
2090,4,1,Urban,1985,205604.9354
2073,4,2,Rural,2005,222818.1071
1815,4,1,Rural,2012,265027.403
1514,5,1,Rural,1956,197492.9354
1225,4,2,Rural,1993,189996.1539
1577,4,3,Rural,2007,188628.9435
1505,4,3,Rural,1983,181868.9253
1154,4,3,Rural,1975,135144.5475
2897,4,3,Urban,1995,305171.7527
2503,2,1,Suburb,1958,175163.8193
1110,5,3,Rural,1989,136938.9584
1482,3,2,Urban,1984,208915.7704
1807,2,1,Urban,1994,164163.3537
2916,5,3,Suburb,1986,287976.9948
2791,4,1,Urban,1962,368061.4017
1273,5,2,Rural,1993,201069.5568
1154,4,2,Suburb,1992,169020.4576
2674,4,3,Suburb,1959,219546.213
2190,5,2,Suburb,2005,289745.3418
2042,3,1,Suburb,1996,166259.0157
1344,4,2,Urban,1995,103926.0124
2926,4,3,Suburb,1951,335683.0593
1734,2,1,Suburb,1966,183597.8287
1568,5,3,Urban,2019,194166.1364
2921,5,1,Urban,2012,309086.59
1293,5,3,Rural,2008,197259.2083
1644,2,2,Rural,2004,151710.8715
2485,5,2,Rural,1959,226796.2226
1337,5,3,Suburb,1964,122152.938
2827,4,3,Suburb,2000,374043.5817
1451,3,3,Urban,1996,155126.6759
1343,3,3,Urban,1967,205391.8053
1716,2,3,Urban,1954,171097.739
1630,5,2,Urban,1989,155945.3355
1764,2,3,Suburb,1970,221543.1217
1084,3,1,Suburb,1998,165313.1749
2720,2,1,Suburb,1978,252469.5868
1736,4,2,Suburb,1965,250270.3025
1659,4,3,Suburb,1993,209533.6748
2412,4,2,Suburb,2020,243204.4107
2815,5,2,Rural,1970,317907.1129
1226,4,3,Rural,1999,112005.0124
2309,2,1,Rural,1973,202540.8701
2307,4,1,Suburb,1985,332303.5317
2716,5,3,Rural,1999,384429.0828
2970,4,3,Suburb,1952,362477.9869
1108,4,3,Rural,2001,142957.5694
1134,5,3,Suburb,1983,139108.2025
1937,5,3,Urban,1972,253985.6198
1290,4,1,Urban,1981,147274.298
2910,3,2,Suburb,1958,295086.3331
2825,4,2,Urban,1975,246447.9184
2638,2,1,Urban,1996,288540.7458
2736,5,3,Rural,1964,329460.4896
2531,4,3,Urban,1980,237663.0866
2652,3,2,Rural,1977,306131.0639
2867,4,3,Urban,2001,421869.9251
1821,2,2,Rural,1958,196202.5126
2052,5,1,Urban,1954,183133.1014
1393,2,1,Rural,1965,162104.7033
1026,3,2,Rural,2007,138493.2698
2490,2,3,Rural,1982,292782.5622
1012,2,2,Urban,1965,104980.1669
1553,5,2,Urban,1971,182130.6249
1932,2,1,Rural,2004,153796.3914
1444,3,2,Urban,1983,188432.6168
1223,3,1,Urban,1996,87433.84564
2486,5,1,Urban,2020,348044.9685
1020,3,1,Suburb,2017,118983.8303
2410,3,2,Urban,1951,329542.325
2671,3,2,Rural,1962,309592.0801
2349,3,3,Urban,1961,382619.4692
2756,3,3,Rural,2010,173446.7834
1466,3,1,Rural,2021,55111.62748
2680,3,3,Rural,1989,354598.0951
2545,4,3,Urban,2015,237124.1147
2248,3,1,Rural,1955,270112.1657
1652,5,1,Urban,1955,211503.9965
2498,4,2,Rural,1971,314577.6343
1617,3,1,Rural,1964,157389.8829
1779,3,3,Urban,1970,194092.5505
2729,5,3,Rural,1989,318291.1339
1457,3,3,Rural,2021,192579.7623
1639,4,2,Rural,1965,189049.8639
2236,4,3,Urban,1960,185894.3066
1662,5,2,Urban,2007,197514.9958
1960,3,3,Rural,1954,228272.6372
2504,5,2,Suburb,1979,390851.3327
2919,3,3,Urban,2006,274072.8806
1179,4,2,Suburb,1978,232308.1934
2852,3,3,Urban,2003,360916.3604
1537,3,1,Urban,2014,181330.8513
1526,4,1,Urban,1975,264269.1461
1021,4,2,Rural,1968,128303.7845
2368,4,2,Suburb,1988,109902.2583
1576,3,3,Urban,1953,178495.8442
1762,5,2,Suburb,1969,246726.8753
1921,4,2,Urban,1990,238587.4922
2044,3,2,Rural,2012,194008.5532
1744,5,3,Suburb,1984,149552.3707
2431,2,3,Urban,2017,329439.3159
2510,2,1,Rural,1959,174984.5313
2551,3,1,Urban,1995,270936.2242
2439,3,3,Rural,1995,289095.6665
2295,4,1,Suburb,1988,209676.5674
2228,3,1,Urban,2006,273082.8968
2321,5,2,Rural,1983,303638.7429
1671,3,1,Rural,1986,168201.5911
2969,5,3,Urban,1980,387458.1909
2576,5,3,Suburb,1982,327906.6116
2131,4,2,Urban,1964,284302.7262
1636,5,1,Urban,2020,276666.6955
2023,3,1,Suburb,1951,163033.283
1151,5,3,Urban,1981,46015.65662
1012,2,1,Suburb,2003,186751.4486
1714,5,2,Urban,1983,195850.0567
2102,3,2,Rural,1975,219791.0444
1905,4,1,Suburb,1953,217391.147
2577,3,2,Rural,1963,198449.5321
2192,3,1,Rural,2021,205016.1357
1248,3,2,Rural,1987,104614.8515
2144,2,1,Suburb,2007,190218.3934
1386,4,3,Suburb,1968,112215.5466
1438,2,2,Urban,2011,161372.397
2295,5,2,Urban,1991,239279.4606
1299,5,2,Urban,1975,269632.3825
1720,2,1,Urban,1951,193673.6721
1472,4,3,Rural,1966,196675.2857
2181,5,1,Suburb,2017,230919.4553
2006,4,1,Suburb,1980,235575.1658
1632,2,1,Suburb,1951,239445.1735
2250,5,2,Rural,2002,279465.5929
1420,2,1,Suburb,1997,149488.7464
1955,5,2,Rural,2018,160715.7293
1972,3,1,Urban,2012,245488.2232
1023,4,2,Suburb,1999,74929.11751
2765,2,3,Urban,1976,244359.5562
1537,3,2,Suburb,1983,90879.1048
2593,2,2,Urban,1986,249991.113
1776,2,3,Suburb,1985,371237.8898
1637,4,1,Rural,1995,221496.9074
2980,2,2,Urban,1991,255595.1182
2810,4,2,Urban,2019,359994.28
1539,2,2,Rural,1957,138737.8608
1902,5,3,Rural,1988,172437.9305
2836,3,2,Urban,2013,291178.3485
2151,5,2,Rural,1998,237875.3619
2117,4,3,Urban,1993,253445.5682
2726,4,1,Urban,1975,331766.7758
1420,3,3,Urban,1976,123832.5436
2295,4,1,Urban,2020,257054.1766
1483,5,3,Rural,1959,153048.2032
2028,3,2,Urban,1978,153577.8159
1156,4,3,Rural,1978,135973.5478
1051,4,1,Suburb,2009,55989.20277
1242,4,1,Urban,1975,182122.0718
2686,4,1,Suburb,1980,215891.8927
1773,2,2,Rural,1997,153165.9803
1419,2,3,Urban,1961,134298.2733
2976,2,2,Rural,2011,335103.5737
2952,4,2,Rural,2011,352371.568
2840,2,1,Urban,2007,319053.19
1424,4,1,Urban,1998,113892.258
1079,5,3,Rural,2021,110354.9049
1694,4,1,Suburb,1998,130407.3573
1353,3,1,Rural,2020,150266.6163
2642,3,2,Urban,1973,373633.6134
2689,3,3,Suburb,2004,272795.4724
1292,4,1,Rural,1964,100939.7432
1716,3,1,Rural,1982,199318.8408
2139,3,2,Urban,1967,235596.1946
1528,4,1,Suburb,2008,210491.9487
1479,4,1,Urban,1998,166034.0255
2311,2,3,Rural,1964,258089.2107
2691,4,2,Rural,2010,324969.1237
1476,2,2,Urban,1975,161920.0045
1024,4,1,Rural,2015,188335.1588
1430,5,2,Urban,1970,170474.8609
2301,3,2,Suburb,1963,282238.0188
1316,5,3,Urban,1957,204374.0393
1637,4,2,Urban,1990,152522.3687
2835,5,3,Rural,1977,342362.3937
1357,2,3,Rural,1968,108782.3879
2299,4,1,Suburb,2020,203859.7864
2900,4,2,Suburb,1986,404107.6889
1689,5,1,Rural,1972,262125.2978
1343,3,2,Suburb,2015,145490.7971
2454,4,2,Urban,2011,337290.0606
1558,3,2,Suburb,2005,245543.9951
1711,5,3,Rural,2002,85434.22399
1562,5,2,Suburb,1964,232995.7706
1438,5,2,Rural,1950,129506.7023
2485,2,3,Suburb,1978,310755.3221
2830,4,1,Urban,1992,349459.1828
2293,5,1,Suburb,1981,238480.163
2732,5,3,Rural,2006,375091.8897
2454,2,2,Suburb,1951,349485.7523
2044,4,1,Rural,1991,260745.6705
1142,3,3,Urban,1984,147018.9355
2783,4,3,Rural,1995,326137.1499
1867,5,2,Rural,1988,162531.108
1352,3,1,Rural,2000,164071.195
2488,2,3,Suburb,1994,285187.8592
2016,2,2,Suburb,1988,238346.2721
1467,5,3,Suburb,1986,189750.6832
2536,3,3,Suburb,1958,249364.9892
2487,4,3,Rural,1990,254971.1405
1876,5,1,Urban,1999,178134.0892
2873,3,1,Urban,1998,227520.6985
2417,3,1,Urban,1959,215643.7206
1918,3,1,Suburb,1962,116850.2317
2809,3,2,Suburb,1951,310176.0645
2776,2,3,Urban,1973,257366.0171
2081,3,3,Rural,2015,155389.9036
2149,3,3,Suburb,1957,221894.7892
1840,5,3,Suburb,2016,298541.2667
1877,2,1,Urban,1952,168180.649
2484,2,1,Suburb,1991,237624.0624
1051,2,3,Urban,1987,198357.4289
2011,4,1,Urban,1963,266595.195
2758,4,1,Urban,2000,346852.3828
1813,2,1,Urban,2006,193394.8452
2898,5,1,Suburb,1966,296511.7522
1268,3,3,Suburb,1968,141819.1499
1095,3,2,Rural,2012,138034.6582
1272,2,3,Urban,1988,158417.1561
2346,2,2,Suburb,1984,182286.28
2596,4,3,Suburb,1979,261700.619
2856,2,2,Rural,1990,300747.0157
2716,4,1,Suburb,1972,270710.3795
1132,2,1,Urban,1962,98434.3288
1927,3,3,Urban,2011,304455.1992
1088,2,2,Urban,2011,234184.0123
1684,3,2,Suburb,1959,290021.1037
1823,2,3,Suburb,2015,188856.4684
1004,4,1,Urban,2017,106915.7127
1356,2,1,Urban,1992,107322.5209
2366,5,2,Urban,1957,286447.6495
1203,3,2,Urban,2020,125306.9629
2697,3,2,Suburb,1993,336307.6832
2596,3,1,Urban,2010,245071.2379
1470,2,3,Suburb,1957,161428.9083
1463,5,2,Rural,2009,240189.5566
1496,5,2,Urban,2005,139806.9877
1701,4,3,Suburb,1965,170880.0423
1836,4,1,Rural,1979,142508.4986
1062,4,2,Suburb,1970,91071.35003
2579,5,1,Rural,1977,325067.0675
1238,3,2,Urban,1955,128372.2665
1539,3,3,Rural,1997,222599.3196
1197,4,3,Rural,1998,122237.7971
1780,4,2,Rural,1957,268212.3009
2706,2,3,Urban,1984,209459.5192
1029,2,3,Suburb,2021,152091.9002
1665,5,2,Suburb,1981,207052.1479
2232,2,2,Urban,1963,226590.4835
2086,4,1,Urban,2018,152129.9564
2864,4,1,Urban,1979,286457.8477
2080,4,1,Urban,1978,227547.2454
2855,3,1,Urban,1994,330964.8908
2743,4,3,Urban,2002,327588.8957
2456,2,1,Urban,1982,221656.6856
2331,5,2,Suburb,2021,267079.2108
2598,2,2,Rural,2006,248925.5675
2783,3,1,Rural,1989,273941.9053
2489,2,2,Urban,1976,232710.795
2676,2,1,Rural,1977,309312.9006
2628,3,2,Urban,2014,309176.7657
2130,2,2,Rural,2009,214279.8041
2900,3,3,Rural,1963,233584.6102
1599,2,3,Rural,2005,250653.0195
2017,3,1,Rural,2009,259773.3812
2324,5,3,Suburb,1958,276742.6501
1619,5,3,Suburb,1988,253680.227
2069,3,3,Urban,1954,208240.8993
1076,4,1,Rural,2021,68721.74917
1728,3,1,Urban,2003,256173.951
2192,2,2,Suburb,2020,241621.032
1813,4,3,Urban,1996,238264.5422
2152,4,2,Rural,2006,298719.5872
2736,4,2,Suburb,2008,342041.8523
1707,3,2,Suburb,1956,101946.1186
2883,3,1,Rural,1985,195124.2219
1267,4,1,Suburb,2004,82541.09802
2623,3,3,Urban,1992,360352.0757
1764,5,2,Urban,1959,110025.2028
2773,2,2,Rural,1972,299759.7633
1584,2,1,Urban,1990,179010.8959
1418,2,3,Suburb,1990,173741.5084
1869,3,2,Urban,1973,347119.629
2890,2,3,Urban,1996,266854.488
2184,5,3,Urban,1950,283003.734
2081,2,2,Suburb,1954,125093.4396
1383,5,1,Rural,2015,221853.9671
2908,3,1,Rural,1958,381090.5558
1802,3,1,Urban,1983,205302.4233
1509,2,3,Rural,2001,212951.5815
1429,4,1,Rural,1950,172264.1831
2363,5,1,Urban,1957,289603.0308
1577,4,2,Urban,1990,183926.0922
1939,5,3,Urban,1961,221162.1113
2049,3,3,Suburb,1951,303274.0192
2833,3,3,Urban,1991,260650.828
1588,5,3,Rural,2019,125208.6396
1797,5,3,Rural,1950,136709.8951
1371,3,1,Rural,1985,150666.6946
1927,5,2,Urban,1987,161750.6224
2059,5,3,Rural,1966,311304.7112
2554,4,1,Suburb,2008,254474.8342
2813,2,1,Urban,1952,300160.5782
2856,4,2,Rural,1965,315350.4628
2848,3,1,Urban,2019,246039.4475
2290,4,3,Rural,1983,269623.4769
2817,3,1,Suburb,1983,401959.8518
2455,5,3,Suburb,1989,239949.0154
2042,2,2,Suburb,1984,282546.6099
2362,3,2,Rural,2017,184863.6278
1139,2,2,Rural,1974,175792.2886
1066,2,1,Rural,1966,186586.7416
2014,4,1,Suburb,1962,160908.3956
2847,3,1,Rural,1960,321332.3506
2553,4,1,Rural,1976,199094.1582
2392,5,2,Urban,1999,262786.4266
1260,5,2,Suburb,2003,98447.0008
2647,3,2,Rural,1961,317596.9019
2943,3,3,Rural,1966,332847.769
1973,5,3,Urban,1976,229584.1832
1626,3,3,Suburb,2002,148068.9063
2701,4,1,Suburb,2020,240633.0143
1578,4,3,Suburb,1981,112372.5485
2790,3,2,Urban,1996,311534.4902
2605,4,1,Urban,1955,295820.8661
2995,3,1,Suburb,1991,316626.6208
2843,4,3,Rural,2003,335363.1645
2021,4,1,Urban,2014,278151.8242
2226,2,1,Urban,1967,184422.0035
1638,4,3,Urban,2018,213683.7596
2958,3,2,Urban,2013,369507.4013
2978,4,2,Rural,1978,377778.158
1409,4,2,Rural,1981,84375.11213
1832,5,3,Rural,1991,258182.182
2103,3,1,Suburb,1971,269175.2593
2711,4,3,Urban,1981,307703.2935
1112,2,1,Rural,1997,100529.0825
1622,5,2,Rural,1969,143845.4188
1820,2,2,Urban,1958,193198.6231
2160,2,3,Suburb,1950,294759.8152
2668,5,2,Rural,1955,354640.1574
2907,2,3,Suburb,1962,338586.2084
1839,3,2,Suburb,1956,229756.0455
1188,3,2,Urban,1996,168929.9143
1276,2,2,Urban,1987,57935.29043
2760,3,3,Suburb,2007,254764.6633
1102,4,2,Suburb,2003,162253.9424
1106,4,3,Urban,2014,154087.5599
2598,4,3,Rural,1964,311616.9158
2939,2,1,Suburb,1988,272494.6808
2977,2,2,Urban,2015,286746.4602
1756,3,1,Rural,2007,206172.4387
1172,3,1,Suburb,1960,131541.6271
2941,3,3,Urban,1986,312437.3113
2868,2,2,Urban,2009,284278.87
1998,3,1,Rural,1958,228600.1036
2354,4,2,Rural,1959,272080.3759
1721,4,2,Rural,2010,292630.5309
2214,5,3,Urban,1994,320739.9285
2693,5,3,Rural,2020,331822.9304
1830,5,1,Suburb,1996,229720.771
1224,4,1,Rural,2020,87053.91848
2707,2,3,Suburb,1982,213603.0925
2346,3,1,Rural,1971,217791.2552
2977,3,1,Suburb,2006,362910.4222
2531,2,2,Rural,2021,315572.2683
2984,5,1,Suburb,1969,374695.5953
2571,2,1,Rural,2004,278933.9179
1133,4,1,Rural,2007,158803.6546
2060,2,3,Suburb,1994,206077.9073
1092,4,2,Rural,1964,131678.8148
1074,4,1,Urban,1976,62814.5032
1755,5,3,Rural,1993,224407.3588
1182,3,2,Urban,2006,136822.0851
1716,5,3,Rural,2014,196710.4729
1458,4,3,Urban,2014,141521.8063
2722,5,2,Rural,2018,374921.9995
2701,3,2,Rural,1982,275071.4369
1626,5,3,Rural,1995,148423.1053
1408,4,3,Urban,1962,141228.2894
1206,3,1,Rural,1991,124740.1219
2268,5,3,Urban,2013,214417.2068
2356,2,2,Suburb,1958,316289.6547
1672,3,2,Rural,1952,130599.5641
2548,5,2,Suburb,2001,238610.0056
2317,2,2,Suburb,1988,269763.0061
2012,3,3,Rural,1963,180701.735
2977,2,3,Suburb,1990,349099.6513
2939,5,2,Rural,1951,263012.7397
1747,2,2,Rural,2008,226071.6436
1272,2,2,Urban,2018,220997.4928
1378,4,1,Rural,1993,177983.8691
1625,2,3,Rural,1964,162978.8512
1663,3,2,Urban,1998,170233.0545
2049,2,3,Urban,2017,292110.088
1679,2,1,Urban,1965,230496.3276
1543,3,3,Rural,1972,187723.6664
1732,5,1,Urban,2008,111683.1441
2741,5,3,Suburb,1981,198870.5295
2956,2,1,Urban,1982,408954.1393
2877,3,3,Suburb,1986,314238.8294
2633,2,1,Suburb,1976,240354.8089
1090,3,2,Rural,1991,99013.12368
1475,3,2,Rural,2013,200927.7297
2912,5,3,Rural,1979,291759.3051
1725,2,1,Urban,2018,278012.5125
2211,2,2,Urban,1956,256164.0917
2592,2,3,Suburb,1994,318441.8345
2642,2,1,Urban,1978,233689.8582
2977,2,1,Urban,1950,321956.3121
2218,2,1,Suburb,2012,170539.5975
1533,4,1,Urban,1971,196514.7548
1697,2,3,Suburb,1952,158315.666
1879,4,1,Suburb,2008,263272.5806
1084,4,1,Suburb,2003,105215.0966
1591,4,2,Rural,2004,152007.3613
1840,2,1,Rural,2018,176157.7676
1076,3,1,Rural,1988,23703.07357
1329,5,1,Rural,1957,242894.6581
1382,3,1,Suburb,1959,118001.1433
2456,3,3,Urban,1968,250519.679
1376,2,3,Rural,1982,162676.84
1340,3,3,Suburb,1992,247653.4061
2200,3,2,Urban,1996,175495.1493
2449,2,1,Rural,1956,312374.3288
1423,2,3,Rural,2016,146359.6517
2990,5,3,Suburb,1957,433432.0788
1173,5,2,Rural,1980,207215.1051
1405,4,2,Urban,1996,192499.9398
1081,5,1,Rural,1983,82797.40201
1020,2,1,Rural,1962,128025.5098
1690,3,1,Urban,1983,136842.8992
2009,2,3,Urban,1956,263407.5374
1397,2,2,Urban,2009,145410.1939
1329,3,3,Suburb,1961,227937.3757
1224,5,1,Suburb,2009,121984.4547
2800,3,3,Urban,1974,333296.1162
2425,2,2,Suburb,1952,271792.0335
1780,5,3,Suburb,1989,268585.1004
2786,2,1,Rural,2015,356177.6697
2808,2,1,Suburb,1988,397980.1456
1893,5,1,Rural,2021,255425.9036
2878,3,1,Rural,1978,275753.6142
2944,4,2,Rural,1993,270850.4367
1437,5,2,Rural,2007,187287.5482
2295,2,1,Urban,1953,253812.5235
2303,2,2,Suburb,1965,271093.3049
1222,5,1,Urban,1984,219363.4966
2610,2,3,Suburb,1988,263875.2904
2686,4,3,Suburb,1959,225192.2589
2960,5,3,Suburb,1997,233431.8683
2894,2,2,Rural,1955,285729.4851
1508,4,1,Rural,1968,135691.9529
2365,2,3,Rural,2012,266701.0965
2952,5,2,Urban,2003,387885.9315
1616,3,2,Suburb,1977,126615.6632
2065,4,2,Suburb,2021,257521.3177
2199,5,2,Urban,1960,223328.3666
2268,5,1,Urban,1991,333839.7589
2276,5,2,Rural,1950,219739.0545
2297,3,2,Urban,2004,219090.3955
1958,2,1,Rural,1991,342127.5199
2357,3,1,Urban,1959,257043.6577
1603,5,3,Urban,1990,229939.1424
2034,4,1,Suburb,1995,205108.4048
1151,2,2,Urban,1960,233395.7155
1188,3,3,Urban,1960,240356.8423
1959,4,1,Urban,1953,187324.5257
1675,5,1,Suburb,1964,113945.9728
1637,4,3,Rural,1956,163148.9646
1210,4,1,Urban,2017,104147.3232
2996,5,3,Rural,1975,335824.6609
2120,3,2,Rural,2016,257559.3065
2844,5,1,Urban,1983,319317.1434
1338,4,2,Rural,1979,205940.6625
1046,5,3,Rural,1987,130223.9687
1819,2,1,Suburb,2021,177625.8794
2759,2,1,Rural,1980,306245.4731
1974,4,2,Suburb,2021,258968.7208
2080,5,3,Suburb,1986,310894.159
2098,4,1,Rural,2009,217284.5367
2277,5,2,Rural,1989,340930.8009
2686,2,2,Urban,2013,244438.7589
2594,2,1,Suburb,1954,281524.518
1836,4,1,Rural,2005,166429.4559
1951,2,3,Suburb,2021,178255.2935
1597,4,1,Urban,1974,169374.3825
1169,3,3,Suburb,1966,135933.6137
2169,4,3,Urban,1978,171292.4575
1838,5,3,Urban,1969,337441.0786
2056,5,3,Suburb,1967,230898.6591
2538,5,1,Rural,2014,293201.7211
1795,4,1,Urban,1966,146043.5353
2280,3,3,Rural,1962,358218.2659
2149,4,3,Rural,1985,269324.8985
1958,4,1,Rural,1989,299027.8622
2136,3,3,Rural,1962,160778.2699
1814,2,1,Urban,1985,209913.3122
2828,2,1,Rural,1989,290875.891
1341,2,1,Suburb,1969,73066.4865
1047,2,2,Urban,1952,53657.77881
1363,2,1,Suburb,1976,123632.4399
2810,3,3,Urban,1964,451838.9888
2421,3,2,Suburb,1996,269451.6752
2218,4,3,Suburb,1955,287813.7575
2874,2,1,Suburb,2010,317771.382
2760,5,2,Urban,1967,285188.2323
1724,3,2,Suburb,1950,142801.105
2344,3,3,Urban,1966,222648.8384
2817,2,3,Rural,1989,313767.5386
1137,5,1,Rural,1983,126039.79
1354,5,2,Suburb,2013,140062.9925
2868,3,1,Suburb,1984,308541.9641
2093,4,2,Suburb,2002,264833.8182
1810,5,2,Rural,1985,147393.5993
2605,4,3,Urban,1967,211480.7324
2506,2,3,Urban,1964,238245.3906
2743,2,2,Urban,1982,244305.6673
1711,2,2,Urban,1955,143114.5919
1058,4,2,Suburb,1964,205769.3212
1770,3,1,Suburb,2001,228200.2606
1388,4,2,Rural,1964,271764.3031
2876,2,3,Rural,2020,233731.1031
2374,5,2,Urban,1953,276368.892
1845,3,3,Urban,1987,179906.5624
1868,4,1,Urban,1955,207251.1802
1338,5,1,Suburb,1976,148323.2221
2700,5,1,Urban,2019,295718.6732
1756,2,1,Suburb,1971,231183.5267
1595,2,2,Urban,1967,210587.3747
1435,5,3,Suburb,1997,186332.5487
2473,3,3,Urban,1950,277595.3756
1376,4,1,Urban,2010,168071.4007
2982,3,3,Rural,1968,300486.0501
1390,3,1,Suburb,2015,219016.9968
1480,4,3,Urban,1998,192665.0285
1820,4,1,Rural,1998,268795.0986
1113,4,3,Rural,1954,215551.8576
2769,3,2,Urban,1990,287464.8325
1773,3,2,Rural,2011,170141.5994
2926,4,2,Rural,1969,291088.8051
1171,5,2,Urban,2005,242893.7065
1017,5,1,Rural,1966,97706.62759
1234,4,3,Rural,1953,125164.3629
2333,3,3,Urban,1997,271582.0832
2918,4,2,Rural,1972,308439.1123
2692,2,2,Rural,2007,282843.6917
1722,5,2,Urban,1950,135123.2894
1280,5,3,Urban,2000,241509.9023
1830,5,1,Suburb,2008,162855.0298
2219,4,2,Rural,1955,264098.6395
2138,2,2,Rural,1970,223034.6678
2420,5,3,Suburb,1986,379260.01
2695,2,1,Suburb,2004,305862.2105
2690,3,2,Suburb,1960,319122.5353
2586,3,1,Rural,1999,275104.9921
1417,5,2,Rural,2013,176358.3678
1283,3,3,Suburb,2019,166822.5154
1584,4,1,Suburb,1967,198099.7644
2351,3,3,Suburb,1979,270078.4239
2364,4,2,Urban,1968,232901.8573
1621,3,3,Rural,1979,208578.6562
2821,2,2,Urban,1966,256210.4195
1220,3,2,Rural,2010,145874.5601
1008,2,2,Rural,1955,46884.865
2932,4,2,Rural,1967,344551.1306
2105,3,3,Urban,1963,177156.7775
1831,3,2,Rural,1954,250672.5916
2317,2,2,Urban,1953,210797.0881
1374,3,2,Suburb,1958,190627.5274
1533,4,3,Suburb,1984,259596.8768
2438,2,3,Suburb,1992,336091.0289
2122,4,2,Urban,2015,236223.7909
2705,5,2,Suburb,2021,303987.5404
1701,4,2,Suburb,1991,168926.076
2641,2,2,Suburb,1977,283053.909
1831,4,3,Suburb,2021,174009.9361
2993,3,1,Rural,1968,353300.4686
1776,4,1,Suburb,1966,169675.7491
2405,3,3,Urban,2009,325764.7222
2886,2,1,Rural,1981,285008.9175
1939,3,3,Suburb,1983,200265.3199
2527,4,1,Rural,2017,248592.4715
1446,5,3,Rural,1968,145376.2676
1679,3,1,Urban,1986,221589.8973
1343,5,1,Urban,2017,244851.5932
1424,5,3,Suburb,2006,175678.1393
1624,5,2,Rural,2017,188234.8223
2863,5,1,Urban,1979,310786.2145
1305,4,1,Rural,2003,273035.4089
1147,3,1,Suburb,1967,57529.35739
1848,2,2,Rural,1979,230807.4277
1731,2,1,Urban,2012,155241.4336
1453,3,3,Suburb,1980,242950.5715
1937,2,1,Urban,1990,269463.0346
1032,3,1,Rural,1973,183160.2911
2755,4,1,Suburb,1961,297150.3289
2524,3,1,Suburb,2015,263240.7774
2342,4,1,Suburb,2021,205376.7423
2720,3,2,Suburb,2011,318378.1505
2216,5,1,Suburb,1993,226533.5754
2896,5,2,Urban,1960,256590.186
2203,4,1,Suburb,2009,178071.9745
2890,2,2,Suburb,1963,323708.2439
1983,5,1,Urban,1994,130289.6166
2541,3,1,Rural,1994,311224.4949
1390,2,3,Suburb,1999,158176.8545
2544,2,1,Suburb,1982,277213.1345
1356,4,3,Suburb,1993,159619.1966
1572,2,2,Rural,1990,129120.4044
1463,4,1,Urban,1954,84336.58526
1929,5,3,Urban,2008,304937.8575
2698,5,2,Urban,1987,252903.6027
1098,2,2,Rural,1981,140290.7982
1147,2,3,Urban,1967,31096.72522
1569,3,1,Suburb,1961,181964.1953
1726,3,3,Urban,1998,186611.5444
2339,4,3,Urban,2004,345869.0049
2001,2,2,Rural,1984,173676.6503
2205,2,3,Suburb,1974,275946.0141
2570,3,2,Rural,1972,338461.5251
1302,4,3,Rural,2021,102574.1318
2581,3,3,Rural,1974,209998.614
2622,2,1,Suburb,1954,359378.7821
1003,4,1,Suburb,1996,124530.1235
1777,5,1,Rural,1979,200207.775
1106,2,2,Urban,1962,190242.6204
1074,3,1,Rural,1955,154392.3866
2063,4,1,Suburb,1972,271026.767
1638,3,2,Urban,2011,215649.738
1694,5,3,Urban,1965,179944.2647
2142,2,2,Suburb,1968,281816.4249
1072,2,1,Rural,1952,146025.7207
1551,3,2,Suburb,2021,165591.943
2227,2,2,Rural,1994,217221.7671
1976,3,1,Rural,1980,204356.8329
1095,3,3,Rural,1951,183995.7148
2302,4,1,Rural,2012,255932.8613
2166,5,2,Suburb,1993,257366.0547
2138,2,1,Rural,1960,208486.9328
2499,2,3,Urban,1965,260415.1344
1883,3,2,Suburb,1974,233272.0594
2156,5,3,Rural,1987,314462.5904
2191,4,1,Urban,2016,281129.1195
2937,3,1,Rural,2019,376619.1681
2268,5,2,Suburb,1989,330988.9939
1276,2,1,Urban,1961,133312.895
2998,4,3,Urban,1988,374680.3892
1258,4,2,Rural,1964,145290.0697
1045,3,3,Rural,1993,167563.7365
1345,3,3,Rural,1975,39361.35853
1846,4,2,Suburb,1989,217441.5097
1894,2,3,Suburb,2021,152390.646
2260,2,2,Rural,1963,248595.5932
2076,4,2,Rural,1954,289290.8788
2171,3,3,Urban,1990,161472.6447
2722,3,3,Urban,1992,229756.7386
2556,2,2,Urban,1982,311662.7109
2113,5,1,Urban,2000,208754.311
1232,5,1,Rural,2009,86011.80492
2750,5,3,Suburb,2021,218974.5542
2904,2,1,Urban,1963,365335.8848
1050,4,1,Suburb,2009,147984.1269
1664,5,2,Suburb,1981,170006.8438
2859,2,2,Suburb,1972,363536.1683
2651,2,1,Urban,1972,305827.4147
2417,3,3,Urban,2013,282269.8777
2237,3,1,Urban,1995,245012.8754
1450,2,2,Urban,1985,170922.5454
2362,3,1,Rural,1953,192161.4888
1350,3,1,Urban,1993,150320.3165
1648,3,3,Suburb,1975,75454.90347
2308,2,1,Rural,1984,249574.2936
2956,5,2,Urban,1959,326946.4906
1877,3,2,Urban,2015,201028.328
1582,2,3,Urban,2013,228229.1972
1244,2,3,Suburb,1992,170288.2971
1549,4,1,Urban,1962,225441.3021
1727,4,1,Suburb,2009,188143.258
1638,5,3,Urban,1983,190488.4681
1583,4,3,Urban,1980,177486.4414
1225,2,2,Suburb,1964,145509.8374
1826,4,2,Urban,2007,198011.9779
1440,3,1,Urban,1988,181264.467
2497,4,1,Rural,1972,241896.2974
2467,2,3,Rural,2003,276085.0892
2819,5,1,Urban,2017,338744.835
1411,5,3,Suburb,1992,271370.1458
1813,5,3,Suburb,1980,300785.1872
1245,5,1,Rural,2015,127840.4696
1582,3,1,Rural,1967,160845.982
2730,3,1,Rural,1951,279987.4932
1499,3,2,Suburb,1999,131102.4946
1981,4,2,Suburb,2015,202397.7552
2974,4,2,Suburb,1982,328235.785
1549,4,3,Urban,2003,251624.6777
1116,5,3,Urban,2021,274360.4745
2773,5,2,Urban,1999,275622.7509
2387,4,1,Rural,1992,120293.7528
2937,3,3,Rural,2003,306954.3047
1203,2,1,Rural,2011,141925.2234
1350,4,1,Rural,1968,127955.9485
1318,2,3,Rural,1957,166918.9841
2382,3,3,Suburb,2012,222201.1302
2540,2,1,Urban,2007,256557.4088
1939,5,2,Rural,1991,241014.2577
1488,2,3,Urban,2000,176111.0201
2692,4,3,Urban,1971,240724.5907
1106,4,3,Rural,2017,129936.6994
2763,3,2,Suburb,1971,264274.3807
1653,4,2,Suburb,2011,240760.2146
2849,2,1,Suburb,1989,345858.6109
1171,5,3,Suburb,1964,235667.8797
2681,2,3,Urban,1958,274052.6163
1518,2,3,Suburb,2000,181344.5511
2878,2,2,Suburb,2019,321097.0443
2888,4,3,Rural,1987,397933.1527
1957,3,3,Suburb,1992,298263.0891
1812,4,1,Urban,1991,179817.9423
1527,2,2,Rural,2006,122321.8645
1319,3,1,Urban,2007,18611.40096
2060,3,3,Rural,2002,237101.9828
1498,2,1,Suburb,2020,186466.8057
2688,2,3,Urban,1956,260099.5609
1264,4,3,Urban,2018,115397.9978
2718,3,1,Suburb,2012,361769.3962
2691,5,1,Rural,1982,275275.344
2672,3,3,Suburb,2005,293803.2523
1907,4,2,Urban,1962,278856.0056
1401,2,2,Suburb,1962,42560.04143
1986,3,1,Rural,1976,303455.5259
1601,5,2,Suburb,1970,149449.6873
1951,4,2,Rural,1976,178208.6891
1217,3,3,Rural,1993,131740.6059
1329,4,1,Rural,1978,212789.6635
1185,3,1,Urban,1952,178870.1165
2404,2,1,Rural,1989,274565.5384
1208,5,1,Suburb,1952,128767.5069
2586,2,3,Suburb,1977,335351.6816
1287,3,3,Suburb,1952,110600.6691
1087,5,2,Urban,1966,242160.846
2002,3,1,Rural,1994,272581.6152
2967,3,3,Suburb,2019,343237.0324
1135,5,3,Urban,1984,73500.07368
1157,5,1,Urban,1992,133572.1366
1793,4,2,Suburb,1991,249514.338
1919,5,2,Suburb,1988,236621.5952
1154,2,3,Urban,1967,209910.1483
2486,5,3,Urban,1978,307700.4436
1219,5,1,Urban,1950,138921.6073
2482,4,1,Urban,1951,248716.6258
2190,2,2,Urban,1989,284772.0383
1321,2,3,Suburb,2008,188495.6212
1690,5,2,Rural,1974,218913.1784
1840,5,2,Suburb,2021,72272.60071
2585,4,2,Urban,1986,313583.7664
2836,2,2,Rural,1997,258340.64
1511,2,3,Urban,2012,154319.7389
1086,3,2,Suburb,1989,67961.8636
2568,4,3,Suburb,1969,363110.2066
1274,4,3,Urban,1967,146778.1662
1140,5,1,Urban,1954,166347.7393
2741,2,2,Suburb,1954,325201.078
2759,5,2,Suburb,1970,286206.1668
1624,4,3,Suburb,1990,148776.0046
2813,2,2,Rural,2007,283344.4791
1915,2,2,Rural,1955,217079.6719
1352,4,2,Suburb,1953,223931.5169
2028,2,1,Urban,1982,201457.8922
1381,3,3,Suburb,1954,131337.7083
2747,4,3,Suburb,1977,292659.557
2791,4,1,Urban,2008,340614.0975
2357,2,3,Rural,2021,232282.3501
1474,4,2,Rural,1976,172279.7419
1927,5,2,Suburb,1955,180311.8853
1029,4,2,Urban,2005,121967.3102
2370,5,1,Suburb,2021,236370.4498
1921,3,1,Suburb,1951,214862.2121
1593,3,1,Urban,1966,180680.2335
1492,5,2,Suburb,1954,285914.8195
2771,4,3,Urban,1952,273296.6466
1494,5,1,Rural,2021,86795.3221
2879,2,2,Urban,1959,324583.6787
1387,5,2,Rural,1999,200104.0926
1872,3,2,Suburb,2002,220871.4481
1834,3,2,Suburb,1978,214432.4872
2276,5,3,Rural,2007,349539.55
1629,3,2,Suburb,1957,220823.0757
1938,2,2,Suburb,2001,266948.8064
1029,4,3,Urban,1961,122884.4906
1622,4,3,Urban,1997,243361.3282
2935,5,2,Rural,2011,299172.192
2789,3,1,Urban,1980,343508.1111
2734,4,1,Suburb,1977,298398.6098
1806,3,2,Urban,1967,269541.4706
1341,5,3,Urban,1996,135025.6965
2832,3,2,Suburb,2014,300945.3502
2310,2,2,Suburb,1960,187930.1181
2968,2,3,Suburb,1993,313145.3884
2420,3,3,Urban,1988,248159.5015
2000,2,1,Urban,2015,251299.6203
2532,5,1,Suburb,1988,240306.359
2960,2,2,Suburb,1990,236276.1436
1243,2,3,Urban,1964,127756.8318
1220,4,2,Urban,2015,128922.9365
2179,4,2,Suburb,1996,261242.9919
2406,5,3,Suburb,1974,279605.3204
2771,2,1,Suburb,1971,270299.6218
2343,4,2,Rural,2004,296100.8113
1372,3,3,Rural,1995,146728.5513
1530,3,1,Suburb,1980,236147.8312
1214,2,1,Rural,1972,157135.2442
1366,5,3,Suburb,1950,197922.1821
1113,2,3,Suburb,1956,164197.0989
2223,4,3,Rural,1989,250489.6823
1024,2,2,Suburb,2005,62628.42423
1933,2,2,Rural,1950,230173.8746
2144,3,3,Rural,1975,211018.7757
2765,3,2,Urban,1982,294249.697
1610,4,2,Rural,1955,159588.3239
1857,5,3,Suburb,1993,215797.7089
2026,5,2,Suburb,1954,227751.9844
1897,4,3,Suburb,1991,219410.8612
1772,4,2,Rural,1982,225644.6353
1444,2,3,Suburb,1968,157826.4696
2277,2,2,Urban,1963,265509.0929
1019,5,1,Urban,2008,175468.1231
2227,2,1,Suburb,2017,254202.5574
1805,2,3,Suburb,1983,267899.3567
2999,3,2,Rural,1955,327960.6367
2380,4,3,Rural,2021,241691.0061
1127,4,1,Rural,1998,211887.1725
1357,3,1,Urban,2018,131202.536
2315,3,1,Rural,2008,215645.703
2197,2,1,Rural,2013,163006.7126
2756,4,1,Rural,2016,318075.4332
2378,5,2,Urban,1955,108521.0026
1880,4,3,Suburb,1989,180175.1412
2060,5,3,Urban,1996,319428.1384
2333,3,2,Suburb,1988,239058.9202
2684,4,2,Urban,1985,295663.113
1916,3,3,Suburb,1961,226663.0072
2627,4,1,Suburb,1980,287254.4513
2605,5,2,Urban,2017,293034.6731
2107,3,2,Urban,1975,225356.2677
1509,2,3,Rural,1962,169669.513
1443,4,1,Suburb,1990,185683.9366
2443,5,2,Suburb,1995,187585.9114
2228,2,2,Suburb,2005,298077.3712
2511,3,1,Urban,1999,322422.507
1778,4,2,Suburb,1962,275586.3148
2111,4,3,Rural,1993,271357.8542
1251,2,3,Suburb,1955,100086.0828
2746,2,1,Suburb,1981,299163.6019
2878,3,3,Suburb,1999,327606.4199
2054,2,2,Suburb,1973,163073.5072
2892,4,3,Suburb,1969,333735.7928
1420,4,1,Rural,1956,156147.3313
2851,4,3,Suburb,1971,357785.153
1060,4,2,Rural,1983,148534.1676
1578,2,2,Urban,1956,143471.0993
2249,2,3,Urban,1963,246390.6114
2948,5,1,Urban,1967,332118.6119
2986,3,1,Rural,2004,355801.9957
2358,2,3,Rural,1986,295901.7233
2862,3,1,Urban,1981,270838.8778
1578,2,2,Urban,2020,222963.006
1639,5,1,Suburb,2009,290801.0638
1110,2,3,Rural,1965,130808.2212
1490,4,2,Urban,1978,81082.58187
2295,2,2,Rural,1988,194050.6757
2836,3,3,Rural,1971,319409.9111
1033,4,1,Rural,1963,181459.7746
1211,2,1,Urban,1964,151721.6406
2323,4,2,Urban,2008,277637.299
2396,4,2,Suburb,1950,276670.1624
1124,4,3,Rural,1961,88779.02344
2126,5,1,Rural,1996,256787.1551
2741,3,2,Rural,2004,253791.7249
2143,3,1,Suburb,2010,305070.0161
2705,2,3,Rural,2020,276616.1494
2570,4,2,Suburb,1989,315014.8609
1893,2,3,Suburb,1977,182577.3771
1330,3,1,Suburb,2017,158151.3273
2781,4,1,Suburb,1972,340647.5094
2875,3,2,Suburb,1983,364871.0402
2949,4,2,Suburb,1951,282589.9118
2332,4,3,Suburb,1961,265942.7181
2593,5,2,Urban,1951,315793.5883
1411,4,1,Rural,1988,137970.8613
2422,2,2,Urban,1986,324427.3561
1933,3,1,Urban,1981,182296.6991
2329,3,2,Suburb,1970,257149.5123
2676,3,3,Suburb,1976,286671.7072
2646,4,3,Urban,1988,350093.6949
2186,2,1,Urban,1992,307693.659
2646,5,3,Urban,1965,239842.2591
1663,5,2,Suburb,1956,215923.9149
2911,2,1,Urban,1997,282463.8035
2088,2,2,Suburb,1963,321703.5863
2641,2,1,Urban,1960,306725.9549
2239,4,1,Urban,2001,234136.337
1602,4,1,Rural,1963,181959.5319
2937,5,3,Urban,1990,394283.6048
2977,2,3,Urban,1951,354261.5466
1025,2,3,Suburb,1967,61486.33869
1668,3,1,Rural,1951,193949.3927
1583,5,3,Rural,1963,132502.304
2067,4,3,Urban,1953,248087.9026
2113,2,1,Rural,1966,209233.396
2156,4,3,Suburb,1978,250230.6746
2184,3,1,Urban,2000,290816.3512
2767,2,3,Suburb,1956,274811.5656
1379,4,1,Rural,1978,211373.5486
2284,4,1,Urban,1984,232215.8945
2406,5,1,Rural,1985,267809.5865
1368,4,3,Suburb,1998,215835.2613
2134,4,1,Rural,1954,235165.0334
2699,4,1,Urban,2021,328920.9016
2100,4,2,Rural,2020,207490.5624
1208,3,2,Suburb,1956,15112.93559
2036,4,1,Urban,2009,264916.5823
2944,5,1,Suburb,1955,332706.7561
2593,3,3,Urban,1980,208311.0782
2921,3,3,Urban,1995,371242.4294
2879,4,1,Suburb,1971,316120.9206
2571,2,3,Suburb,2011,266753.9422
1024,4,3,Suburb,2019,133902.8996
1545,3,1,Rural,1991,201278.0443
2163,4,3,Suburb,2003,212573.5009
1274,5,2,Suburb,1963,106904.6254
2393,5,3,Rural,2016,226546.0794
1873,5,3,Urban,1977,269381.2485
1221,4,1,Rural,1972,38829.32347
2060,4,3,Urban,1984,251970.1099
1874,3,2,Urban,1984,155441.2447
2152,3,1,Suburb,1974,276532.5477
2339,3,2,Suburb,2013,217521.5409
2346,2,3,Rural,1966,190690.4601
2456,5,1,Suburb,2000,135852.6206
1217,2,1,Urban,1977,182879.2386
2870,2,1,Rural,1962,206926.7965
2965,5,2,Suburb,1973,344763.1431
2271,2,1,Urban,2002,243811.4843
1110,4,3,Rural,1976,62413.24929
1815,5,1,Urban,1993,281743.4881
2755,2,1,Suburb,1997,178098.5063
1707,2,3,Urban,2014,261188.4945
1146,2,1,Rural,2001,129324.9416
2367,4,1,Urban,1969,252948.3165
2532,2,2,Urban,1954,232202.7908
2528,2,3,Suburb,2017,219686.3101
1551,2,3,Suburb,1997,84644.74708
1133,3,1,Urban,1954,133720.4391
1463,5,2,Urban,1995,158047.2599
1863,2,2,Rural,1960,227236.45
2214,2,2,Rural,1971,252237.0011
2186,5,2,Rural,1962,296667.7673
1455,2,2,Rural,1990,171742.466
2084,4,3,Urban,2011,284915.3055
2028,2,1,Urban,1987,246138.1892
2060,2,3,Rural,1974,270423.3342
1459,3,3,Rural,1977,107502.585
2240,3,3,Rural,1958,264901.7286
2760,4,2,Suburb,2019,211516.3712
2751,5,2,Suburb,1967,310953.5707
1138,4,3,Suburb,1975,134255.7158
1617,5,3,Urban,1987,159928.6141
2122,2,1,Suburb,1965,202044.4192
1679,3,2,Suburb,2021,133055.6071
1960,4,1,Rural,1995,268748.4236
2287,4,1,Suburb,1997,256148.0087
1598,3,2,Urban,1980,267229.7095
1595,5,1,Suburb,1952,201467.9747
2247,2,2,Rural,1965,245203.7796
1010,5,1,Suburb,1962,74454.75851
1326,3,1,Rural,2018,125604.3567
2721,2,2,Rural,1973,204995.436
2373,5,3,Rural,1955,271196.8013
1378,2,3,Rural,2015,180777.8824
2967,3,3,Suburb,1954,330690.8014
1230,2,3,Urban,1967,121661.0464
2164,4,2,Rural,1992,151585.9039
1617,3,1,Rural,2014,159584.2188
1764,4,2,Suburb,1981,213338.7372
2979,2,2,Suburb,1978,360041.8879
1048,5,2,Urban,1954,146680.4903
1450,2,1,Rural,1958,121279.0983
2798,3,3,Urban,1972,259803.6819
1490,3,2,Urban,1964,204782.469
2228,2,2,Suburb,2005,267155.7632
2892,5,1,Suburb,2007,296807.6712
2432,3,1,Rural,2004,291585.9926
1406,2,2,Rural,1998,107955.2052
2074,5,1,Rural,1996,219878.7742
1174,4,2,Urban,2016,105616.2139
2760,3,2,Rural,1951,253049.642
2284,4,2,Urban,1956,288549.6582
1479,3,1,Urban,2010,160831.5567
2757,4,3,Rural,1982,369431.0003
1222,2,2,Urban,1950,153859.1031
1268,5,2,Rural,1973,179516.1169
1809,2,2,Suburb,2009,146590.8227
1892,2,2,Urban,1981,242123.0754
1900,2,2,Urban,2012,234414.8471
1918,3,3,Rural,1964,286158.7197
1317,4,2,Rural,1950,207888.6844
1384,3,1,Suburb,1986,159635.6613
2609,3,3,Rural,1972,311082.0223
1625,5,2,Urban,1969,219988.1213
2242,2,3,Suburb,2010,304409.3265
2077,3,2,Suburb,2021,285189.8905
2223,4,3,Urban,1956,170019.2042
2907,3,2,Suburb,1980,372638.5663
1642,5,1,Suburb,1998,146447.1911
2362,5,2,Urban,2015,242270.4981
1703,4,3,Rural,1976,99343.51006
2714,5,1,Urban,2009,390493.3328
2921,2,3,Urban,1956,336757.5767
1304,2,3,Urban,1987,114512.3818
2822,5,2,Urban,2005,350137.6419
2775,3,1,Rural,1978,317298.0453
2268,5,2,Rural,1963,270164.575
1841,4,3,Suburb,1989,173679.9388
2652,2,1,Urban,1997,302498.0437
2231,2,2,Urban,1951,201572.1769
2747,3,3,Suburb,1998,318241.3789
1510,4,1,Rural,1994,144373.4015
2282,2,2,Urban,1987,218308.862
2403,2,1,Urban,2014,323808.947
1162,4,1,Urban,1950,87692.65919
1737,3,2,Urban,1953,196860.9751
1340,5,3,Rural,1951,223604.0596
1931,3,2,Suburb,1956,244825.8122
2599,2,2,Suburb,1996,325843.6138
2951,2,1,Urban,1967,276729.4016
2781,3,2,Urban,1957,277564.1659
1529,3,1,Rural,2007,162938.7768
1033,2,3,Urban,1988,156794.5085
2847,4,1,Urban,2011,325580.2909
1997,4,2,Urban,1951,327288.4342
1322,5,2,Suburb,1979,150650.8843
2204,2,2,Rural,1962,268539.4834
2986,2,3,Urban,1964,331295.261
1346,5,2,Rural,2012,160536.7353
2729,2,2,Suburb,1976,339002.8671
2215,2,1,Suburb,1978,268357.9177
2602,3,2,Urban,1950,297404.4977
1720,4,1,Urban,1989,234840.4919
2901,4,3,Rural,1961,345635.179
2702,4,2,Urban,2020,217042.822
2269,5,3,Suburb,1957,247118.4092
1244,3,2,Rural,1956,169583.0386
1677,2,2,Rural,2007,149217.5101
2831,4,2,Urban,1990,288896.6083
1914,4,1,Suburb,1971,195627.7866
1722,3,1,Rural,1968,159043.4412
2003,2,1,Urban,1983,237536.886
1132,5,2,Urban,1996,135170.8003
2220,2,2,Urban,2016,227484.2235
1909,5,2,Urban,2016,186254.4698
2370,5,1,Urban,2017,163092.693
1048,2,1,Suburb,1993,77633.36012
2087,5,3,Suburb,2007,274063.8586
2647,4,1,Rural,1991,367956.4263
2891,3,3,Suburb,1987,375630.414
2720,4,3,Suburb,1999,324917.3598
2127,5,1,Suburb,1998,291544.568
2954,5,2,Rural,1960,456955.2445
1212,3,1,Suburb,2005,161987.0684
2540,3,3,Urban,1950,247069.2632
1118,4,2,Urban,2017,157778.23
1855,3,1,Suburb,1995,314861.7237
1760,3,2,Rural,1999,161557.3746
1678,5,3,Suburb,1981,219879.7102
1894,3,1,Rural,1954,181735.6739
2265,5,2,Urban,2010,273721.0631
1279,2,3,Rural,1953,223049.8313
1423,2,1,Suburb,1998,196524.2959
1362,2,1,Urban,1992,181429.3931
2020,5,2,Rural,1997,313975.4124
2773,2,2,Suburb,2012,271132.9925
2329,4,2,Rural,1964,277908.3661
2740,5,1,Suburb,1957,325371.9853
2509,4,2,Suburb,1982,247622.9381
1313,5,2,Rural,1969,129495.9962
2536,4,2,Urban,2012,285733.512
2706,2,1,Urban,1993,316579.5882
2190,4,1,Urban,1965,272521.4467
2417,2,3,Suburb,1962,264434.8328
1769,5,1,Rural,1955,229929.0923
2086,2,1,Rural,1977,182778.1319
1271,3,2,Suburb,1987,158972.1402
2060,3,2,Urban,1999,304347.8035
2039,2,1,Rural,2005,183390.152
2789,3,1,Rural,2004,246789.9267
1342,3,2,Urban,1975,156740.6811
1345,3,2,Urban,1979,223400.8758
2871,3,2,Urban,1995,388666.934
2562,4,3,Urban,2001,203359.7604
2982,3,2,Suburb,1956,274710.6815
2646,5,3,Urban,1975,218939.8446
1232,2,1,Suburb,1971,180224.1719
1989,5,2,Urban,1976,313263.6174
1575,3,3,Urban,2008,163573.6398
2632,5,2,Suburb,1994,312140.5965
1415,3,2,Suburb,1987,209533.6028
1904,4,1,Urban,1960,217173.9527
1266,4,3,Suburb,1971,219201.9586
1996,4,3,Rural,1961,287987.0873
2349,3,2,Urban,2010,191523.6207
2949,2,1,Urban,2009,368409.2647
1743,4,1,Suburb,1967,176987.1458
1910,3,1,Urban,1958,244867.0087
1442,3,2,Rural,1986,126624.0811
1559,5,1,Urban,1967,170812.9745
2885,3,1,Rural,2007,423661.5142
2745,5,1,Urban,1979,272340.6268
1075,4,3,Rural,1963,105309.9789
1246,5,1,Urban,1982,146354.8314
2851,3,1,Suburb,1999,150689.2691
1579,5,2,Urban,1965,220867.0631
1312,4,3,Suburb,1956,129099.098
1575,3,1,Urban,2008,86684.38899
2717,2,1,Rural,2016,180278.0678
2615,2,3,Rural,1955,309414.9391
1342,3,3,Suburb,1952,140930.5674
1714,4,1,Suburb,1964,292608.5489
2205,3,3,Rural,2002,365617.2369
2978,2,1,Urban,2007,253438.5933
1983,3,3,Rural,2016,130994.301
1725,5,1,Rural,2000,241550.2994
2958,5,3,Urban,2003,296169.0135
1631,4,1,Urban,1972,151522.1869
1398,4,3,Rural,2014,166612.0744
2264,4,3,Urban,1974,201640.7509
2870,4,1,Suburb,1953,169346.5198
1713,5,2,Suburb,2003,204968.9913
1923,2,3,Rural,1994,174613.1971
1291,4,1,Suburb,1982,106963.8044
1053,4,2,Urban,1982,71211.43058
2168,2,2,Rural,2014,260636.156
2379,4,1,Urban,1973,243987.7566
2621,2,3,Rural,1994,292370.5727
1982,4,1,Urban,2005,203690.6105
1476,4,3,Rural,1994,140306.6195
1021,4,2,Suburb,1976,124763.1833
2354,5,3,Urban,2018,181847.9512
2315,5,1,Urban,1997,254480.3306
2259,5,1,Rural,1978,304047.8074
2052,4,2,Urban,1990,234522.4879
1694,5,1,Urban,1979,115978.1774
2961,5,3,Urban,2002,306373.2855
1159,5,1,Rural,2015,61091.5406
1909,3,1,Rural,1951,151371.7502
1529,5,1,Rural,1961,182175.1494
2573,3,3,Suburb,1956,203586.7557
1100,5,3,Suburb,2000,146675.7566
2313,4,2,Urban,2008,211856.4417
2400,4,3,Urban,1981,263150.1864
2196,4,1,Rural,2020,293476.5555
1342,3,1,Suburb,2002,178092.5798
2951,4,3,Urban,1985,314637.4664
2901,2,3,Urban,2003,327882.797
1578,5,2,Suburb,2000,176879.7288
2214,3,3,Suburb,1961,239933.4085
2462,3,2,Urban,1952,335361.3832
2578,3,2,Suburb,1959,280660.5654
2658,4,3,Urban,2009,242556.086
1789,2,2,Rural,2015,118663.9946
2366,3,2,Rural,2001,268367.3804
2731,5,1,Rural,1956,249048.9122
1844,5,1,Rural,2006,174594.9406
1124,2,1,Suburb,2016,169096.2002
2631,5,3,Suburb,2018,307701.2067
1889,2,1,Urban,2000,173978.9056
1668,5,2,Suburb,1956,213956.9861
2575,2,1,Suburb,1964,202888.1281
2383,4,1,Rural,1962,399972.0873
1502,5,3,Suburb,1986,127953.9442
1172,5,3,Suburb,1953,114062.7515
1886,5,3,Suburb,1960,239998.6153
2417,4,3,Rural,2013,317297.0948
2484,4,1,Suburb,1963,215936.4627
2708,3,2,Suburb,1957,298152.7151
1119,3,2,Suburb,1982,108376.1291
1272,2,1,Urban,1958,67444.91218
2381,3,2,Urban,1976,212672.5677
2409,5,2,Suburb,1997,244005.8642
1912,4,1,Rural,1985,219204.2883
1875,4,3,Suburb,1970,187440.0841
1857,4,1,Suburb,1968,192926.9589
2910,4,3,Urban,1967,255883.1357
2957,2,2,Rural,1963,305763.992
2956,3,3,Rural,2011,247622.8998
2342,4,3,Rural,1952,308954.8028
1260,2,2,Rural,1984,178471.7045
2304,5,3,Rural,2017,244658.259
2352,3,2,Suburb,2017,376422.1862
2147,2,2,Suburb,1962,225689.7988
2499,4,1,Rural,1958,326630.4535
1277,4,1,Urban,1972,218433.1894
1092,4,1,Suburb,1958,128750.2503
1958,5,2,Urban,1998,171088.2107
2570,3,3,Suburb,1999,271849.7872
1822,4,3,Urban,1976,181292.1288
1127,3,1,Rural,2003,157540.691
1531,5,1,Suburb,1978,184335.7562
1772,2,1,Rural,1994,156081.5534
1166,3,2,Urban,1988,199250.1864
1830,2,2,Rural,1959,252425.6249
1235,3,1,Suburb,1996,120565.9379
2055,4,2,Rural,1998,199992.1271
2254,4,1,Suburb,1966,190994.6796
1190,2,3,Urban,2012,107082.8736
2865,3,2,Urban,1987,270935.3427
2959,5,2,Suburb,2021,319935.2499
1656,3,2,Rural,1980,99796.50574
1612,2,2,Rural,1992,136598.7335
2614,3,3,Rural,2008,208296.4689
2531,3,3,Suburb,2013,297930.1295
2480,2,2,Suburb,1984,290249.1088
2695,2,3,Suburb,1962,323014.3677
1254,2,1,Suburb,1989,162643.3388
2302,3,3,Urban,1955,224022.9374
2994,2,1,Suburb,1994,278881.7524
2723,2,2,Suburb,1983,316528.6981
1972,5,1,Suburb,1962,132897.064
2745,5,1,Suburb,1964,325444.7962
2776,5,3,Rural,2014,321576.8387
2079,2,2,Urban,1960,252001.4748
1648,2,3,Suburb,1998,108165.2919
1105,5,3,Suburb,1993,129718.8776
2604,4,2,Suburb,1953,230005.578
2725,4,2,Urban,1982,346146.5996
1191,5,3,Urban,2013,224562.423
2002,5,3,Urban,1996,234349.941
2301,4,1,Suburb,1964,382384.1949
2567,5,1,Rural,1986,241170.246
1174,2,3,Rural,2021,152850.9241
2793,5,3,Rural,2002,324663.7406
1634,3,3,Urban,1996,185933.5327
1084,4,3,Rural,1966,114003.3888
1947,2,3,Urban,2015,195178.9239
1727,4,2,Rural,1978,243814.766
2239,5,3,Rural,2018,243705.3643
2037,4,3,Suburb,2011,125675.6067
2060,5,1,Suburb,1991,274672.4229
2050,2,2,Rural,2001,283685.5816
2687,2,1,Suburb,1981,177049.0153
2599,4,3,Suburb,2008,315717.5282
1069,2,3,Suburb,1987,177372.4973
1153,4,3,Suburb,1967,130287.6827
2461,4,3,Rural,1977,188171.8528
1764,4,3,Suburb,1975,168720.1263
1270,4,2,Suburb,1986,168896.3694
1540,3,2,Suburb,2001,153953.41
2097,3,2,Urban,1990,306545.4607
2819,5,2,Suburb,1993,246481.328
1570,2,2,Urban,2013,172837.3852
2778,3,1,Rural,1971,242380.8449
2864,3,1,Suburb,2018,317091.1026
1148,2,2,Suburb,2016,104388.6506
2529,4,3,Urban,1984,342420.7384
1009,3,3,Rural,1995,178458.2267
1643,3,3,Urban,1994,271335.1212
2525,3,2,Urban,1972,250694.468
1061,3,2,Suburb,2008,152605.9861
2411,4,3,Suburb,1984,218510.3932
2918,2,1,Suburb,2010,350092.6783
1773,3,1,Suburb,1958,160114.291
2753,3,1,Urban,1964,281757.1507
2255,3,1,Rural,1993,299815.3359
2871,3,3,Rural,1993,314900.9965
2607,2,1,Rural,1993,252496.2861
1527,4,2,Suburb,1981,179600.3675
2573,5,2,Suburb,2007,367787.3568
2712,2,2,Urban,2011,302716.9073
1444,3,1,Rural,1966,49997.41415
2344,5,2,Suburb,2009,252899.597
2917,3,2,Suburb,2016,361603.6679
2106,2,2,Rural,2002,208935.053
2457,4,2,Urban,2011,306235.9911
1016,5,3,Rural,1996,167638.7619
1368,5,1,Suburb,1987,197924.9788
2691,4,1,Suburb,2008,216655.7043
1683,4,1,Suburb,1982,198214.7351
1907,5,3,Suburb,2013,344736.6534
2605,5,1,Urban,1976,293209.2896
1582,5,3,Suburb,1964,262761.3559
1254,5,2,Urban,2017,236860.7761
1455,4,3,Rural,1979,154547.6678
1642,2,1,Suburb,1990,252775.5666
1560,2,3,Suburb,2016,206119.102
1532,4,3,Suburb,2007,208830.7146
2415,2,2,Rural,1965,242540.4857
1319,2,3,Rural,1960,149892.6333
1219,3,3,Urban,2016,185353.1485
1698,2,3,Urban,1969,107279.9799
2437,5,3,Suburb,1970,372076.603
1031,2,1,Rural,1998,71201.17112
1714,4,2,Suburb,1964,273927.5029
2811,2,3,Urban,2021,381212.7205
1753,4,2,Suburb,1988,149862.8343
2039,5,2,Suburb,2002,297495.0168
1408,3,1,Urban,1967,200594.8415
1827,3,3,Urban,2021,151143.4583
1172,2,3,Suburb,1959,203828.0079
2672,2,1,Suburb,1989,292769.027
2202,4,1,Rural,2005,270864.2346
2894,3,1,Rural,2008,354830.3102
2596,5,2,Suburb,1968,259219.8425
2520,4,3,Rural,2000,306265.0134
1935,2,3,Rural,1968,206364.0701
2127,3,3,Urban,1980,227125.1967
2340,2,1,Urban,1997,266057.9928
1706,3,2,Suburb,1992,183049.1103
2791,4,2,Urban,1975,344135.5215
1975,5,1,Urban,1977,213067.7038
2611,5,3,Urban,2007,283929.3356
1782,5,3,Suburb,1961,184255.0434
2204,5,2,Urban,2011,192871.9696
1131,5,2,Urban,1964,220056.0162
1662,2,3,Urban,1952,206170.2794
2178,2,1,Rural,2003,342261.3747
1358,5,1,Urban,1957,188253.5602
2258,3,2,Rural,1951,185410.5823
1759,4,1,Urban,1952,235808.7132
1164,3,1,Suburb,1979,134632.142
1716,3,3,Rural,1985,235559.3167
1426,5,3,Suburb,1984,142512.9083
1676,3,1,Suburb,1993,128015.9537
1487,2,2,Rural,1950,182043.1745
1212,4,3,Urban,1950,101251.312
2948,4,3,Suburb,1981,272410.926
1765,4,3,Suburb,1989,209111.6332
1156,3,2,Suburb,1966,131876.3312
2712,4,3,Suburb,1955,304303.2391
2098,4,3,Suburb,2018,263388.0942
1434,2,1,Rural,1950,142052.5762
2201,5,2,Rural,2004,201550.0875
2819,5,1,Suburb,1981,404370.7524
1841,2,1,Rural,2008,149546.0486
1644,2,1,Rural,2012,236397.9453
2660,5,1,Urban,1990,188242.185
1311,3,1,Urban,1959,160478.4233
2855,2,1,Urban,1991,255043.9537
1126,4,3,Rural,2015,112454.5589
1376,2,2,Rural,2021,152998.9616
2368,3,1,Rural,2005,305239.1024
1224,2,2,Rural,2002,157651.3919
2040,4,2,Rural,2018,194303.1403
1496,2,3,Rural,1960,218921.4605
1472,2,2,Rural,1965,168144.5198
2888,2,2,Rural,2006,415242.8921
2334,5,2,Urban,1976,318717.7486
2781,5,2,Suburb,1979,323535.1691
2160,3,3,Urban,1952,255781.3324
1474,5,3,Suburb,1973,230672.8092
1216,3,1,Rural,1954,113444.0767
1195,5,2,Rural,1962,207825.8472
1200,3,2,Rural,1992,126356.0503
1365,3,3,Suburb,1971,124479.0821
1718,3,3,Rural,1983,166591.1339
2551,2,3,Urban,1993,230257.4894
1399,2,2,Suburb,1963,81037.24003
2548,3,3,Suburb,1965,284394.8409
1589,3,2,Urban,1988,137296.7714
1213,2,3,Urban,1991,214506.7107
1340,4,2,Urban,1965,89245.31573
2352,2,1,Urban,1955,236284.7749
1958,3,3,Suburb,1958,290408.3653
1118,2,1,Urban,2000,208059.6791
2448,5,3,Urban,1977,182766.9723
2716,3,3,Suburb,2015,350177.2535
1835,2,2,Urban,1999,149655.1735
1841,5,1,Urban,1976,199721.0024
1866,2,2,Urban,1990,277664.5374
2396,2,2,Urban,1970,254427.1765
2672,4,2,Suburb,2002,326512.8721
2202,2,2,Rural,2014,178226.479
2455,2,3,Rural,1966,187942.7073
2743,4,2,Rural,1994,283295.2108
1944,2,3,Rural,1962,193587.1631
1401,4,3,Rural,1976,136414.1964
2417,5,2,Suburb,1982,260919.1365
1882,4,3,Suburb,1952,296607.363
1565,5,1,Suburb,1983,106736.9522
2102,4,1,Urban,2002,119671.3791
2806,5,1,Urban,1960,358224.0857
2930,2,1,Rural,1970,330189.9018
1423,5,3,Suburb,1968,260433.0402
1117,5,3,Rural,1972,50472.44484
1367,3,1,Urban,1999,151896.1325
2129,5,1,Suburb,2006,256661.4133
2128,2,1,Urban,1997,252238.5622
2326,3,1,Urban,1968,294817.5992
1629,3,3,Urban,2020,111943.0465
2917,4,1,Rural,1979,316997.8695
2764,5,1,Suburb,2014,292998.1832
1147,4,2,Urban,1956,186262.0531
2889,4,2,Urban,1953,298553.5565
1149,5,3,Rural,2002,205554.9448
1815,4,1,Suburb,2018,124575.9867
1255,2,1,Urban,1994,188876.3763
1081,2,2,Rural,1997,73248.56581
1015,5,1,Rural,1980,172240.7084
1900,5,1,Suburb,1977,164637.2512
1192,3,1,Urban,1997,150881.898
1722,5,2,Urban,1996,197366.9782
2097,5,2,Urban,1979,226070.3005
2300,2,1,Rural,1995,235486.6739
2084,2,1,Suburb,1979,266986.2228
1972,5,1,Urban,2005,166736.2378
1950,3,1,Suburb,1955,236220.0187
1535,2,3,Urban,2007,163739.7102
2558,2,2,Urban,1967,305508.0827
1342,4,3,Suburb,1979,125849.6099
1394,5,3,Urban,2015,177207.424
1942,4,3,Suburb,1971,342811.5256
1257,5,3,Rural,1957,211533.4143
2221,3,1,Urban,2003,289286.9368
1052,4,1,Urban,2007,81972.23889
1650,2,1,Rural,1985,118886.1621
1270,5,1,Urban,1976,233841.6705
1200,5,2,Rural,1979,108451.5592
1395,4,2,Urban,2005,31929.87016
1377,4,1,Suburb,1971,178302.2051
2914,3,1,Rural,2019,278199.7936
1675,2,1,Suburb,1959,172605.74
2627,3,1,Urban,2019,254854.8609
1534,2,1,Rural,1994,82961.1266
1922,2,2,Urban,1951,174820.7753
2111,5,2,Urban,1992,262610.4616
1397,2,1,Suburb,1979,129075.7975
2205,4,2,Urban,1971,209228.6359
1866,5,2,Suburb,1988,225094.4849
2306,3,3,Urban,2016,257360.8199
2556,2,1,Rural,1953,292310.9152
1560,5,1,Rural,2010,162557.6112
1189,4,2,Urban,1985,180078.2537
1204,3,2,Rural,1981,175632.6851
1967,5,2,Rural,2009,266433.4877
1043,5,2,Rural,1981,141335.7324
2003,4,1,Rural,2012,194027.9581
2323,4,2,Suburb,1993,259024.436
2018,2,2,Suburb,1988,195595.2378
1639,3,1,Rural,1976,161597.0867
1993,5,2,Rural,1994,229562.6401
1700,4,3,Rural,1955,163371.7222
2705,4,1,Rural,2015,281564.8067
2302,5,2,Urban,1961,277232.6737
1712,4,2,Suburb,2004,275944.9308
2408,4,1,Suburb,2008,280424.5041
1636,2,2,Urban,1975,180826.7399
1803,5,3,Suburb,1981,258647.6216
1310,2,3,Rural,1994,183019.0479
1877,3,1,Rural,1987,246497.2923
2551,4,3,Urban,1992,358405.3018
1856,2,1,Suburb,2021,192543.9198
1273,5,3,Suburb,2012,180058.0159
2505,3,1,Urban,1982,302262.5869
2829,3,2,Rural,1972,348940.6322
2474,2,2,Suburb,1950,162348.2991
2555,2,1,Rural,1992,232623.0221
1530,4,3,Rural,1960,258427.6061
2548,2,1,Urban,2004,330759.733
1016,2,2,Urban,1952,115031.7258
1717,2,1,Rural,1975,176181.4512
2053,3,2,Rural,2008,312936.6291
1469,5,1,Suburb,1957,247868.1052
1810,2,1,Rural,2017,220153.8593
2327,3,3,Rural,1975,205477.5567
1554,3,2,Rural,1986,195579.4648
1092,2,1,Suburb,1975,112200.6795
1881,3,1,Rural,1996,157510.4131
1577,4,3,Rural,1999,169927.5387
1630,5,1,Urban,1974,204017.4071
1820,4,1,Suburb,1980,277651.8187
1583,5,1,Rural,1995,202688.716
1845,3,3,Rural,1962,250912.8387
2185,2,3,Suburb,1950,247765.5223
2996,2,3,Suburb,1977,346566.4629
1841,3,1,Urban,1963,203833.4081
1327,2,1,Rural,2013,157648.1071
2990,3,1,Urban,2000,274898.0115
2804,4,3,Urban,1969,305982.0161
1729,3,1,Rural,1954,135579.8502
1253,3,1,Urban,2020,187870.3827
2463,4,1,Urban,1953,319266.9444
1570,4,1,Suburb,1974,201063.2341
1543,3,2,Suburb,1961,143836.1113
1850,4,3,Rural,1993,208563.3613
1119,5,1,Rural,1994,256503.2555
1974,4,1,Rural,1973,286412.5022
1821,2,3,Urban,1974,199009.7559
1513,4,1,Urban,1985,144145.7057
2653,4,1,Urban,2014,297697.1871
2572,3,1,Suburb,1995,282288.9032
1978,4,2,Suburb,1977,148278.7766
1096,5,2,Suburb,1967,110274.2348
1870,3,3,Rural,1962,204798.8108
2393,5,3,Urban,1986,273036.0729
2440,2,1,Urban,1977,314981.2299
1256,3,1,Rural,1978,85109.94167
1127,3,1,Urban,1982,110565.643
2382,2,1,Urban,1978,279385.2276
2179,2,2,Rural,1951,275593.5073
2680,5,1,Urban,2015,341192.8092
1056,4,3,Suburb,1960,75451.32332
1581,3,3,Urban,1993,213148.899
2971,3,2,Urban,1969,315257.4258
1555,5,3,Suburb,1967,208216.4435
1723,3,3,Suburb,1997,218617.1804
2710,2,3,Rural,1973,209033.921
1652,3,2,Suburb,2016,182660.2836
2099,4,2,Urban,1997,198145.6376
1157,2,1,Suburb,1962,154951.9857
1084,5,3,Urban,2011,108758.5207
1321,5,3,Urban,1991,237182.2383
1308,3,3,Rural,1966,90736.74477
2553,2,1,Rural,1981,263845.4083
1283,2,2,Urban,2010,141390.5429
2923,2,1,Suburb,1980,319608.8722
2065,3,1,Urban,1987,142244.0114
2002,3,3,Urban,1996,282751.7245
2917,5,1,Rural,2016,331577.374
2908,4,3,Rural,1990,181938.5008
1133,2,2,Rural,1987,147810.6745
1613,3,1,Rural,1960,220468.842
1648,3,3,Rural,1965,168250.464
2427,4,1,Urban,1991,216730.7089
2516,3,3,Rural,1991,321455.1214
2245,3,1,Urban,1971,246404.5099
1228,3,3,Urban,1984,64167.88597
2829,2,3,Suburb,1965,240922.0695
2475,4,3,Urban,1957,294422.1565
1997,5,3,Urban,1977,200960.0954
2329,4,2,Urban,1950,286758.9084
2851,4,2,Suburb,2018,352458.2252
2932,5,2,Urban,1956,387630.2417
1118,5,2,Suburb,1982,77171.46067
2634,3,3,Rural,1979,291374.3647
2885,3,2,Rural,1965,300721.6479
1937,3,2,Rural,1975,192693.5865
1323,2,1,Rural,1967,251679.99
1920,2,3,Rural,1999,180409.2944
1158,4,1,Urban,2007,116152.3178
1238,2,2,Rural,1968,113990.2607
1395,2,2,Suburb,1994,109728.0642
1319,5,2,Suburb,2007,193892.1985
2870,3,2,Urban,1958,393095.9463
2212,5,3,Rural,1969,253131.6643
1308,3,3,Rural,1979,58957.28428
1248,4,2,Rural,2010,154205.5761
1537,5,3,Urban,1967,155028.4072
1700,3,2,Rural,1991,76514.13933
2529,5,2,Urban,2017,257912.5016
1393,5,1,Urban,2018,275088.1792
1651,3,2,Urban,1991,254337.8385
2017,2,1,Suburb,1999,190701.9115
1405,5,1,Suburb,1969,183532.8647
1999,4,3,Rural,2016,259604.944
2204,2,1,Rural,1972,239972.3134
1020,5,3,Urban,1980,74524.29842
2698,4,3,Urban,1951,306059.5601
2606,4,2,Suburb,1965,287578.382
2617,3,1,Rural,2017,183101.7955
1154,2,3,Rural,1954,142252.2627
2851,2,3,Rural,1993,346696.0671
1866,3,1,Suburb,1997,247991.5449
1558,5,2,Urban,1981,217879.2047
1193,5,1,Urban,2019,129221.8172
2247,4,1,Rural,1988,127913.8064
1398,4,1,Urban,1978,110844.2093
2772,4,2,Rural,2011,280422.1997
1279,4,2,Suburb,2016,195793.2751
1979,3,2,Rural,2013,197716.071
2033,5,1,Rural,2007,205705.0623
2399,4,2,Urban,1982,298831.1043
1471,2,1,Suburb,1985,134562.6986
1151,4,1,Rural,1966,123486.7699
2879,4,2,Rural,1980,233957.8303
2639,5,2,Urban,1999,254952.5513
2147,4,1,Urban,1954,238008.424
2720,3,3,Rural,1996,361541.4593
1801,5,2,Urban,1973,199108.4778
1552,5,2,Suburb,1972,176075.2453
2447,4,1,Suburb,2015,249316.2211
2546,3,3,Rural,1964,285392.4841
1729,5,3,Suburb,1988,199508.6817
1512,2,1,Urban,1974,133504.3389
2949,4,1,Urban,1994,381140.4337
2012,5,3,Urban,2002,237654.6307
1170,4,3,Suburb,1964,158845.7004
1849,2,1,Urban,1993,200876.8119
1793,4,2,Rural,1990,264277.0382
2588,4,3,Urban,1972,249370.2199
1124,3,3,Suburb,2020,166252.2287
1174,3,3,Urban,1963,175767.7125
1503,2,3,Suburb,1980,235452.0875
2800,3,1,Urban,1952,331286.4306
2800,5,2,Urban,1964,298238.5012
2408,3,3,Urban,2007,355995.9814
1710,5,2,Suburb,2009,243407.1519
2791,2,1,Suburb,1969,370686.6526
2707,2,1,Suburb,1959,329223.5729
2594,4,1,Urban,2018,266503.0579
2975,5,2,Suburb,2003,352089.8381
1105,4,3,Rural,1992,113711.0228
2970,4,1,Urban,2004,299354.3999
2660,4,3,Rural,2001,230476.3691
1527,5,2,Urban,1956,121515.3235
1037,3,1,Rural,1950,163846.7597
1394,5,1,Rural,1956,239624.4034
2778,3,3,Rural,1957,306535.2859
1920,5,1,Urban,2013,278907.6698
1476,2,2,Suburb,1986,128806.3267
2490,2,2,Suburb,1994,234608.498
1721,3,1,Urban,2000,262083.6601
2528,4,1,Rural,2008,265100.3589
1314,4,3,Rural,1952,225789.4541
2308,4,2,Urban,2014,350600.471
2487,4,3,Suburb,1989,300587.8473
2703,5,2,Urban,1953,281555.0544
2287,2,2,Rural,1993,253073.3704
2633,5,2,Rural,1987,282447.1041
2669,5,2,Suburb,1981,359771.8612
2452,5,2,Urban,1993,332680.3109
1364,3,1,Rural,1954,194965.0524
1180,2,2,Urban,1965,166596.8567
1733,3,1,Suburb,1977,158087.2264
1875,4,1,Suburb,1967,323932.6045
1993,2,3,Suburb,2015,238960.2534
1660,3,1,Suburb,2013,190814.6065
1243,3,3,Rural,1966,190850.2412
1312,5,2,Urban,1967,157525.1768
1075,3,1,Rural,2003,153914.228
2904,3,1,Rural,1985,258175.6893
1261,4,3,Urban,1971,117079.6101
1230,4,3,Urban,1951,102553.3255
1702,3,3,Suburb,2004,229209.8162
2403,3,1,Suburb,2008,402853.7801
1645,3,2,Urban,1994,229201.746
2332,5,3,Suburb,2013,290629.3686
2787,5,3,Suburb,1987,386190.9004
2411,5,2,Rural,1981,205688.774
1756,4,2,Urban,1964,196938.9113
2800,2,2,Urban,1967,324402.5046
2348,5,2,Urban,1985,323235.9308
1841,5,2,Rural,1957,178910.2325
1878,3,3,Suburb,1968,195055.3484
2479,5,3,Suburb,1963,288468.2521
2535,2,2,Suburb,1999,368737.3974
2366,4,1,Suburb,1989,274962.0511
1515,5,1,Urban,1951,195617.9485
1441,4,2,Urban,1998,112533.5632
2572,5,3,Urban,1965,285241.605
1582,4,3,Urban,1969,167318.738
1261,4,2,Rural,1981,158436.5227
1748,5,1,Rural,1969,199175.2445
1818,5,1,Suburb,1984,253602.6832
2001,4,2,Rural,1961,218121.0236
2486,2,3,Rural,1960,275385.6397
1866,2,2,Rural,1973,221917.6965
2713,2,3,Rural,2003,310500.616
1607,2,1,Suburb,2004,134474.5902
1909,5,2,Urban,1985,232751.0692
2250,3,1,Urban,2003,277073.5344
1522,4,2,Suburb,1958,50367.6567
2801,2,2,Rural,1957,274474.3939
2212,2,3,Urban,2001,106681.2769
2232,3,2,Rural,1977,105847.5453
2036,3,1,Suburb,1967,268869.8992
2912,5,1,Rural,2021,330226.1202
1161,4,2,Rural,1985,162150.8266
2595,4,1,Rural,2006,332341.1366
2516,3,3,Rural,1953,250025.8252
2458,3,2,Urban,2018,292585.4134
1004,3,3,Urban,1989,129385.0623
1201,5,1,Urban,2011,100187.3274
1415,4,2,Rural,1966,101189.7529
2035,3,3,Rural,1965,278976.3253
1947,2,2,Rural,2014,176602.7326
2420,4,2,Rural,1953,298953.7942
2364,4,1,Urban,1951,331063.8813
1751,2,3,Urban,2016,155756.7411
1949,2,1,Urban,1991,201151.8254
1372,4,2,Rural,1974,178015.7777
2401,4,1,Urban,1990,272061.4448
2248,3,2,Urban,1967,273687.9851
2205,5,2,Urban,2015,281011.8971
2320,5,2,Rural,2001,256787.4118
2839,3,3,Urban,1971,302086.9823
2330,2,3,Urban,1969,289723.8578
1430,2,2,Urban,1994,153040.7703
1689,2,2,Urban,1958,250472.7647
1117,2,1,Rural,1996,59247.72263
2375,3,1,Rural,1950,309527.9834
1587,4,1,Urban,1977,177937.5491
2069,3,2,Rural,1995,247423.1581
1226,2,1,Rural,1994,215445.4042
2379,3,1,Rural,1975,286981.1474
2317,5,3,Urban,1953,281768.5406
2263,5,3,Rural,2001,281320.8882
1347,2,3,Suburb,1987,110068.9733
1140,3,3,Urban,2015,240504.9783
1203,5,2,Rural,1981,130271.2596
2685,4,2,Urban,1994,316494.3244
2003,2,1,Urban,1957,225367.9676
2665,3,3,Suburb,1963,314864.1391
1860,2,2,Rural,1956,233566.4886
1844,5,3,Urban,2019,209692.7723
1994,4,1,Suburb,1997,164981.0102
2292,5,2,Suburb,2019,306235.1464
1312,2,3,Rural,2003,45967.01122
2441,4,1,Suburb,1958,282621.6099
2938,3,3,Urban,2001,199038.8895
1136,5,1,Rural,1979,80208.08282
2651,4,3,Rural,1951,417590.1593
1350,2,3,Urban,1981,65205.228
2184,3,1,Rural,1950,239528.8741
2690,2,3,Rural,1951,254053.4903
1172,2,1,Suburb,1973,183325.7847
2153,3,1,Suburb,1961,221443.7286
1078,4,3,Suburb,1962,243384.3557
1978,4,1,Urban,1992,172477.8791
1568,3,2,Urban,1980,113768.7317
1862,3,1,Rural,1955,195584.5629
1056,2,1,Rural,2005,44336.83437
2423,2,3,Rural,1960,226764.135
1362,5,2,Rural,1998,141168.5186
2358,3,1,Rural,1968,325233.9356
1133,5,3,Rural,2009,94624.32109
1013,3,3,Urban,1974,190358.2804
1282,5,1,Suburb,1955,185657.8006
1805,2,2,Rural,2004,152483.6007
2682,2,2,Rural,1987,272739.1197
2444,4,3,Suburb,1993,253778.7442
1126,5,1,Urban,1999,153650.7316
2795,3,1,Rural,1984,242620.0332
2849,5,2,Rural,1996,300567.4961
1217,2,2,Rural,2003,183369.5833
2928,4,2,Urban,1999,291398.2597
1744,5,1,Urban,2008,200375.5707
2904,2,1,Urban,2019,369248.427
1679,3,3,Suburb,2016,209822.0539
2678,4,2,Rural,2007,296047.6635
2512,2,3,Suburb,2016,216435.2563
1996,3,3,Rural,2008,262206.5077
1259,5,2,Suburb,1993,194871.8449
2241,3,1,Suburb,1954,285353.5744
2843,3,1,Urban,1999,343849.7505
2681,3,1,Rural,2018,352793.5677
2512,4,1,Rural,1967,278316.8231
2972,2,2,Urban,2004,342037.1634
2466,2,2,Rural,2011,268387.2379
1098,3,2,Suburb,1972,172045.9514
1181,5,1,Suburb,1993,120774.5737
1168,5,2,Suburb,2004,216778.659
1232,2,3,Rural,2005,171788.8044
1955,5,3,Suburb,1963,315107.4568
2116,3,1,Suburb,1967,201481.2327
2652,2,2,Suburb,2019,316733.147
1471,2,3,Rural,1973,222663.9132
2539,5,1,Urban,1954,334518.1663
2108,2,1,Suburb,2007,242971.8513
1678,4,3,Suburb,1963,203478.3788
2542,3,1,Rural,1979,231813.9466
1380,4,3,Rural,2013,181972.5613
2430,2,2,Urban,1951,221976.434
2255,5,1,Suburb,1959,278076.9809
1250,4,3,Rural,1979,101961.3185
2108,4,2,Rural,1955,232101.266
1318,4,3,Rural,1974,206764.7476
1192,5,1,Urban,1955,151839.2502
2658,5,3,Rural,1971,328531.3272
1936,2,2,Urban,1987,239211.4639
1600,5,3,Rural,2010,205712.3017
1606,4,3,Urban,2018,145247.5308
2910,2,1,Suburb,1969,330047.17
2323,5,1,Rural,1967,249377.7505
2381,3,2,Suburb,2020,229122.0921
2580,5,1,Urban,1999,217116.1271
1764,5,2,Rural,1965,197480.3041
2476,2,2,Urban,2018,240382.2485
1884,2,2,Suburb,2015,145069.8233
1990,2,3,Urban,1964,224625.1761
2586,3,1,Urban,1994,318779.8529
1505,3,3,Suburb,2019,214285.2209
1064,5,3,Rural,1970,80632.66668
2589,5,3,Urban,1964,258780.2395
2975,2,3,Urban,1965,294248.3101
1221,2,3,Rural,2007,153581.3684
1465,3,1,Rural,2009,133390.0454
1071,3,1,Suburb,1966,189305.1299
1887,2,2,Urban,2011,245040.1451
1473,5,1,Suburb,1952,175438.1061
2703,3,3,Urban,1972,259845.3524
2721,2,3,Rural,1958,335224.1445
1654,2,2,Rural,1962,189770.5606
1018,2,1,Urban,1972,154776.542
1521,3,1,Rural,1984,189282.0053
1783,5,2,Urban,1983,260820.7775
2706,3,3,Rural,1967,323840.4004
1414,5,3,Urban,2006,191306.1979
1363,3,3,Rural,1989,114308.318
1527,2,3,Rural,1975,152572.7573
2103,2,3,Urban,1963,125095.4938
1795,4,1,Rural,1997,194671.8071
2213,2,2,Urban,1985,283884.799
2171,5,2,Rural,2015,301897.0281
2698,2,1,Rural,1961,297900.4562
1442,4,1,Urban,1980,202399.5616
1264,2,1,Urban,1968,86775.69486
2895,2,3,Suburb,1961,252643.6477
1649,3,2,Suburb,2000,114962.0126
1508,5,1,Rural,1996,172997.3061
2324,4,1,Suburb,2006,228117.5728
1465,3,2,Rural,1982,146159.6818
1364,4,1,Suburb,2020,204748.5534
2422,2,3,Suburb,2010,257406.0058
1492,4,1,Urban,2005,192601.1212
1541,3,1,Rural,2020,150544.6903
2839,2,1,Urban,1959,347997.2628
2503,3,2,Urban,1961,233818.4206
2191,5,3,Suburb,1968,167799.9162
2626,5,1,Urban,2003,283971.8752
2114,5,3,Suburb,1987,217723.432
1722,4,3,Suburb,2005,150413.6414
1841,5,3,Rural,1997,251537.9854
1299,4,3,Rural,2006,184842.7216
1173,4,3,Rural,1950,169984.6816
1645,3,2,Urban,1952,178911.3459
2396,2,2,Rural,1954,170997.2337
1023,2,3,Urban,1979,155087.3041
2224,3,2,Rural,1999,236568.1469
1730,5,1,Suburb,1991,226799.9526
1006,3,2,Urban,1952,157263.0178
2029,3,2,Rural,2010,248266.8434
2653,2,2,Rural,1961,276971.7386
2184,4,2,Urban,1961,218432.8672
2620,3,1,Suburb,2018,258411.2788
1877,3,1,Urban,2015,200773.3353
2271,4,2,Rural,1994,281561.7192
1165,2,2,Rural,2000,197740.4686
1427,5,1,Rural,1950,117697.3739
1144,3,3,Suburb,2011,117135.1437
2534,5,3,Rural,1960,293398.2515
2566,5,1,Urban,1986,217290.6061
1932,3,2,Rural,1973,174435.7293
1508,5,2,Suburb,1972,241096.6163
1906,3,1,Suburb,1980,253829.9888
2243,4,2,Urban,2000,244470.3611
1644,4,1,Rural,1992,137979.205
2599,4,3,Rural,2007,289234.9304
1075,4,2,Suburb,1965,102687.5464
2666,2,3,Suburb,1998,318691.3539
1823,4,2,Urban,1952,275783.8577
2342,3,1,Urban,1964,258814.5278
2896,3,2,Rural,1959,331319.2864
2061,3,2,Urban,2013,231049.1455
1565,5,3,Urban,1958,208740.9151
2665,3,3,Suburb,2000,286095.0514
2753,2,2,Suburb,1987,331163.6411
2537,2,3,Suburb,2002,178507.8077
2269,2,1,Urban,1956,201265.535
2163,2,2,Suburb,2000,289774.0896
2831,2,3,Suburb,1981,407313.4354
2281,2,3,Urban,2004,226352.2567
1616,4,2,Suburb,1982,178077.4591
1380,2,3,Suburb,2006,175953.8895
1847,5,1,Rural,2003,193189.387
2501,2,1,Urban,1993,258214.1705
2208,3,1,Rural,1997,110122.3745
1302,3,2,Suburb,1959,83196.61316
2517,5,3,Rural,1966,324307.7289
1755,2,1,Suburb,1951,222448.8219
1163,4,2,Urban,1984,141484.8673
2667,4,2,Suburb,1998,234410.6732
2226,4,3,Suburb,1984,282420.8897
2431,4,3,Suburb,2007,178061.312
2233,2,3,Urban,1962,267066.8877
2882,5,2,Rural,1966,264996.2126
1100,4,3,Rural,1976,106520.5314
2469,2,1,Urban,1957,234027.1765
1897,2,3,Urban,1992,295949.802
1782,2,3,Rural,1967,75570.58461
2994,2,1,Rural,2014,404147.9628
2584,2,1,Rural,1986,364681.44
1367,3,1,Suburb,1959,198203.1041
2262,2,1,Suburb,1965,324451.4773
1726,2,1,Suburb,1957,158192.5249
2314,2,2,Suburb,1981,285358.0531
1371,3,1,Urban,1950,171496.1773
1861,3,3,Urban,1971,187315.1679
2454,5,2,Suburb,2011,280796.4787
1279,5,3,Suburb,1964,223762.6082
2490,2,1,Suburb,1987,323507.4215
1315,4,3,Rural,2017,63698.10287
2100,2,3,Urban,2009,198992.4368
1815,5,2,Urban,1976,155003.433
1150,4,3,Rural,1955,186578.1338
2419,4,2,Urban,1974,218397.0311
2008,5,3,Urban,1984,335796.5313
2519,2,3,Urban,2006,303520.3339
2320,5,1,Rural,1967,332125.5725
1668,4,3,Rural,1954,168373.619
2733,3,2,Urban,1960,331646.1728
2970,2,1,Rural,2020,358242.7512
2919,5,1,Rural,1954,321808.0776
1406,5,1,Rural,2017,24362.37729
1286,5,1,Suburb,1972,87342.30231
2516,3,1,Urban,1989,248302.8936
1916,3,3,Suburb,1970,222472.2436
2559,2,1,Suburb,1975,178276.1717
2479,2,3,Rural,2019,288186.8484
1491,2,3,Urban,1951,88954.28305
2032,5,3,Urban,1983,254962.9275
2941,3,2,Suburb,1987,410043.2814
2155,2,3,Rural,1963,202465.4294
2100,3,3,Suburb,1967,190423.2092
1737,4,1,Urban,2013,80830.59314
1130,2,3,Suburb,1995,69618.79399
1996,3,1,Suburb,1958,190547.1475
2911,2,2,Urban,1995,321817.4378
2435,3,3,Suburb,1983,267310.5125
2113,3,2,Rural,1958,238491.1076
1497,5,1,Suburb,2003,122709.8987
2652,4,1,Suburb,1992,291398.1098
1621,2,1,Urban,1967,115716.6287
1888,3,1,Suburb,2018,96254.50267
1353,2,1,Suburb,1980,131468.5946
1270,3,2,Suburb,2018,100498.8808
2415,4,2,Urban,1950,273083.6555
1431,3,2,Urban,1964,163319.0338
1738,3,1,Rural,1978,131715.5898
1471,2,2,Rural,1974,108641.63
2779,4,3,Rural,1994,373489.676
2331,3,3,Urban,1980,331385.8805
1507,2,2,Suburb,1974,124124.5272
1054,3,3,Urban,1953,89019.8991
1036,2,3,Urban,1959,42926.95598
1899,4,2,Suburb,1972,180205.7147
1054,5,1,Rural,2008,225127.1091
1523,4,2,Suburb,1987,182537.6721
1914,2,3,Suburb,1950,233970.4082
1462,4,2,Urban,1974,208738.9135
1696,2,2,Suburb,1964,143555.4397
2501,2,2,Rural,2017,209456.4073
2772,4,3,Suburb,2014,363959.8324
2828,5,2,Rural,2019,373046.9498
1715,4,1,Rural,1981,160676.4654
2234,2,3,Suburb,1988,338172.5874
2249,5,1,Rural,1995,232842.0315
2030,2,2,Rural,1999,252551.35
1731,5,3,Suburb,1971,240667.0753
2846,4,1,Urban,1982,318755.7312
2563,4,2,Suburb,2018,229994.4291
1988,2,2,Rural,1951,208395.6783
2828,5,3,Urban,1992,189421.8954
1211,2,1,Rural,2019,142025.8409
2212,5,3,Rural,1997,278844.7107
2098,2,2,Rural,1972,232360.0298
1753,4,2,Suburb,1955,271956.8292
2137,3,1,Urban,1971,264145.4209
2702,2,1,Urban,1962,273885.7032
2641,3,2,Rural,1962,278487.7273
2174,4,2,Suburb,1999,230776.787
1435,3,2,Urban,1986,146206.8298
2901,5,2,Urban,2000,350783.7327
1083,3,1,Rural,1985,130929.8735
2235,2,1,Urban,2018,246956.9834
1778,3,1,Rural,2017,199380.2935
1833,5,3,Suburb,2011,169638.9427
2804,4,2,Urban,1959,297014.8954
1460,5,2,Rural,1980,149697.563
2960,2,1,Rural,1957,334352.6847
1176,5,2,Urban,1960,79942.1456
2806,3,1,Suburb,2019,246741.3818
1311,3,2,Rural,1982,167323.2165
2717,5,2,Suburb,1994,301124.19
2182,3,2,Rural,1963,314088.4593
2724,3,3,Suburb,1983,310912.3068
1185,2,1,Urban,1976,187824.0124
2494,2,2,Urban,2021,378067.2164
2979,2,2,Rural,1963,302155.6473
2332,4,1,Suburb,2021,220639.2609
1245,4,3,Rural,1985,201678.2665
2852,2,1,Rural,1989,252889.9809
2999,5,2,Urban,1978,428413.0261
2016,5,1,Rural,2008,292555.0615
1383,5,3,Rural,1973,107357.0923
2065,2,3,Urban,1959,129564.2179
1284,4,2,Suburb,1958,229105.5777
1979,3,2,Suburb,1987,173679.4905
1987,5,1,Rural,1983,200419.7068
2946,2,1,Rural,2014,241830.4595
1299,2,1,Rural,2019,157723.484
1900,3,1,Urban,1999,168810.808
2459,4,3,Rural,1958,229869.7349
2392,4,3,Rural,1959,311256.0887
1873,2,1,Urban,1988,181019.1555
1485,3,1,Suburb,1972,163612.8912
2972,4,1,Rural,2013,260494.7838
1435,3,2,Rural,1975,130621.8054
1805,3,3,Suburb,2014,167420.4032
2451,2,1,Suburb,1987,321129.8663
1180,3,1,Suburb,1964,166492.9235
1882,3,3,Rural,1974,263117.5636
2921,3,3,Rural,1990,359005.7629
1876,5,2,Rural,2016,280483.1445
1693,3,2,Suburb,1992,118274.7769
1339,3,2,Urban,1954,173985.7135
1490,2,2,Urban,1966,157433.7852
1494,4,1,Rural,2020,222015.5694
2996,4,1,Suburb,1965,280957.1502
1729,3,2,Suburb,1963,216629.6079
2186,2,3,Suburb,2021,244863.046
2581,2,2,Urban,2017,330645.5724
1455,3,3,Rural,1997,228858.9708
2115,3,2,Rural,1975,125108.2973
1104,4,2,Suburb,1959,165287.8934
1718,4,1,Rural,2012,250337.5634
1438,4,2,Suburb,2015,60538.53997
2521,3,1,Urban,1967,218758.4035
2351,4,2,Rural,1973,326249.0812
1650,2,2,Rural,1988,156201.4051
2564,5,3,Rural,1955,324031.5317
1508,5,2,Urban,1987,190691.7084
1250,5,3,Suburb,1954,220217.4715
1964,2,3,Rural,1965,152505.8793
2214,5,2,Urban,2002,228443.4165
1046,3,2,Rural,1971,84341.31557
1878,3,1,Suburb,1953,244451.7908
2274,5,2,Urban,1957,242571.5492
2017,5,2,Urban,2003,199929.8546
1774,4,2,Rural,2018,296303.0232
1884,2,3,Urban,1969,264126.2185
1063,4,1,Rural,1989,190379.4924
2873,2,3,Suburb,1994,268471.9397
1319,4,2,Suburb,2017,149911.119
1859,3,1,Urban,1954,145957.7409
1779,2,2,Urban,1971,202300.848
2547,5,2,Suburb,2003,330744.6154
2315,2,3,Suburb,1983,276853.2749
1028,2,3,Suburb,2005,77623.88699
2674,4,3,Rural,1952,305018.5232
1436,5,3,Rural,1971,168589.5221
2989,4,3,Urban,1960,352172.4997
2620,5,2,Suburb,1983,321197.4926
2609,4,2,Urban,1967,222783.3081
1762,5,1,Rural,1975,63568.42875
1735,2,2,Suburb,1983,113655.0787
2070,3,3,Suburb,1991,274649.7489
2440,5,1,Urban,1985,301462.5876
2616,4,3,Rural,1952,303613.6047
1450,2,3,Rural,1984,114157.791
1632,4,3,Suburb,2021,174941.4469
2578,2,2,Urban,1978,270991.6892
2681,2,2,Suburb,1967,308313.6399
2097,5,2,Suburb,1978,229886.8289
2076,4,2,Rural,1991,210111.7933
1232,2,3,Rural,1987,215357.7799
2830,4,1,Suburb,2006,279062.2309
2898,2,2,Rural,2002,371303.964
1199,5,1,Rural,1969,85188.06636
1673,3,3,Urban,1961,163833.0919
1548,3,3,Urban,1970,134387.0352
1936,3,1,Urban,1988,286312.318
1096,3,3,Urban,2011,133776.5817
1048,5,2,Urban,1967,230726.0762
1895,5,3,Suburb,2018,270873.0287
1521,5,2,Rural,1963,195820.6484
1039,4,3,Suburb,1982,155453.0576
1913,2,2,Urban,2010,227616.1582
2176,2,1,Suburb,2016,185134.0412
2129,3,3,Suburb,1950,156636.9367
1552,3,3,Suburb,1975,246336.0445
1675,2,2,Urban,1990,224195.2287
1769,2,2,Urban,1992,180548.0322
1210,2,1,Urban,2018,127337.526
2225,5,2,Rural,2001,205218.9312
1432,5,1,Rural,2003,210143.8194
1706,5,3,Suburb,2021,249453.5959
1564,3,2,Rural,2016,174882.6684
1146,5,2,Rural,1988,78892.79171
2522,2,3,Urban,1953,266833.0512
1281,3,1,Suburb,1968,132342.4546
2333,3,1,Rural,1953,266687.8344
1754,5,2,Rural,1974,195202.3945
2074,3,3,Rural,1995,186854.4762
1494,2,2,Rural,1970,90903.18592
1408,3,1,Suburb,1983,119662.6877
2649,4,1,Suburb,1998,263859.7213
1272,2,1,Rural,2006,164105.328
1457,2,3,Urban,1998,181128.6769
2143,5,3,Urban,1988,240042.83
2724,2,3,Suburb,2000,286558.2399
1045,2,3,Rural,1999,118937.0719
2266,3,2,Urban,1972,246058.796
1310,4,1,Rural,1973,220157.5293
1561,3,1,Urban,1988,202709.2288
1330,4,2,Urban,2020,85210.15245
1010,2,2,Suburb,2016,160513.7234
1907,3,2,Urban,2002,265315.7557
2447,3,2,Urban,1965,301425.8047
2071,5,2,Rural,2000,253510.5747
2400,3,3,Urban,1952,256187.1014
2591,4,2,Rural,1987,310908.6298
1007,4,3,Suburb,1977,93218.49967
1983,2,2,Rural,1961,189174.006
2549,5,2,Rural,2017,351751.7762
2750,5,3,Urban,2017,318998.5136
2393,3,2,Suburb,1952,192621.0638
2463,2,2,Rural,1956,226024.6034
2780,4,2,Suburb,1957,331340.3137
1565,5,2,Suburb,1953,159661.5792
2507,2,2,Rural,2018,201237.7428
1272,3,3,Urban,2019,183423.6897
1940,5,2,Suburb,1954,233161.9185
1900,3,3,Suburb,1991,246095.6113
1130,4,2,Rural,2016,141967.7503
2544,4,3,Suburb,1988,237084.4577
1723,2,3,Rural,1959,208625.7789
1633,3,3,Rural,1985,168710.2751
1113,2,3,Rural,1988,182174.5493
1531,4,1,Rural,1984,212988.9351
2522,5,1,Rural,2016,231213.5787
2362,4,2,Rural,2005,294774.2306
2044,2,2,Rural,1990,176235.6852
2743,3,1,Rural,1960,374797.0547
1032,4,1,Rural,1960,129081.5218
1132,2,3,Urban,2016,97599.30716
1919,3,3,Urban,2020,152615.7181
2726,2,3,Rural,2009,358678.3785
1974,4,3,Urban,1976,158381.1601
1025,3,2,Rural,2015,159055.5244
2387,4,3,Urban,1973,264202.8321
1600,4,2,Urban,1974,213726.6791
2115,4,1,Suburb,1985,302508.5056
1544,4,1,Rural,2006,102573.4093
2261,4,3,Rural,1984,264150.3001
1017,2,3,Rural,1974,33907.34819
2297,5,2,Rural,1958,216123.7795
1933,5,2,Rural,2002,230166.1274
1288,4,3,Suburb,1955,256872.8236
2050,4,1,Suburb,2006,199069.753
1816,4,3,Suburb,1987,183043.2925
2457,3,1,Urban,2003,294325.0612
2934,4,1,Urban,1957,278818.7226
1107,3,3,Suburb,1957,116215.6794
1972,2,3,Urban,1968,213880.7826
1947,5,1,Rural,1955,224372.3483
1737,4,2,Urban,1991,222535.7241
1323,5,2,Rural,2017,89950.51572
1866,2,2,Rural,1981,236154.4668
2554,5,1,Urban,1960,302892.7403
1734,2,1,Urban,1979,222544.6095
1792,4,2,Urban,1988,213862.354
2127,2,3,Suburb,1999,193427.5516
2867,4,3,Suburb,1956,199158.8392
2355,5,3,Urban,2003,240729.2744
2385,2,1,Suburb,1963,212863.568
2944,3,1,Rural,2014,300487.1443
1288,3,3,Suburb,1950,122126.615
2467,3,1,Suburb,2019,152105.2104
2060,4,3,Urban,2020,278643.3919
2371,2,2,Urban,2003,280085.0051
1891,3,2,Rural,2013,94703.95248
2779,4,3,Urban,1990,282987.4177
1042,3,1,Urban,1975,121281.9978
2149,5,2,Rural,1973,184185.3309
1008,5,3,Rural,1981,117897.8243
2549,5,2,Rural,1971,196782.1367
2154,3,1,Rural,2018,256894.0702
2348,4,2,Suburb,2008,272890.2588
1183,3,2,Urban,1972,146636.4985
2305,4,3,Rural,2011,276426.2249
1894,3,2,Rural,1990,216336.389
2076,4,2,Rural,1968,235136.6346
2576,3,1,Urban,1963,252154.2614
2873,2,1,Suburb,1990,266071.7112
1869,2,2,Rural,1995,212085.5363
1532,4,2,Suburb,1980,252493.6581
2400,5,3,Suburb,1993,364288.4398
2318,5,2,Suburb,1989,199331.9142
2231,5,3,Urban,1984,195627.3907
1999,4,1,Suburb,1989,139493.912
1662,2,1,Urban,1997,156216.9849
2500,4,2,Suburb,1991,197732.2175
2993,3,3,Suburb,1984,299253.0562
1953,3,3,Urban,2019,205491.554
1068,3,2,Rural,1959,218123.4509
2866,3,3,Urban,2021,360118.9077
2948,3,2,Suburb,1965,329459.8763
2853,3,1,Suburb,1959,366909.2208
2460,5,2,Urban,1972,254154.3622
1300,5,1,Rural,1999,45704.2335
1026,3,1,Rural,2001,158595.3752
2651,4,1,Suburb,2005,259063.3538
1929,2,3,Urban,1961,234492.5268
1653,3,3,Suburb,1977,165875.0065
1552,3,2,Rural,2011,174685.5182
1105,4,3,Rural,1979,137241.4793
1585,5,3,Suburb,1979,314924.4713
1571,4,3,Rural,1988,71879.13187
1809,2,1,Suburb,1999,323300.5597
1633,2,1,Suburb,1952,36904.34049
2970,4,1,Rural,1952,338183.5584
2738,3,1,Urban,1960,359600.2561
2034,5,1,Suburb,1970,244669.8354
1930,3,3,Rural,1994,343814.8791
1658,3,2,Rural,1976,145245.1746
2239,3,3,Urban,1977,212241.1255
1885,3,2,Rural,1958,202104.153
1320,5,1,Rural,1950,290621.9267
1459,4,2,Urban,1971,186123.2024
2980,2,3,Suburb,2004,367866.5549
2838,2,3,Rural,2004,168389.6369
2549,5,3,Suburb,2010,425958.5859
1578,4,1,Rural,1967,155481.777
2715,5,3,Urban,1987,268181.9412
1876,3,3,Suburb,1962,186716.7264
1753,5,1,Rural,2006,225626.8029
1159,4,3,Suburb,1983,76128.50944
1463,2,1,Rural,1950,113574.1604
1997,5,3,Urban,1963,253079.6627
2545,2,1,Suburb,1950,206359.458
2659,2,1,Suburb,1956,262188.7966
2296,2,3,Rural,1957,243977.6564
1240,4,2,Rural,1958,199333.3888
1935,3,3,Urban,1992,209297.1426
1963,3,2,Rural,1977,180854.4602
1958,4,3,Rural,1982,241565.7058
2678,3,3,Suburb,1975,258908.6388
1864,3,2,Rural,1982,242232.0046
2190,3,1,Rural,1962,187109.1322
2592,5,2,Suburb,1987,282751.3964
1649,3,2,Rural,1976,202469.2192
1326,5,1,Suburb,2018,171727.0077
1864,2,3,Suburb,2008,189167.9549
1528,5,2,Urban,1975,208953.3378
2867,3,2,Rural,2012,423152.9316
2296,4,2,Rural,1956,257563.0239
1878,2,3,Suburb,2013,175500.7814
2399,2,2,Suburb,1980,213833.9354
2935,5,3,Urban,2007,331159.1251
2398,4,2,Rural,1971,255242.4661
1333,3,2,Urban,2007,216942.914
2026,5,1,Rural,2007,121082.3349
2266,5,2,Suburb,1996,301319.7759
2643,2,1,Rural,2014,316365.8038
2074,5,1,Urban,1963,160865.213
1881,4,3,Rural,1998,273008.6723
1349,5,2,Rural,2015,54660.81039
1173,5,2,Urban,2007,52711.41667
1115,4,1,Urban,1956,113011.0109
2718,5,1,Suburb,2002,246870.6261
1360,3,3,Urban,1997,122395.7101
2378,5,3,Suburb,2001,289890.3375
2689,3,1,Rural,2007,326947.3178
2782,4,2,Urban,1996,324878.6004
1075,3,3,Rural,1964,202596.1502
2950,4,2,Urban,1996,414351.5709
1755,3,1,Rural,2015,152322.0868
2104,3,1,Urban,2013,306821.4887
2252,4,1,Rural,1998,255499.0688
1071,4,3,Suburb,1956,160331.8703
2426,3,3,Rural,2011,273092.5911
2241,4,1,Suburb,1967,264943.1196
1451,2,2,Urban,2011,143081.5715
1910,5,3,Rural,1967,215554.0745
2778,3,1,Rural,1958,280496.3881
1366,2,1,Rural,2018,99263.03202
1825,2,2,Urban,2008,178967.2608
2613,2,3,Suburb,1984,313958.0385
1669,4,3,Rural,1953,266163.876
2583,5,1,Suburb,1987,334361.5587
2335,3,1,Rural,1969,249264.2773
2321,5,3,Suburb,1987,197489.9195
2047,3,1,Urban,2005,258126.8431
1109,5,2,Suburb,1978,110990.4661
1051,5,1,Urban,1979,112282.3573
2962,2,2,Rural,1956,266705.4018
2313,4,3,Rural,1987,249327.3011
2467,3,1,Rural,1962,306823.2454
1466,3,3,Rural,1988,129583.1584
2282,3,3,Rural,2012,177674.5559
2347,2,2,Suburb,1979,167613.7549
2674,2,1,Rural,1983,254445.1188
2932,2,3,Urban,1965,246369.0916
1817,2,2,Urban,1990,192715.8593
2361,2,2,Urban,1972,254626.0067
1786,5,2,Urban,1998,227013.7373
1555,3,3,Suburb,1992,160400.0827
1928,5,3,Suburb,1974,264870.9668
2445,2,2,Urban,1997,241660.3178
1258,4,1,Rural,2003,193822.0647
2648,2,2,Suburb,1959,288318.0381
2762,2,3,Rural,1963,230776.2031
1064,2,1,Suburb,1979,117254.8515
1162,3,2,Rural,2018,174239.9635
2187,3,3,Rural,2004,247499.3343
2701,4,3,Rural,1955,377947.0701
1038,3,2,Rural,2012,107714.1583
1664,2,1,Urban,1991,210834.8112
1319,4,1,Rural,1962,142683.1833
1359,4,2,Urban,2005,181157.0486
1268,4,3,Urban,1980,129268.7108
1323,2,2,Urban,2000,239821.8989
1325,3,3,Rural,1963,175548.1709
2610,5,3,Urban,1978,307719.5194
1256,3,3,Suburb,1996,119443.1429
1199,5,3,Urban,1966,212642.6157
2461,2,2,Urban,1974,227615.9473
1609,3,3,Urban,1991,160196.7877
2127,2,1,Urban,1984,181102.2854
2395,2,1,Urban,2007,328016.789
1904,4,2,Urban,1960,147264.7684
1163,3,3,Suburb,1954,141603.4012
2136,4,3,Suburb,2005,307861.8106
1614,3,3,Suburb,2012,209068.1149
2572,2,2,Suburb,2014,244360.6654
1105,4,1,Rural,1975,78595.36989
1698,2,3,Suburb,1996,174658.2873
1363,5,1,Suburb,2021,166677.3529
2044,2,3,Suburb,1970,191249.2053
1659,5,3,Urban,1984,207190.6772
2152,5,1,Suburb,1991,297799.1421
2506,4,2,Suburb,1954,248367.6231
1698,4,3,Rural,1995,215445.4023
2819,3,2,Suburb,2008,301747.264
2222,3,3,Urban,1982,278388.4359
1746,4,3,Rural,2009,273283.122
2975,3,3,Rural,2015,306427.5687
2643,2,3,Urban,2020,276070.6465
2544,2,2,Urban,1970,223440.8236
1960,2,2,Rural,2001,290314.6219
2443,2,1,Urban,1983,254066.1519
2249,2,2,Suburb,1995,266410.4591
1929,5,2,Urban,1953,315332.4731
1208,2,1,Rural,1979,148208.9225
2268,3,1,Urban,1988,333363.8461
2311,4,3,Suburb,2008,273848.1779
2089,4,1,Rural,1961,275830.5007
2891,3,2,Urban,1973,377957.8614
2176,3,1,Urban,1970,226725.7213
1490,3,3,Suburb,1985,157575.442
2458,4,2,Urban,2006,307058.3567
1702,3,3,Rural,1954,243024.663
2241,3,2,Suburb,1998,228492.0628
2452,5,1,Urban,2004,240451.3574
1501,5,1,Urban,1954,178721.3546
1665,5,1,Rural,2016,164331.6273
2812,4,1,Suburb,2002,289321.346
2617,3,1,Rural,1954,269305.2839
1220,2,2,Rural,1965,75931.85439
1434,4,3,Urban,1969,175978.1588
1279,5,3,Suburb,1971,100698.0872
2646,5,3,Urban,2006,355252.3293
2115,4,3,Rural,1968,342494.7896
1523,4,1,Urban,1952,179608.996
2162,3,3,Urban,1991,225955.2691
1666,4,3,Urban,1962,204719.848
2046,2,2,Suburb,1977,314313.4692
2440,2,2,Suburb,1954,359347.6993
2999,4,1,Urban,1989,316435.6172
1731,2,2,Suburb,2007,230879.6452
1347,3,1,Rural,1960,37107.80959
2260,4,3,Suburb,1979,232480.5203
1764,2,3,Rural,1978,260457.4494
1933,5,1,Rural,1986,190257.0537
1182,3,3,Suburb,1972,184156.2968
1507,4,1,Suburb,1990,207120.6814
1197,4,2,Urban,2002,213385.6182
2705,4,2,Suburb,1972,255434.9906
2146,5,3,Urban,2017,114908.6224
2948,2,2,Rural,2014,282779.7536
2569,4,1,Suburb,1968,195526.6646
1380,2,2,Urban,1997,125506.4497
1824,3,3,Urban,1959,194279.8562
2538,5,3,Urban,1985,279512.67
2029,5,1,Urban,1993,281818.2248
2327,3,2,Rural,1972,268620.3501
2637,3,2,Rural,1963,244719.185
1191,4,1,Rural,1955,219254.7534
2399,3,1,Rural,1999,144195.0111
1524,5,1,Rural,2006,220228.2906
2059,2,3,Urban,1996,174511.8608
2998,2,3,Suburb,1982,412232.5908
2093,2,1,Urban,1962,183066.8036
1288,2,2,Suburb,2017,201032.826
1104,2,1,Rural,1986,137792.0318
2739,2,1,Suburb,1985,318884.1464
1312,5,1,Suburb,1976,172881.1994
2078,3,1,Rural,1951,207890.8761
2130,5,3,Urban,2001,174696.7883
2676,4,3,Suburb,1961,266282.6902
2760,2,2,Rural,1966,262408.5931
1306,3,3,Suburb,2006,63968.897
2883,3,1,Urban,1979,340062.8892
1820,2,1,Urban,1968,301396.4393
1035,3,1,Rural,2006,75731.49928
2156,2,2,Rural,1967,239272.6559
1886,4,3,Urban,1980,237304.0525
2048,2,1,Urban,2006,169271.0171
2872,4,1,Rural,2016,372488.0083
2060,3,1,Suburb,1966,264307.2333
2042,5,2,Rural,1956,318119.8615
1034,3,3,Rural,1990,104565.6051
2386,5,2,Urban,1983,286257.1871
2441,2,3,Rural,1957,301610.9483
2845,3,1,Urban,1970,285295.454
2453,3,2,Suburb,2002,339215.9361
2541,4,2,Urban,1991,285583.0939
1466,2,2,Urban,1963,196015.8903
1896,5,3,Suburb,1990,181910.9572
1198,2,2,Urban,1975,122318.2461
2569,4,2,Urban,1987,288929.6564
2591,4,1,Rural,1950,350208.0971
1767,4,2,Rural,1955,213718.6337
2234,2,1,Rural,2009,218143.1092
2632,4,1,Suburb,2000,279741.9973
2817,2,2,Rural,1961,281272.5851
2524,4,1,Rural,1974,160241.2196
1240,3,3,Rural,1964,204280.5164
2193,5,3,Rural,1981,329570.5509
2882,2,3,Urban,1984,245908.3746
1293,5,1,Rural,2014,119006.3304
1921,2,3,Suburb,1955,194469.893
2762,2,3,Suburb,1965,304279.5474
2338,3,1,Rural,1982,275342.5395
2150,3,2,Urban,2005,155564.6476
1467,2,1,Suburb,1994,275243.6814
2815,4,1,Rural,1971,328896.3433
1366,2,2,Suburb,1961,195156.7235
2044,2,3,Urban,1951,263229.0956
1315,3,3,Suburb,2005,45686.85308
1757,3,1,Rural,1960,194963.4418
2113,5,3,Suburb,2005,289899.5419
2427,5,1,Rural,1993,230527.8894
2541,4,1,Urban,1976,250959.8071
1450,5,3,Rural,2021,183240.5634
1777,5,1,Suburb,1955,278592.3786
1907,5,3,Rural,1955,218636.0534
2632,4,2,Urban,1971,300670.3223
2173,2,1,Rural,1961,126367.0258
1445,2,3,Rural,1956,132126.7042
1956,4,2,Suburb,2020,210616.2942
1079,2,1,Urban,1977,145761.5305
2040,5,2,Rural,1997,232486.4311
1137,5,1,Suburb,1972,160745.9951
1651,5,3,Urban,1963,281549.0385
1850,5,2,Rural,1951,97186.75303
2531,2,2,Urban,2009,239983.2518
1551,4,2,Urban,1974,113225.2814
2942,4,3,Rural,2005,306429.7679
2703,4,1,Suburb,2014,236122.7283
1073,3,3,Suburb,2014,169734.1784
2097,4,2,Suburb,1969,171823.251
1049,3,2,Rural,1963,80921.9788
2033,4,2,Urban,2005,220138.2329
2126,5,3,Suburb,1950,336181.8876
2885,4,2,Suburb,1999,336793.4311
1387,3,1,Urban,2002,161152.7253
1384,5,1,Rural,1991,216195.5811
1298,3,3,Rural,2012,213668.0604
1338,2,1,Rural,1996,115962.3619
2412,2,3,Rural,2006,264920.0402
1473,2,3,Suburb,1979,185913.2595
1615,5,2,Suburb,2019,123534.0824
2825,5,3,Urban,1974,374046.5434
1961,3,2,Urban,1974,310273.856
1791,5,1,Urban,1979,178353.2647
2165,4,1,Suburb,2013,238461.4484
2832,3,2,Rural,2018,300742.8914
2193,4,2,Suburb,1955,333824.0321
1012,5,1,Rural,1984,154943.4068
2692,4,3,Rural,1970,301483.2095
1448,5,2,Urban,1995,249123.2385
1173,5,2,Urban,2020,237442.0425
2697,4,2,Rural,1951,327046.6151
2982,2,3,Suburb,2020,391077.7422
2155,5,3,Suburb,2010,267527.8013
2563,3,2,Urban,1985,200602.646
1594,3,1,Urban,2001,243194.434
2920,2,3,Rural,2005,314926.6818
1931,4,2,Rural,1998,156763.984
2898,2,3,Rural,1977,240748.0074
1268,4,1,Urban,1961,132368.7732
2274,2,3,Rural,2003,236212.8126
2393,5,1,Rural,1981,288560.4332
1617,3,3,Rural,1954,196712.5753
1772,2,2,Suburb,1967,245267.55
1864,3,2,Rural,2019,262659.6926
1525,4,2,Urban,1973,249121.5162
2615,2,1,Rural,1987,275221.0138
1887,2,1,Suburb,2014,145412.7095
2529,2,3,Rural,2016,237022.3864
1671,2,2,Urban,1977,103688.5208
1177,3,3,Urban,2009,61619.62974
2690,5,1,Rural,1985,286229.4075
2570,3,2,Urban,1992,223196.4118
1258,5,3,Suburb,1975,225389.4786
1259,2,3,Urban,1976,202641.3828
2158,5,3,Urban,2013,264211.8959
2484,3,3,Rural,1970,234708.3773
2512,2,1,Urban,2016,224233.0864
1642,3,1,Urban,1988,268590.4593
1080,3,3,Suburb,2008,151204.4853
2390,3,1,Suburb,1966,288505.2927
2082,5,2,Rural,2010,317885.6974
2097,2,2,Rural,2010,234622.124
2262,2,3,Rural,2008,258705.5908
1128,3,2,Suburb,1958,204721.6008
1411,4,2,Suburb,1981,25550.19612
1314,3,3,Suburb,1957,88809.06866
2397,5,1,Urban,1953,395569.2293
2460,5,3,Urban,1965,240490.1836
2161,2,3,Urban,1975,246745.0232
1454,4,1,Suburb,1999,110869.6095
1614,5,1,Urban,1964,165903.3685
1898,2,1,Rural,1961,176776.2566
1902,4,2,Suburb,2010,242344.6513
2032,4,1,Urban,1964,230997.2422
1231,2,2,Rural,1992,115655.9351
1610,5,1,Rural,1960,174941.0402
1729,3,3,Suburb,1964,114105.9652
1964,5,1,Urban,1961,267175.5344
2420,5,3,Suburb,2005,269429.3629
2772,5,3,Rural,1969,256013.7773
2757,2,1,Rural,1960,227702.3007
2703,2,2,Rural,2005,357958.3169
1881,3,2,Rural,2009,203591.7433
2597,5,2,Rural,1979,268393.1248
1317,5,3,Urban,1974,177601.5371
2530,3,2,Urban,2007,341508.3294
1521,4,3,Rural,1981,344927.4549
2769,4,1,Urban,1996,197827.9725
2110,3,2,Suburb,2014,209989.3424
2802,5,1,Urban,1976,323668.0729
1715,2,1,Suburb,2015,157683.6674
2341,5,3,Suburb,1975,275363.3756
2356,3,3,Suburb,1986,285725.9532
2383,3,3,Suburb,2004,240679.8896
2264,3,3,Urban,1999,272835.3247
2079,2,2,Suburb,1984,164745.6513
2133,5,3,Rural,2009,204723.3981
2072,2,1,Urban,1956,262878.4644
2778,4,2,Suburb,1998,335896.2909
2039,5,2,Rural,1964,308210.6321
2096,3,2,Urban,1987,269344.4563
1883,5,2,Urban,1957,280947.4039
1201,3,3,Rural,1966,137960.9404
1092,2,2,Suburb,1969,54607.86273
2672,5,2,Rural,1993,248572.0854
2056,3,2,Suburb,2004,276455.9301
2623,2,3,Suburb,1991,324956.3972
1418,5,3,Rural,1986,244000.0357
2226,5,2,Suburb,1959,297863.672
1550,4,2,Suburb,2015,198515.2056
1625,5,1,Urban,1992,263191.098
1844,4,2,Suburb,1958,225282.7931
2782,5,1,Suburb,2010,274099.4859
2878,4,1,Rural,1998,309543.5829
2944,2,2,Urban,2003,387509.7895
1881,5,3,Suburb,1955,214835.5644
1719,2,3,Rural,2020,157896.553
2335,5,2,Suburb,1976,318214.7619
1943,5,1,Urban,1954,178125.5721
2492,5,3,Rural,1999,324084.7128
1393,5,3,Urban,1993,245780.3617
1808,5,1,Suburb,1993,130290.3921
1871,5,3,Urban,1981,208206.7989
2234,3,1,Urban,2008,266126.8606
1866,5,2,Rural,1977,244928.8348
1570,4,1,Suburb,1967,214950.6143
2179,5,3,Rural,1979,268704.7494
1633,2,2,Rural,2005,163455.8033
1631,4,2,Suburb,2008,154364.1579
1808,4,3,Suburb,1956,250175.8693
1321,4,3,Urban,1954,158231.2578
2458,3,1,Suburb,1985,261878.2176
1573,5,1,Urban,1965,165095.937
2693,2,2,Suburb,2016,318327.1113
2063,2,2,Urban,1980,326880.4933
2777,2,3,Urban,1957,310019.0224
2063,3,1,Urban,2016,214812.4807
2476,3,2,Suburb,1985,322957.8378
1869,3,3,Urban,2009,300195.5579
2213,5,1,Rural,2003,251789.7943
1745,3,2,Rural,2014,208465.4726
2038,2,3,Rural,1999,216068.2129
2147,3,3,Urban,1999,214247.1246
2763,2,2,Suburb,2019,261230.5605
2922,4,2,Urban,1991,377865.3437
2303,2,1,Urban,2008,202965.5129
1936,4,2,Suburb,1963,217408.4635
1958,5,2,Urban,1972,342841.5589
1047,3,2,Urban,1986,90284.04123
1188,5,1,Rural,2013,141862.538
1303,5,3,Rural,2018,150871.1641
2582,5,2,Suburb,1959,269536.8636
2719,4,1,Urban,1961,271326.9829
2128,3,1,Rural,2019,267711.1691
1368,5,3,Rural,1957,144447.1697
2524,5,1,Rural,2009,179012.1452
1459,2,3,Suburb,2019,159227.8166
1246,2,2,Rural,1960,147312.2208
1263,3,3,Urban,2020,92737.04753
2229,2,1,Urban,1972,115730.7182
2530,4,3,Urban,1980,225617.6323
1529,4,2,Rural,2021,230788.6543
2387,4,3,Suburb,2010,230427.0445
2786,5,3,Urban,1990,351719.8222
1749,3,3,Suburb,1992,209462.988
2363,4,2,Rural,1969,286734.3907
1406,4,1,Suburb,1994,64109.22541
1452,4,1,Rural,1953,176038.562
2856,4,2,Suburb,2018,302648.2019
2900,4,1,Suburb,1978,358216.4984
1813,4,3,Rural,2017,202963.651
1577,3,3,Suburb,2007,255339.1535
2871,4,1,Urban,2014,380392.263
1964,3,3,Suburb,2009,208514.3539
2173,3,2,Rural,1970,274517.8599
2216,3,3,Suburb,1966,229334.288
2931,4,2,Urban,2004,259868.6996
1146,4,3,Suburb,2000,64728.73327
1405,3,1,Suburb,1966,145843.3133
1182,3,1,Suburb,1967,123617.1123
2129,4,3,Rural,1957,251294.3523
1235,2,2,Rural,2011,181112.8905
1637,2,2,Rural,1992,293163.6106
1957,2,2,Rural,1982,111537.0534
1178,4,2,Urban,1969,88256.82684
1431,3,2,Suburb,2017,95036.19039
2424,2,2,Urban,1951,245141.4082
1524,5,2,Rural,1989,223368.5287
1742,5,1,Urban,1984,195075.8893
2563,3,1,Rural,2021,309113.8952
2914,5,1,Suburb,1967,294907.2727
1322,4,1,Rural,2006,159183.388
2284,5,3,Urban,1989,206436.2881
2635,3,2,Rural,1995,250952.268
2723,2,1,Urban,2014,319810.8072
1398,4,2,Rural,2013,251481.9453
1336,3,2,Rural,1952,155134.4464
2323,4,2,Urban,1996,284653.8466
1118,2,2,Rural,1956,74764.30042
2581,2,3,Rural,1963,194416.602
1412,2,2,Urban,1966,170685.994
1579,4,1,Urban,1973,259861.1194
2407,5,1,Rural,1957,261167.5144
2503,4,3,Urban,1965,307265.8946
1304,2,3,Urban,1960,244981.0225
2706,4,2,Urban,1986,304408.6634
2893,4,3,Rural,1977,352778.0085
1195,5,3,Urban,2013,142002.6558
1332,2,1,Rural,1956,127650.4049
2043,5,3,Suburb,1998,303615.2501
1622,2,1,Rural,1963,145250.2959
1657,3,1,Suburb,1998,248494.6763
1703,2,1,Suburb,2003,96002.22292
2456,4,2,Suburb,1951,274837.0111
1882,3,1,Rural,1978,166440.829
2449,4,3,Suburb,1962,307817.5794
2252,3,3,Suburb,1997,310401.503
1523,4,1,Rural,1993,222034.7874
1216,3,1,Urban,2012,229065.9556
1989,3,1,Urban,2019,67183.60514
2614,4,1,Rural,2004,236026.0433
1374,3,1,Suburb,1976,121304.6339
1035,4,3,Urban,1957,64032.54025
1775,5,2,Rural,1984,316853.1859
1027,4,1,Suburb,1988,149765.5692
2395,5,1,Suburb,1969,219837.4319
1085,3,2,Urban,1993,35259.05451
1187,2,1,Urban,1980,164598.8998
1304,5,3,Suburb,1973,168147.678
1765,2,3,Rural,1971,140659.8896
2445,2,2,Rural,1999,380392.6357
1079,4,1,Suburb,1960,114731.3516
1185,4,1,Urban,1991,111492.5513
2028,2,3,Rural,2013,301476.3317
1557,4,3,Rural,2020,212732.6307
2889,2,1,Urban,2009,297960.8784
2520,4,1,Urban,1975,333842.908
1508,4,1,Urban,1965,174733.0569
2637,4,1,Rural,1957,322616.9319
1970,2,1,Suburb,1988,170982.552
2025,3,3,Rural,1952,171779.4051
1216,4,3,Rural,1970,82277.71713
2560,4,3,Suburb,1968,353191.1558
1256,2,3,Suburb,1965,67294.63818
2758,5,2,Rural,1999,298421.258
2476,2,3,Suburb,1997,299267.0285
2447,4,1,Suburb,2007,192342.0614
1323,4,3,Rural,2001,197626.3111
2522,3,3,Urban,2017,354449.3078
2604,4,3,Urban,2015,337221.1585
1196,5,2,Urban,2010,158431.5709
1503,4,3,Rural,1989,132394.8758
2295,4,3,Rural,1970,249973.5357
1693,3,1,Suburb,1960,226308.3664
1958,5,1,Rural,1971,182595.3195
1017,5,1,Suburb,1979,89294.08962
1106,4,1,Urban,1967,119060.4926
2552,5,2,Urban,2019,301809.3157
1124,3,3,Suburb,2021,98105.16039
1482,2,2,Rural,1980,267653.2939
2617,4,3,Rural,1962,256559.1306
2027,4,1,Urban,1991,125776.0376
1626,5,3,Rural,1994,304625.4896
1350,4,3,Urban,1963,149940.2125
1350,4,3,Urban,2018,187293.4612
1648,3,2,Suburb,1987,187771.0459
2822,2,1,Suburb,1984,279707.2253
1900,2,1,Urban,1961,253146.5111
1227,5,2,Urban,1968,171876.4271
1015,3,2,Suburb,1966,145750.4917
2833,3,2,Urban,1988,316635.0661
1424,3,1,Rural,2012,187929.8317
1463,3,1,Urban,1978,94623.28558
1723,4,1,Urban,1952,204528.7719
2269,5,2,Rural,2003,317311.804
2821,5,2,Urban,1985,343338.9666
1793,4,1,Urban,1989,179129.6985
1176,5,3,Rural,1969,231901.9801
1542,3,3,Rural,2013,260415.8324
1508,4,1,Urban,1953,147893.2306
2585,4,3,Rural,1977,313071.4353
2678,2,2,Suburb,1958,391915.7568
1563,4,1,Urban,1994,218147.778
1232,2,2,Urban,2001,168606.2147
2701,4,3,Urban,1968,313092.7466
2061,5,1,Suburb,2021,172705.129
1490,2,3,Urban,2007,241380.0925
2016,2,2,Rural,2016,215628.3896
1443,2,1,Suburb,1963,174471.5456
1019,2,2,Suburb,2007,176825.4216
2634,3,2,Suburb,1953,266506.2694
2750,4,2,Suburb,1998,234482.9977
2579,3,2,Suburb,1971,247285.9716
1110,5,1,Urban,2009,114891.3783
1486,4,3,Rural,2004,205995.5668
1088,3,3,Urban,1956,113413.1462
2342,4,2,Suburb,2003,163451.6667
2141,3,2,Suburb,1984,154444.1684
1433,5,2,Rural,1974,136149.347
2941,3,3,Suburb,1953,300820.171
2262,5,1,Suburb,1989,223965.5068
1071,2,3,Rural,1964,98590.41841
1821,3,3,Suburb,1988,206957.5099
2928,2,2,Suburb,1951,327664.0585
2422,5,2,Suburb,1975,195166.4329
1815,2,1,Suburb,1991,244187.0154
1403,3,2,Rural,1974,166783.7779
2698,4,2,Urban,1962,240800.1966
1250,3,2,Urban,1975,97956.01299
1868,2,3,Rural,2018,278067.3899
2218,2,1,Rural,1963,193077.0167
2595,3,1,Suburb,1954,266785.704
2633,3,3,Suburb,1981,278200.622
2953,3,3,Urban,2021,351321.0756
1867,3,2,Rural,1979,127653.5336
2890,5,1,Suburb,1994,264178.5862
2608,4,3,Urban,1990,262922.2905
2245,2,3,Rural,1977,297127.2371
2654,5,2,Rural,1968,205747.694
2205,3,2,Urban,1958,272402.6374
1895,3,1,Rural,2006,212882.2019
2753,5,1,Rural,2019,290970.3512
1255,3,1,Rural,1955,224889.3463
2931,2,2,Rural,2014,283024.239
2111,2,1,Rural,1985,295147.6342
1872,2,2,Suburb,2021,167793.1048
2810,5,1,Suburb,1998,213696.6945
1491,3,2,Suburb,1952,212825.4177
1335,5,1,Rural,1974,108764.5452
2561,2,3,Urban,1991,272105.3294
2430,5,2,Urban,1953,382064.8232
1632,3,3,Urban,1950,265923.9799
2312,3,1,Urban,1955,224454.1764
1361,4,2,Suburb,1968,132117.9732
2464,4,1,Suburb,1983,323546.5076
2053,4,2,Suburb,1952,233068.1316
1918,2,3,Rural,2016,248546.6428
2737,4,1,Rural,1981,358814.6853
1893,2,2,Rural,1994,234289.4719
2571,5,3,Rural,1978,257307.4404
1636,3,3,Rural,2018,245476.7408
2246,5,3,Rural,1951,300360.732
1746,4,1,Urban,1980,181968.8621
2147,4,1,Suburb,1966,233380.9527
1682,2,3,Suburb,1997,187433.1351
2002,2,2,Suburb,2001,341283.705
2006,5,1,Suburb,2012,234782.4412
2985,5,1,Suburb,1958,343556.9863
1692,4,1,Rural,1955,173238.267
1214,2,3,Rural,2017,117364.1769
1117,2,2,Urban,2016,83286.29476
1226,5,1,Rural,1952,198853.1304
1890,2,2,Urban,1954,267388.8555
1443,5,1,Suburb,1988,228630.9528
1548,3,1,Suburb,1963,207252.8264
1828,4,2,Suburb,2012,210891.0354
2631,2,2,Rural,1996,284641.0099
2655,2,2,Urban,1977,346490.9799
2460,3,3,Suburb,2013,361716.1283
1011,3,2,Urban,1957,176985.8078
2145,3,2,Suburb,1967,295842.8321
2570,5,2,Rural,1968,325126.522
1488,5,2,Suburb,2002,226991.2265
2274,3,2,Rural,2012,287712.1406
1578,4,2,Rural,1984,156427.1329
2505,4,2,Suburb,1994,226509.5879
2573,2,1,Rural,2013,245565.208
2303,5,2,Urban,1993,324310.0982
1741,4,2,Rural,1973,139842.6636
2360,2,2,Urban,2001,310881.0815
1167,4,2,Rural,1979,95796.3238
1960,5,2,Rural,1990,233495.9916
2976,4,1,Rural,1991,335560.6685
2351,4,3,Rural,2011,259589.6112
2269,5,2,Suburb,1959,304362.1278
2614,2,1,Rural,1976,283916.5091
2649,2,3,Rural,1960,302419.0267
2324,3,2,Rural,1992,215248.6247
2752,2,1,Urban,1980,170151.3316
1199,3,3,Suburb,1986,216157.2637
2916,5,3,Urban,1966,365181.4363
2523,2,3,Suburb,2017,272016.1119
1863,5,3,Suburb,1963,207321.2154
1753,2,3,Urban,1993,237420.5822
2036,4,1,Urban,1962,227756.0032
2389,2,2,Urban,1958,221236.2327
2742,4,3,Rural,1953,283449.7949
1773,2,1,Suburb,1971,235007.8706
1096,5,2,Urban,1980,129181.8551
1070,3,1,Suburb,1950,159562.5701
1992,2,1,Urban,1973,253522.8283
2838,5,3,Rural,1951,356437.5237
2884,4,2,Urban,1965,335463.0262
2765,4,1,Rural,1987,285926.2723
1356,4,2,Rural,2006,129713.499
1811,4,3,Urban,1966,259388.7165
1543,5,2,Suburb,1964,217783.0145
2273,2,3,Suburb,1961,173380.9333
1253,4,1,Rural,1988,164691.046
2794,4,2,Suburb,1982,326708.6929
2205,2,2,Rural,1980,166654.1813
2875,5,3,Urban,1978,356571.4905
2997,4,3,Rural,1994,413063.5495
1987,3,2,Suburb,1953,170468.0774
2189,5,1,Suburb,2011,301756.7166
1003,3,1,Suburb,1981,7850.236271
2486,5,1,Urban,1987,242978.5462
1144,4,1,Suburb,1954,270766.9534
1164,5,3,Urban,1994,195067.511
1343,5,3,Rural,1997,157957.2099
2897,3,1,Urban,1955,313894.293
2128,5,1,Urban,2017,262423.7708
2571,5,2,Urban,1971,303690.1449
2337,4,3,Rural,1998,270131.0179
2192,2,1,Rural,2003,276915.3631
1519,3,1,Rural,2015,209332.5367
2986,3,2,Urban,2018,422449.3237
1925,2,1,Urban,1995,162700.7158
2621,3,2,Urban,1964,276784.731
2459,4,3,Suburb,2021,252764.2544
1608,5,1,Suburb,1952,163722.4422
1511,5,1,Rural,1986,217940.3482
1408,4,2,Rural,2008,128767.4835
1435,3,2,Urban,2003,115557.7105
2338,5,1,Suburb,1994,246043.6167
1541,2,3,Suburb,1970,107367.2946
1612,5,1,Suburb,2005,243956.7295
2602,4,2,Suburb,2017,252048.2877
1899,5,3,Suburb,1977,236350.9212
2884,4,1,Urban,2009,321077.7431
2976,3,3,Rural,1987,331897.3647
2086,2,2,Urban,2015,201960.2359
2055,4,2,Suburb,2000,191158.665
2622,2,2,Rural,1966,302389.1402
2234,3,1,Suburb,1973,190277.1909
2486,3,3,Rural,2012,281547.0753
1562,4,3,Suburb,2018,137597.5363
1574,5,2,Urban,2019,194037.6272
2103,2,1,Suburb,1998,250459.6718
2021,5,2,Rural,2015,134401.2559
1342,2,2,Rural,1953,106581.4348
2255,3,1,Rural,1967,236814.9915
2901,3,2,Suburb,1981,365920.3114
1612,3,3,Suburb,1975,165246.9527
1128,5,1,Urban,2015,65994.07912
2042,3,1,Suburb,1986,167958.4517
1356,5,2,Suburb,1988,77581.33862
2442,3,1,Rural,2001,269735.9104
1958,5,2,Rural,2016,176197.5005
2629,4,2,Suburb,1992,361085.5812
1080,4,2,Rural,1957,145447.0309
2638,2,2,Suburb,2012,243273.7812
2904,5,3,Suburb,1999,390061.9029
1665,5,2,Suburb,2016,209599.6304
1780,4,1,Suburb,2006,178684.6532
2141,4,2,Suburb,2002,239726.1253
2877,4,2,Suburb,1980,367102.4406
2517,2,2,Rural,1951,215442.261
1790,4,3,Urban,2003,192755.6914
1491,2,2,Urban,2006,188094.4797
2898,2,2,Rural,1973,260246.5028
1224,4,1,Urban,1998,177607.008
1986,4,3,Urban,1979,217781.9853
1418,4,1,Suburb,1966,178099.9169
1779,5,2,Rural,1954,197042.9421
1136,3,1,Urban,2017,108244.6668
1225,5,1,Rural,2011,212261.2191
2357,2,3,Suburb,1950,180705.27
2252,2,3,Urban,2010,249971.4046
1322,3,3,Urban,1992,199922.5728
2131,3,1,Urban,1953,283457.254
1811,4,3,Suburb,2017,213574.8632
1444,5,1,Rural,1994,160043.3454
2940,5,1,Urban,1978,292259.6245
1006,5,2,Urban,1955,162825.4447
1127,3,1,Urban,1954,95057.15911
2376,5,2,Rural,2015,282816.6697
1266,3,1,Suburb,1996,106516.111
1684,5,2,Urban,1978,234091.6164
1927,3,3,Suburb,1993,269435.4392
1213,5,2,Urban,1970,264311.9627
1246,2,1,Urban,1990,151789.426
2641,3,2,Rural,2003,238054.2568
2618,4,2,Rural,2003,237937.1574
2827,2,3,Rural,1960,308446.6381
2397,2,2,Suburb,1981,300274.9263
1420,3,3,Urban,2021,141621.0018
2738,5,2,Rural,1974,335027.5766
2064,5,2,Urban,1954,236713.3315
1716,3,1,Rural,1958,162545.5929
2371,5,1,Urban,1972,284886.3652
2584,5,3,Urban,1965,367293.0272
1142,5,3,Suburb,1998,136050.4777
1140,3,1,Urban,1999,102894.694
1564,3,3,Urban,2001,57909.48276
1106,4,1,Urban,1962,93736.68226
1032,5,2,Rural,2009,161421.6546
2223,5,3,Urban,2003,263708.3318
1118,3,2,Suburb,1956,210791.0944
2823,4,1,Suburb,1988,270025.9913
1228,3,3,Rural,1985,134696.7891
2653,3,3,Urban,1976,306171.2688
1687,4,3,Suburb,1970,197279.6462
2987,3,3,Rural,2012,386375.013
2208,2,2,Rural,2010,137811.7655
1829,4,3,Suburb,1993,318072.0451
2010,5,3,Suburb,2021,283113.6647
1849,5,3,Rural,1972,259344.1706
2238,4,3,Rural,2020,329018.0063
1732,5,1,Suburb,1991,176142.1657
2153,2,2,Rural,2000,199470.5467
1844,5,1,Rural,1954,327845.0569
1271,4,2,Suburb,1999,181361.7502
2781,3,3,Suburb,2015,294378.8111
1634,4,3,Suburb,1962,200320.7056
2031,4,1,Rural,1979,245718.281
1402,2,2,Urban,2014,117117.2755
1927,5,3,Rural,1987,198559.9128
2602,4,2,Rural,1985,271496.8138
1626,5,2,Suburb,1991,173336.3062
2392,3,2,Rural,1986,362651.9908
2823,4,2,Suburb,2009,233221.2223
1616,4,1,Urban,1986,195576.3297
1980,5,3,Suburb,1972,144322.5861
1536,2,3,Suburb,2017,130622.3433
2076,2,3,Suburb,2010,315980.0769
1246,5,2,Suburb,1969,135238.7384
1336,4,2,Suburb,1960,152322.4605
2304,3,2,Urban,1966,176644.7861
1032,2,2,Rural,1968,97444.28708
1798,2,1,Rural,2000,140315.8277
1547,3,2,Suburb,2012,174995.5726
2366,2,2,Suburb,1962,211578.507
1890,5,2,Rural,2007,190021.5584
2262,4,2,Urban,2014,240358.4106
2515,2,1,Suburb,2021,294759.033
1728,3,2,Suburb,1986,229348.4546
2200,5,3,Urban,2000,282386.7558
1043,5,2,Suburb,1990,189252.1965
1303,5,1,Rural,2002,123050.1939
2693,5,2,Suburb,1967,305962.6765
1268,4,3,Suburb,1990,193387.0094
1682,5,2,Suburb,2009,181837.5577
2756,5,1,Urban,2015,306864.1989
1399,5,2,Rural,1980,173587.7672
2765,3,1,Urban,2010,320482.1464
1602,3,2,Suburb,1978,247184.3597
1921,3,2,Urban,1961,220755.8724
1970,3,2,Rural,1970,252802.8444
1430,2,1,Suburb,1964,143246.5512
1420,5,3,Urban,2002,270500.8614
1130,2,2,Rural,1975,162192.2571
2433,2,1,Suburb,1987,210830.268
2761,2,2,Suburb,1984,269063.1524
2248,4,2,Suburb,1968,234782.3733
2166,5,1,Urban,2007,241223.3518
1577,5,2,Suburb,1998,247782.2839
1539,2,1,Urban,1997,201692.8091
1124,3,1,Suburb,1998,58747.04593
2235,4,2,Suburb,2002,237413.3795
1933,2,2,Rural,1973,230691.1593
2451,2,1,Rural,2012,244140.4264
2460,4,1,Rural,2011,304489.8469
1591,2,3,Rural,1993,167160.85
2261,5,1,Urban,1968,249993.9964
1643,3,2,Rural,1970,164967.5258
1327,3,1,Rural,2017,176391.9956
1811,3,2,Rural,1997,243928.0213
2142,3,3,Rural,1963,202736.9244
1045,2,1,Rural,1988,156443.9179
1083,3,2,Rural,2014,144625.6977
1793,2,2,Suburb,1963,247941.8239
1351,5,2,Suburb,1950,153792.8645
2036,2,2,Rural,1966,231559.022
1636,2,3,Suburb,1981,227258.6713
2860,2,2,Urban,2010,265045.4869
2195,4,1,Suburb,2012,235319.5783
1233,4,3,Suburb,1986,68133.00056
2204,4,2,Urban,2011,177362.3681
2074,5,3,Urban,1996,195820.9751
1780,3,1,Suburb,2003,177161.0134
1680,2,3,Suburb,1950,167965.8794
2418,2,3,Urban,2010,326590.0136
1932,3,2,Suburb,1986,275680.861
2851,4,2,Rural,1989,272846.0313
2823,5,2,Urban,1955,308663.7079
2452,2,2,Rural,1986,293041.2753
2297,3,1,Rural,1956,217032.5392
1860,4,1,Suburb,2014,222682.9837
2230,5,3,Rural,1969,271228.8794
1147,3,1,Urban,2005,85873.20512
1299,3,2,Urban,2010,261607.9523
2955,2,1,Urban,1960,294786.3696
2476,5,3,Suburb,2018,304619.5868
1548,5,1,Urban,2005,148797.1973
2696,4,3,Suburb,2008,361160.4011
1977,4,3,Suburb,1955,150562.1053
1382,2,2,Suburb,1995,202471.9953
2810,5,3,Suburb,1997,322745.2821
2970,4,3,Suburb,1967,357620.8086
1799,5,2,Urban,1951,211214.6691
2641,3,3,Urban,2000,286919.3536
1533,3,1,Rural,1978,160892.7252
2256,3,1,Rural,2015,216621.1635
2657,5,1,Rural,1982,294315.5232
2152,2,3,Urban,1966,182059.1135
2845,4,3,Urban,1954,354875.3531
2752,2,2,Rural,1980,315121.1723
2683,2,3,Rural,2017,284428.8191
1569,2,3,Rural,1953,156029.8312
1930,2,1,Suburb,1970,174945.4061
1236,4,1,Rural,1974,140871.0785
2605,3,3,Suburb,1998,180171.867
1965,3,2,Suburb,1993,225514.9648
1700,3,1,Suburb,2011,198052.6174
1753,5,3,Urban,1986,173868.9592
1574,5,2,Urban,1964,180645.8078
2508,4,2,Suburb,1982,278979.0329
2264,4,3,Rural,2015,196799.8281
1956,4,1,Suburb,1979,199095.207
2016,3,2,Rural,2019,304526.7834
2720,4,2,Urban,1965,367382.3752
1770,3,2,Rural,2016,259329.0432
2764,3,1,Urban,1988,323230.6775
1222,2,3,Rural,2018,275108.3389
2122,5,2,Suburb,1959,215133.4886
2782,5,1,Rural,1972,285109.8216
1556,4,1,Rural,2015,169350.8574
1910,2,2,Urban,2002,250983.5618
1272,4,1,Rural,1965,117218.007
2422,4,2,Rural,2014,315889.2387
2540,5,1,Rural,2001,226177.3818
1429,2,3,Rural,1976,176476.4482
1522,4,1,Rural,1976,63192.84176
1959,4,3,Urban,1995,215268.7385
2371,4,3,Rural,1959,230508.6905
1909,3,2,Urban,1983,192936.786
2574,5,1,Rural,1952,325651.879
1450,3,3,Urban,2009,205606.2102
2974,4,2,Urban,1975,370774.3754
2011,2,1,Suburb,1965,151350.1461
1041,3,3,Rural,2017,137230.2845
2738,3,1,Rural,1986,262217.5599
1093,4,1,Suburb,2014,154987.5445
1485,3,2,Rural,1977,92253.44666
1516,2,2,Suburb,1971,211881.3574
2587,2,2,Rural,2003,165233.4268
2173,5,1,Suburb,1964,292314.4796
1716,5,3,Suburb,2003,230101.9375
2835,2,1,Suburb,1991,258747.392
1498,2,1,Suburb,1988,168571.2427
1370,3,2,Suburb,1957,114837.2669
1980,5,1,Urban,1990,203845.0377
1698,3,3,Suburb,1959,143379.056
1484,2,2,Rural,1954,137509.6472
1664,5,1,Rural,1961,183466.2954
2406,3,3,Rural,2012,256260.1103
1627,5,1,Urban,2015,191259.1759
2684,4,2,Urban,1990,208004.5699
1731,4,1,Rural,2019,151602.6839
1191,4,3,Rural,1962,77119.23324
2768,4,1,Rural,1958,412087.5586
1835,4,3,Rural,1996,209544.4347
2244,5,1,Suburb,1971,265342.7997
2070,2,3,Suburb,1999,293583.6556
1126,3,1,Suburb,1957,170206.0334
2826,2,1,Urban,1996,386899.5388
1726,2,1,Urban,1957,180078.1526
2030,2,3,Suburb,2017,308963.403
1695,3,1,Urban,1964,202642.3497
2139,4,1,Urban,2013,204867.2396
1563,5,2,Suburb,2020,144964.3907
1365,5,1,Suburb,2000,96421.57568
2069,2,1,Suburb,1968,94030.50933
1392,5,3,Suburb,1973,225210.2959
1953,3,2,Suburb,1999,203770.8759
1022,2,2,Rural,1970,219877.9858
2154,3,2,Suburb,2016,237788.5902
2150,2,2,Suburb,1977,199479.1152
1444,4,3,Suburb,1986,159431.2703
1776,5,1,Suburb,1961,257847.6539
2332,5,1,Suburb,1981,233888.3057
1707,3,3,Suburb,2004,205352.3861
1432,5,3,Suburb,2017,227500.6004
1472,2,3,Rural,1960,173007.1327
2989,4,1,Suburb,1989,378087.0381
1047,5,1,Suburb,2016,83804.91826
2914,4,3,Suburb,1959,306841.5899
2105,3,2,Rural,2002,203375.6625
2132,4,3,Urban,1966,120859.1698
1262,5,3,Suburb,2007,153310.8326
2890,5,2,Rural,1958,376445.7135
2054,3,2,Rural,1961,237768.7087
1357,3,2,Rural,1992,129469.0889
1567,4,2,Urban,1997,173158.8372
1479,4,3,Rural,1977,134995.4143
1866,3,3,Rural,2013,231763.5106
2212,5,1,Rural,1969,243587.1079
2028,4,1,Suburb,2015,176205.9699
2309,3,3,Suburb,1989,246293.5173
2813,4,1,Rural,1980,377023.3234
2680,3,1,Suburb,1963,274410.7545
2417,5,1,Suburb,2015,311487.5297
2478,4,2,Suburb,1998,227956.461
1707,4,2,Urban,1991,176725.143
1425,2,2,Rural,2012,128631.6976
2050,2,3,Urban,2017,239677.8501
1126,5,2,Rural,1967,216391.8257
1134,3,1,Suburb,1951,176689.4286
2558,2,3,Rural,1952,336204.5242
1330,2,3,Suburb,1955,153317.3158
2652,5,1,Rural,2014,254542.4403
1391,3,1,Rural,1979,209442.8211
1007,5,2,Rural,1991,107446.932
1612,4,1,Rural,2007,181349.8697
2284,4,2,Suburb,2015,282649.3786
2222,3,3,Urban,1977,232369.4237
1597,2,2,Urban,2017,260592.0195
2763,5,3,Rural,1986,383292.0641
1385,5,3,Suburb,1996,226376.8215
1471,4,2,Urban,2017,188576.4439
1178,5,3,Rural,1978,132303.4138
1449,2,1,Urban,2017,204380.4797
2263,3,3,Suburb,1997,233923.0344
2547,5,2,Suburb,1983,288945.3514
1814,2,3,Urban,1990,171104.8716
2769,3,2,Urban,1965,322216.8029
2206,5,2,Rural,1954,209235.4968
2817,5,2,Rural,2011,345218.4032
1357,3,3,Suburb,2004,60641.83338
1375,5,1,Urban,1981,245604.9821
2964,5,3,Suburb,2004,285798.2213
1701,5,2,Suburb,1973,209552.8214
1837,4,2,Rural,1974,250228.1614
2750,3,3,Urban,1996,330389.0959
2793,4,2,Rural,1995,273412.6614
1537,3,2,Rural,1998,138438.6458
1781,4,2,Rural,2020,109627.5038
1081,5,3,Rural,1968,106755.5841
2381,2,3,Urban,1969,200013.7699
1184,3,1,Suburb,1994,158219.1627
1287,2,1,Urban,1996,185069.3693
2085,3,3,Urban,2005,271181.3605
1882,3,2,Suburb,2008,170018.7011
1506,5,2,Urban,1992,216132.1151
2485,3,2,Urban,2005,269508.4061
1029,5,3,Rural,1996,49664.21765
2932,5,3,Suburb,1991,237618.4929
1935,5,3,Suburb,1961,251417.3157
1030,4,2,Suburb,1967,152503.9783
2316,4,2,Suburb,1984,160377.8469
2196,5,2,Rural,1982,173749.3976
2637,2,3,Urban,1982,223757.5445
2151,2,2,Suburb,2003,284376.1867
1085,3,3,Urban,2018,114079.1393
2338,2,3,Urban,2019,382929.5933
1027,3,2,Urban,1977,145458.4577
1121,3,1,Urban,1994,86194.98262
2274,3,3,Rural,1984,155210.7954
1572,4,3,Suburb,1960,191067.4427
1402,5,2,Suburb,1964,200277.3158
1682,2,1,Urban,1963,124120.9725
2466,5,1,Rural,2002,333198.1167
1271,5,2,Urban,1981,54716.56821
1836,4,1,Suburb,1955,263017.0901
2835,3,2,Suburb,2006,322293.323
1112,5,2,Rural,2019,60240.21651
2729,3,1,Suburb,1957,303140.91
2417,4,3,Suburb,2020,346941.2546
2966,5,1,Urban,2013,319038.2222
1018,2,3,Suburb,1957,197776.6235
2875,5,3,Suburb,2019,195515.2781
1604,4,3,Suburb,1952,137594.4727
2752,4,1,Rural,1972,255345.068
1464,5,3,Urban,2009,181742.9878
1690,2,2,Suburb,1950,191429.4937
2010,3,2,Suburb,1999,293744.8912
2932,5,3,Rural,1978,379382.4143
2214,5,1,Rural,1956,245657.0944
2516,2,3,Rural,1992,285740.4129
2935,2,2,Rural,1990,313360.5212
2013,4,2,Rural,1992,310181.4739
2972,3,3,Rural,1959,246366.903
1162,3,1,Suburb,2013,181691.842
2635,5,2,Urban,2018,323268.9795
1698,3,1,Urban,1984,104391.0002
1294,4,2,Rural,2010,71748.83702
1578,4,2,Urban,1963,213518.1919
2096,2,3,Rural,1970,227042.2594
2767,2,2,Urban,1993,356872.1814
1700,4,3,Urban,2012,147835.4311
2585,2,2,Suburb,1978,251135.9084
2332,4,2,Suburb,1969,287596.3036
1301,2,1,Suburb,2002,114357.5951
2331,5,3,Rural,1967,192798.2712
1123,3,1,Suburb,1970,92321.40279
1668,4,3,Urban,1955,149092.391
2284,2,1,Suburb,1999,227768.0321
1194,4,2,Suburb,1953,169840.727
1841,5,3,Rural,1986,210441.5121
1350,4,3,Suburb,1964,175683.11
2866,2,3,Rural,1993,394036.5584
2791,2,2,Urban,1958,280245.3195
2959,4,2,Suburb,2012,259998.3524
1488,4,3,Urban,1987,224757.3472
1199,2,1,Suburb,1954,113772.8805
1883,5,1,Suburb,1983,185817.8716
1507,5,2,Suburb,2010,220991.8554
1897,5,2,Rural,1976,174353.1603
2603,3,1,Urban,2014,281268.1996
1445,3,1,Rural,1960,129999.6131
1079,3,2,Rural,2002,93996.16956
1744,4,1,Suburb,2012,282831.7324
1697,3,1,Urban,2002,103061.15
2640,4,1,Urban,1986,278430.8626
2492,5,2,Urban,1962,347189.1827
2860,2,1,Rural,1988,234367.1796
2465,3,3,Suburb,1978,216608.0627
1930,2,2,Suburb,2003,169955.6057
1653,3,3,Suburb,2010,224541.3021
2934,3,3,Urban,1997,270092.8222
1901,2,1,Suburb,1977,182680.9145
1271,5,3,Suburb,1998,72521.16872
2366,5,2,Suburb,1962,275693.0342
1123,5,2,Suburb,1999,155328.6151
2246,2,2,Urban,2019,291053.1719
2513,4,2,Urban,2005,275425.5235
1685,2,1,Urban,1965,254291.2148
2726,4,2,Suburb,1964,208494.833
1651,5,3,Suburb,1959,173611.1239
1296,4,1,Rural,1960,176036.2467
2142,5,2,Rural,1986,209738.6202
1786,5,3,Urban,2005,169883.898
2099,5,3,Rural,1972,190179.1279
1620,5,2,Rural,1963,203669.249
2654,2,2,Rural,2013,308092.1388
1972,3,3,Suburb,2003,242738.835
1880,3,3,Urban,1959,205177.9058
2281,3,2,Suburb,1957,259088.031
2555,2,3,Urban,1975,374610.1666
2654,5,2,Urban,1951,251414.9729
1350,5,1,Urban,1981,134715.4578
2672,5,1,Suburb,1977,316580.0348
2300,3,2,Suburb,1984,215935.3307
1254,5,2,Suburb,1999,138828.1593
2287,4,2,Rural,2016,261849.0098
1678,2,3,Suburb,1990,232188.1539
2700,5,3,Rural,2005,311840.4184
1028,5,1,Rural,1953,193479.1523
1466,5,2,Urban,1968,107891.8734
2058,4,2,Rural,1966,249558.0372
1748,5,2,Rural,1958,130303.2064
2317,3,3,Rural,1954,151323.1936
1601,5,2,Rural,1979,178556.5782
2226,3,3,Urban,2005,265551.7503
1739,3,1,Rural,2015,198701.659
1930,5,2,Rural,1969,204901.0853
2091,4,2,Suburb,1985,225997.5447
1130,3,3,Urban,1992,125942.7948
2900,5,2,Rural,2016,277277.4077
1110,5,3,Suburb,1966,56182.56951
1523,4,2,Urban,1992,159985.3773
2311,5,1,Suburb,1963,254357.8166
1686,2,2,Rural,1974,208143.2068
1830,2,3,Suburb,1988,195774.2426
1665,2,2,Urban,2001,327739.9063
2066,5,3,Rural,1985,217632.1193
1874,3,2,Urban,1960,188425.5759
2740,4,3,Rural,2012,258963.0551
2707,5,2,Rural,2002,308145.2042
2317,3,1,Rural,1966,267320.5255
1284,5,2,Urban,2020,241674.9419
1822,2,3,Suburb,1951,271052.1703
1563,2,1,Urban,1959,153985.78
2650,3,1,Suburb,1978,330066.4185
1018,3,3,Rural,2014,109476.1007
2530,3,3,Rural,1968,283997.7475
1546,4,2,Rural,1968,127731.931
1047,3,1,Suburb,2008,180037.4181
2768,2,3,Suburb,2009,237656.3137
1218,2,2,Urban,2005,103758.9299
2645,4,2,Urban,1963,251447.0512
1765,5,3,Rural,1951,245198.3171
2211,3,1,Suburb,1990,201667.5583
1030,4,3,Suburb,2019,53403.62075
1258,5,2,Urban,1999,231658.0772
2698,5,3,Suburb,2015,297656.679
2367,3,2,Suburb,2004,327135.1051
1307,2,3,Rural,1969,154716.5774
2094,3,3,Urban,1987,181328.5658
1306,3,1,Urban,2004,50966.56117
1567,2,1,Rural,1970,249656.348
2122,2,2,Urban,1965,241514.1873
1020,2,1,Rural,1976,199322.5786
2920,5,3,Rural,2002,302833.9501
2643,5,1,Urban,1957,237572.8568
2588,3,3,Urban,2021,244523.9507
2029,4,3,Rural,2014,245928.4609
1230,3,2,Urban,1997,145704.3886
1081,4,1,Rural,1972,131491.419
1957,3,2,Suburb,2020,206505.9327
1216,3,3,Urban,1990,168539.2799
1334,3,3,Rural,1967,148802.5972
1558,5,2,Rural,1978,228489.3617
1863,3,2,Suburb,1979,198155.5658
1873,4,2,Rural,1972,232746.318
1752,5,3,Rural,1965,257985.8944
2713,3,1,Urban,1982,309991.3283
1593,2,3,Suburb,1952,158995.5614
2822,5,3,Rural,2000,316689.2634
1703,2,3,Suburb,1959,208610.2291
1924,3,3,Urban,1980,185877.321
2678,4,1,Suburb,1952,271087.7254
2849,2,3,Rural,1984,310456.673
2814,2,2,Rural,1982,280563.59
2957,5,1,Suburb,2001,482577.1634
1552,2,2,Rural,2004,131028.7177
2482,3,2,Suburb,1989,226843.4848
1782,5,3,Urban,1984,188496.2251
1086,2,1,Urban,1985,192222.0301
2538,4,3,Suburb,2006,315612.7385
2746,5,1,Urban,2004,311406.3395
1512,4,1,Rural,1979,177502.0603
1983,4,2,Rural,1963,220356.0763
2008,5,1,Urban,1992,181305.3907
1586,2,2,Suburb,1992,168552.847
2501,2,3,Urban,1993,300207.4184
1497,4,2,Suburb,2000,156348.6572
1906,2,2,Urban,2005,175122.151
1955,5,1,Urban,1952,222676.672
1742,4,1,Suburb,1986,131206.0065
1448,3,2,Urban,1960,14620.13431
1587,3,3,Rural,1988,163773.7667
1259,3,2,Rural,1968,171973.4121
2560,2,3,Rural,2019,122103.4942
2223,3,3,Urban,1964,226083.169
1462,3,1,Urban,2012,263696.496
2962,4,3,Urban,2007,267597.1058
1093,5,2,Urban,1972,82331.52633
2020,4,1,Urban,1971,319330.0503
2959,4,1,Suburb,1990,249975.4242
2375,3,1,Rural,1974,240410.2464
2131,4,3,Suburb,1996,243131.7111
1354,3,2,Rural,1963,154011.2346
1468,2,2,Suburb,1994,173058.7218
1094,3,1,Suburb,1980,150947.0142
1867,5,3,Rural,1969,197256.5453
1090,4,2,Urban,2007,154121.3952
2067,5,3,Rural,1982,273147.8695
2479,5,1,Rural,2013,247801.5311
1954,4,2,Urban,1953,290904.0261
1383,4,2,Suburb,1961,201280.6514
1022,4,3,Urban,2000,41299.33116
2725,5,3,Rural,2002,330441.4288
1022,2,1,Suburb,1996,60264.75458
2257,5,1,Urban,1989,227195.9381
2721,2,2,Urban,1985,212993.3314
1310,3,2,Suburb,1966,229543.9601
2440,4,1,Rural,1993,276645.916
2356,5,2,Rural,1963,325391.9567
1574,2,2,Suburb,1967,107546.2655
1102,2,3,Suburb,1971,123546.8643
1499,2,2,Rural,1974,189803.6331
1827,4,3,Rural,1958,204774.9068
2506,2,1,Suburb,1964,269139.7832
1188,4,1,Urban,1985,80775.6651
2871,5,1,Suburb,1995,300246.6206
1459,2,3,Urban,2017,163935.4883
1188,2,1,Urban,1953,121979.7442
1350,4,3,Rural,2008,130245.1528
1580,4,2,Rural,2021,191789.8919
1113,5,3,Urban,1983,258836.4607
1103,4,2,Suburb,1997,85081.06875
1619,5,1,Suburb,2011,125106.6289
2531,5,2,Suburb,2021,354850.0848
2368,2,2,Rural,1961,240395.6349
2044,3,1,Urban,1986,265827.0588
1386,3,2,Urban,1962,159530.1093
1943,4,2,Suburb,2018,119600.1683
2801,4,3,Suburb,1950,342946.9066
1854,3,2,Urban,1974,156303.8391
2232,5,1,Suburb,1962,281526.142
2705,3,3,Rural,1960,256456.9501
1482,5,2,Urban,2012,146344.846
1472,5,1,Rural,1978,145204.4946
2729,4,3,Rural,1978,352280.6943
1858,4,3,Rural,1957,275911.5016
1941,4,2,Urban,1958,307963.6116
1392,3,3,Suburb,1988,129466.6908
2658,3,3,Rural,1990,302041.464
2712,3,1,Rural,2003,257491.5956
1515,5,1,Rural,1974,120843.0762
2211,4,3,Rural,2011,276946.637
1345,2,3,Suburb,2004,172814.1606
2375,3,3,Urban,1968,225486.7805
1540,2,3,Suburb,2014,164892.4372
2621,2,3,Rural,1981,289023.4249
1046,3,1,Suburb,1974,125462.7391
2100,3,1,Rural,2000,266241.5983
1342,3,3,Rural,1963,130309.0308
2214,4,2,Urban,1986,237817.4389
1542,2,2,Urban,2017,271124.0933
1818,5,2,Rural,2015,199628.001
2704,2,1,Urban,1959,221388.9086
2059,5,3,Rural,1954,205412.7704
1756,2,2,Suburb,1991,162468.4855
2447,2,2,Rural,1980,247295.2146
1350,4,2,Suburb,2015,94260.88552
1187,5,3,Rural,2016,226836.9602
2550,3,3,Urban,2014,333776.5537
1333,3,1,Suburb,1968,201187.2858
1482,4,3,Suburb,1993,216790.0671
2239,3,1,Urban,1959,240802.3356
2181,2,2,Rural,2013,315622.9639
2949,4,1,Urban,1989,281585.4723
1666,5,1,Rural,1996,230670.5645
2264,4,3,Suburb,1999,271250.0659
1295,2,2,Urban,2015,89879.8075
2485,4,1,Rural,1993,238042.5199
1044,2,2,Suburb,1967,132531.0446
1494,4,2,Suburb,2003,225680.2173
2994,5,3,Urban,2013,419550.0779
1174,5,2,Suburb,2014,157452.7728
2003,3,1,Rural,2010,152459.8741
2369,2,2,Rural,2018,323386.1656
1055,3,2,Urban,2018,87134.77298
2589,4,2,Urban,1960,278369.2775
1340,4,3,Suburb,1982,191081.6674
2800,4,3,Suburb,1986,333231.9459
2909,4,2,Rural,2021,289323.3923
2774,5,2,Rural,2015,318206.1321
2856,4,2,Suburb,1968,304097.8374
2131,5,2,Urban,2018,339551.5531
2733,3,1,Suburb,1993,361249.1258
2920,5,2,Urban,1971,276738.316
1213,5,2,Suburb,1961,80684.7754
2522,2,1,Rural,2007,290942.3355
1757,4,2,Rural,2004,253904.7432
2420,4,3,Suburb,1963,247729.3784
1549,4,1,Urban,1992,197445.6257
1496,3,3,Urban,1992,193595.3655
1172,4,3,Rural,1998,59475.09912
1104,4,2,Rural,1998,205454.8636
2575,4,3,Rural,2000,312984.0054
1478,2,1,Rural,1958,193622.3642
2422,5,3,Suburb,1974,268979.6898
1433,2,1,Suburb,2006,33698.34404
1641,4,3,Rural,2000,226827.3505
1692,5,1,Urban,1964,217385.1038
1990,2,2,Urban,2021,164283.8626
1921,4,2,Suburb,1951,233836.4997
1193,4,3,Rural,1954,145117.1594
1842,2,3,Rural,1997,153947.8616
1800,5,2,Rural,1951,197353.5672
2489,5,2,Urban,1950,313670.3119
2364,2,1,Urban,2012,245101.9389
1058,4,2,Rural,1977,143029.8007
2886,5,2,Rural,2011,314931.6185
2561,2,1,Urban,2007,338738.9458
1477,2,2,Rural,1982,89519.22432
2126,2,1,Suburb,1987,164018.0699
1532,5,2,Suburb,1958,274137.8257
2968,3,1,Rural,2018,301984.581
1591,3,2,Urban,1983,114729.9445
1838,3,2,Suburb,2002,227563.6545
2734,3,3,Urban,1952,249891.1511
2345,3,1,Urban,1967,266678.0129
1548,4,2,Rural,1979,124405.2249
2037,2,3,Urban,2013,363860.0868
2479,3,3,Urban,1964,281991.6318
1220,5,1,Suburb,1992,163779.5108
1875,2,3,Urban,2017,190236.693
2414,5,2,Rural,1972,218832.782
1677,5,3,Urban,2013,251603.2769
2196,5,1,Rural,1974,269910.299
1661,4,1,Suburb,1969,249944.6851
1683,5,2,Urban,2009,285409.9373
2104,2,2,Urban,1983,229025.7243
1335,2,2,Urban,1995,210441.356
1224,4,3,Suburb,1972,59106.93697
1870,4,2,Urban,1965,145138.1821
1034,2,2,Suburb,1957,137096.6506
2893,2,2,Urban,1986,262080.2111
1187,5,1,Suburb,1951,197835.0747
2247,5,2,Rural,2017,313496.6099
1642,4,3,Suburb,1971,207429.5831
2909,3,1,Suburb,1952,339005.6412
1962,5,2,Rural,2005,206093.6693
1967,5,2,Rural,2004,188154.4469
1493,3,1,Rural,1995,152055.9286
2886,5,1,Suburb,1961,247903.1866
1310,3,1,Suburb,2007,138913.6594
1520,3,3,Rural,1977,100811.5076
2604,2,2,Urban,1978,225667.5657
2563,3,2,Suburb,1982,187353.4403
2934,3,2,Suburb,1986,392038.2971
1368,4,1,Suburb,2009,193635.9561
2498,4,2,Urban,2014,335227.8584
1745,4,2,Urban,2011,245379.797
1030,5,1,Suburb,1971,197985.9603
2850,4,2,Urban,1959,242826.5476
2255,2,3,Urban,2008,246904.2613
2873,2,2,Suburb,1971,254381.2019
1997,2,3,Urban,1980,193308.7415
1496,5,1,Rural,1967,207133.4893
2589,3,2,Suburb,2009,321104.043
1963,3,3,Suburb,2018,220475.0492
2198,2,2,Urban,1991,251198.8792
1297,3,1,Urban,1956,70258.61226
2814,3,1,Suburb,2006,271870.0278
2388,3,2,Rural,2021,256190.9427
2109,5,1,Rural,1957,161585.8119
1576,3,3,Urban,2009,117328.4179
2112,3,1,Rural,2004,276778.6272
1053,5,1,Rural,1964,129030.3456
2653,4,3,Rural,1981,303024.3897
2384,2,2,Suburb,2012,362164.7287
2499,5,1,Rural,1966,286781.6547
1228,5,2,Rural,1986,165055.3422
1778,2,3,Urban,1988,184522.8933
2854,3,2,Rural,1981,394612.099
2557,3,1,Suburb,2003,227604.1859
2973,5,1,Rural,1983,332924.2782
2782,4,1,Suburb,1979,258724.52
1984,2,3,Urban,1966,238012.2737
1372,4,1,Urban,1971,81127.88046
1468,5,2,Rural,1968,132601.9201
1419,4,1,Suburb,1990,193696.0653
2849,5,3,Rural,2011,406547.701
1531,2,2,Suburb,1953,206099.7815
2423,4,2,Rural,1993,335962.1109
1987,4,3,Urban,1994,168858.4571
2207,2,2,Urban,2013,225907.4597
2884,2,1,Suburb,2014,311254.0618
1561,5,2,Suburb,1960,142501.9051
1089,5,3,Rural,1963,159139.2252
2639,5,2,Rural,2017,259296.992
2729,5,2,Rural,1956,266820.9312
2406,5,3,Suburb,1972,318835.3713
1368,2,2,Suburb,1958,182117.6042
2097,4,3,Urban,1950,255629.2132
2292,3,1,Urban,1971,257914.3875
1014,3,3,Rural,2016,160287.938
2352,5,2,Rural,2013,259589.7899
2818,3,2,Rural,2021,331150.0916
2415,4,1,Urban,1995,233603.393
2733,4,2,Rural,1965,359066.7105
2457,5,2,Urban,1967,312075.4975
1343,3,2,Rural,2018,195391.8477
2218,2,2,Suburb,2017,205142.2189
2945,2,3,Urban,2011,352790.3841
2059,5,2,Rural,1959,300821.5879
1916,4,3,Urban,1984,151827.7722
1204,3,2,Rural,2021,120654.1824
2843,4,2,Rural,2014,292063.744
2674,5,2,Urban,1966,300757.7341
1775,4,1,Rural,1993,186244.1262
2080,3,3,Rural,1953,288155.8133
2133,4,1,Suburb,2021,219012.7802
1685,5,2,Suburb,1959,273545.4514
2519,2,1,Urban,1974,243262.1108
1717,2,1,Rural,1975,206255.1288
1224,3,1,Rural,1986,186086.062
2409,5,3,Suburb,2013,353190.9458
1063,5,2,Rural,1984,96292.7336
2787,4,2,Rural,1986,295298.3445
1947,2,3,Urban,1961,196368.7033
1960,3,3,Suburb,1984,242980.8648
2802,3,2,Suburb,1954,235680.3691
2925,3,2,Urban,1966,301436.0128
2375,4,1,Rural,1975,278923.5152
2486,5,3,Urban,1976,286608.6328
2867,3,2,Urban,1953,344889.7502
1319,4,2,Suburb,2002,145210.5072
1356,3,1,Rural,1983,220620.0482
1092,4,2,Suburb,2008,91356.94922
1694,2,3,Urban,1980,264434.4405
2323,4,3,Urban,1965,370780.0905
2749,5,3,Urban,2011,297256.558
2517,2,1,Urban,1981,208163.7669
2677,2,1,Rural,1994,228510.9213
2618,3,3,Suburb,1959,225388.9444
2412,2,2,Suburb,1951,243103.4347
2634,4,2,Urban,1973,372909.3138
2816,5,2,Rural,1958,306286.0038
1433,2,3,Suburb,2013,135147.6326
2125,5,3,Urban,1954,273636.7862
1840,4,3,Suburb,2007,229298.4816
2401,4,1,Rural,2011,241269.0651
2606,5,1,Rural,1994,276694.8899
2908,4,3,Urban,1987,334700.5704
2361,5,3,Urban,1994,297711.7638
2023,3,2,Suburb,2011,196103.1421
1897,4,1,Urban,1962,282377.4065
1883,3,2,Suburb,1982,272619.6037
1777,2,3,Suburb,2017,223086.6523
1491,2,3,Rural,2019,121597.7058
2665,3,1,Suburb,1951,178852.9413
2083,2,1,Rural,1990,108853.2741
1812,2,2,Suburb,1952,228096.076
2532,2,2,Rural,2008,300777.9324
1391,2,1,Urban,1951,217938.1563
2977,4,3,Rural,1977,258897.9251
2142,2,1,Urban,2012,200247.2778
2798,4,2,Urban,1993,273241.7802
2494,5,1,Rural,2018,285109.0503
2351,2,2,Rural,1958,285327.8349
1020,5,2,Urban,1971,165977.1579
2120,3,2,Rural,2003,241769.3079
2838,3,3,Suburb,2010,168437.7868
1512,4,2,Suburb,2016,201788.6991
1907,3,3,Rural,1954,219039.8751
1714,4,3,Suburb,2009,240382.1607
1943,5,1,Suburb,1980,262620.1499
2663,5,3,Urban,2016,177711.77
1349,2,3,Suburb,2015,162694.1992
2155,5,1,Rural,1960,138376.6551
1545,3,1,Urban,1973,301104.0546
1598,4,2,Urban,2002,128219.0381
1031,4,3,Urban,1995,178056.3788
1258,2,2,Urban,1991,149992.9402
1475,2,3,Urban,1956,200059.5637
2859,3,3,Urban,1997,256918.4755
1824,4,2,Rural,1968,214404.531
2905,2,3,Suburb,1966,369218.2486
1971,5,3,Suburb,2020,204764.9014
1919,3,1,Suburb,2016,176929.8493
1032,5,3,Urban,2012,138772.6564
1898,4,2,Rural,1983,280016.9093
1387,2,3,Urban,2002,193209.7914
2821,3,1,Rural,2002,342439.7071
2861,3,1,Suburb,1973,328334.5984
2584,2,1,Suburb,2004,249558.9527
1797,2,2,Rural,1963,162432.1024
1455,4,1,Urban,1963,147027.4183
2617,5,3,Urban,1994,255958.5217
2167,5,3,Suburb,2008,255877.9176
2972,5,3,Rural,1992,299978.9888
2925,4,3,Suburb,1960,299032.2007
2815,2,2,Rural,2006,331217.0756
2906,3,2,Rural,1969,272761.2995
2627,5,3,Urban,1952,407602.0515
1223,2,3,Suburb,1966,153127.2182
1216,5,1,Suburb,1955,145806.4364
1155,4,2,Rural,2004,68265.67573
1788,4,3,Urban,2014,242813.3982
2543,2,1,Suburb,2010,385333.23
1035,4,2,Suburb,1981,91443.62875
1635,3,3,Suburb,1960,249697.627
1008,4,1,Suburb,2018,160777.2633
2063,3,2,Rural,1987,167153.4864
2492,5,2,Suburb,1957,320803.2598
1178,4,2,Suburb,1968,239357.619
2664,3,3,Rural,2000,422097.5916
1958,5,2,Urban,2011,250995.1263
1500,5,3,Suburb,1969,166209.3856
1372,5,3,Suburb,1953,167116.9666
2091,5,2,Rural,1958,257789.6663
1969,2,3,Urban,1971,264673.0109
2689,3,3,Suburb,1968,295909.8019
2447,2,1,Urban,2010,176768.5033
1514,5,2,Suburb,2011,179053.5435
1363,4,1,Urban,1985,170031.3879
2913,3,1,Rural,1981,286598.0714
1776,3,2,Urban,1968,209008.1297
2951,5,3,Rural,1972,297759.1659
2474,4,1,Urban,1970,219638.7756
2539,4,3,Suburb,1993,256826.1879
1773,3,3,Rural,1952,272178.5467
1328,2,1,Urban,2005,187470.9443
1793,4,3,Urban,1988,279306.8558
2921,3,2,Suburb,1951,279142.425
1961,4,1,Rural,1969,210765.8857
1369,5,3,Urban,1983,136384.348
1596,4,1,Rural,2021,197474.7967
2877,2,1,Rural,1977,200761.5292
2410,2,2,Suburb,2019,251275.4397
2570,2,3,Suburb,1998,229178.6544
2137,3,2,Urban,2000,245308.3368
1570,4,1,Urban,1958,218268.8948
2061,2,3,Rural,1978,166174.1451
2568,5,1,Rural,2011,222083.8258
1376,5,3,Suburb,2004,224422.2553
2422,5,2,Rural,2021,277277.8036
2226,3,1,Suburb,1989,252711.7132
2225,2,3,Rural,1972,271152.632
1099,2,2,Rural,2013,133082.4896
2421,4,2,Rural,2010,213921.7094
2473,3,1,Urban,2010,268085.2168
2836,5,2,Suburb,2009,293471.9001
1815,4,3,Suburb,1950,216556.728
2963,5,1,Suburb,1973,312304.2469
1117,5,1,Suburb,1978,171008.9221
1420,2,3,Rural,1965,189782.2204
2266,4,2,Suburb,2018,296628.0371
1540,3,3,Suburb,1997,211310.1042
2250,5,3,Rural,2010,299791.1436
2524,2,1,Suburb,2014,299509.3052
2875,2,1,Suburb,1982,329809.3751
2236,5,3,Urban,2015,272569.0897
1929,2,2,Suburb,2012,144900.2462
1698,2,1,Suburb,1950,142043.2631
1112,5,3,Suburb,1999,157238.9124
1372,3,1,Rural,1998,136803.0033
1298,5,2,Suburb,1962,171893.0924
2696,4,1,Suburb,2021,334140.1828
2042,5,2,Urban,1961,190651.1659
1775,5,2,Urban,1965,255134.0554
1670,3,3,Suburb,1960,181217.3754
1010,5,3,Suburb,1954,122771.4234
1007,5,2,Urban,1982,230025.9157
2176,2,1,Rural,1959,118573.4122
2648,5,3,Rural,1969,336145.0723
2683,3,2,Suburb,1963,368306.943
2573,2,1,Rural,2006,310449.4406
2158,5,1,Suburb,1963,219485.9053
2396,2,3,Urban,1985,215551.2164
1460,4,1,Rural,2013,148523.7243
2958,5,3,Urban,1958,329975.4015
2258,5,1,Suburb,1974,160761.6812
1254,2,1,Suburb,1951,203819.2645
1585,5,2,Urban,2016,145384.5331
2351,5,1,Urban,1950,209254.0465
1361,3,1,Rural,1989,149699.8768
2397,5,1,Rural,1981,313568.3134
2002,3,3,Urban,1998,235946.6077
1787,4,2,Urban,1990,291672.6091
1208,4,2,Urban,2003,210509.7204
1266,2,1,Suburb,1968,168891.5974
1655,2,2,Urban,1985,167061.5829
1996,2,1,Urban,1954,169898.1573
1553,2,3,Rural,1966,170294.44
1735,5,1,Rural,1952,218842.8559
2881,3,1,Rural,2012,329582.4616
2529,2,1,Urban,1967,257583.1352
2587,4,1,Urban,2013,275137.834
1420,5,3,Urban,2019,150934.096
1307,3,2,Urban,2018,183393.7382
1136,3,1,Urban,1992,155534.6207
2442,2,2,Urban,2009,268854.3961
1194,2,1,Urban,1950,187242.6065
2118,3,2,Rural,1969,387526.2528
2513,4,3,Urban,2008,264146.0969
2926,2,2,Rural,1957,356774.3614
2281,3,2,Suburb,1982,137447.9458
2048,5,3,Rural,1968,186417.1125
2255,3,2,Rural,1977,203249.2087
2355,2,1,Rural,1997,238554.2886
1605,5,1,Suburb,1977,211462.8374
2013,4,3,Rural,1950,233469.9425
1861,3,3,Urban,1989,121679.1426
1220,3,3,Rural,1955,190377.3706
1296,3,1,Suburb,1994,161318.4012
2226,5,2,Urban,1956,213168.8318
2010,2,3,Urban,1997,225398.3497
2971,3,1,Rural,2009,319624.4292
1342,5,2,Urban,1990,95170.11762
1592,3,1,Urban,1994,161844.5655
2228,2,2,Rural,2021,253750.8214
2984,5,3,Suburb,2009,279994.2396
1891,4,3,Urban,1992,229970.9167
1076,3,1,Suburb,2013,122699.1399
2573,2,2,Suburb,2020,291128.2394
1706,4,1,Urban,1973,191010.4243
2999,2,2,Suburb,2012,254086.1051
2065,4,1,Urban,1974,153707.5017
2478,2,2,Rural,1961,331150.2148
2205,4,3,Urban,1969,299904.2843
1756,5,1,Urban,2006,161525.209
2218,4,2,Rural,1962,303517.1523
1589,2,1,Suburb,1982,184704.1982
2855,3,1,Urban,1991,375433.4294
2999,4,2,Suburb,1972,401981.8925
1387,2,2,Suburb,1974,172630.5325
1926,3,1,Rural,1983,154498.5482
1636,5,1,Suburb,1998,301609.7785
1140,5,2,Urban,2005,93736.42301
2050,3,3,Urban,1968,206102.9309
2338,2,1,Suburb,1971,282560.1738
2344,2,1,Urban,1959,225442.993
1447,4,2,Rural,1955,222525.2155
2816,5,1,Urban,2013,301405.5991
1292,5,3,Suburb,1950,131353.9568
2777,5,1,Urban,1963,392674.1608
2259,5,1,Urban,1987,231023.4062
1714,2,1,Rural,1953,119498.8576
1456,5,3,Suburb,2020,197917.431
1891,3,3,Rural,1950,188931.9986
1838,2,3,Suburb,2012,213647.2041
1653,3,2,Suburb,1988,202220.4475
2629,3,2,Urban,1985,353932.2009
1663,2,3,Suburb,1991,166994.3977
1764,3,2,Suburb,2018,158575.7287
2090,3,2,Rural,1989,199348.4171
1175,4,1,Urban,1989,75650.25697
1509,5,2,Rural,2004,230391.1455
2638,3,2,Urban,2021,234297.8875
2114,4,1,Rural,2003,201348.3815
1704,4,1,Rural,1992,147558.258
2189,5,2,Urban,2015,223606.7962
1601,4,1,Urban,1986,217525.8715
1837,4,3,Urban,2007,241355.3489
2850,3,1,Rural,1951,400028.4873
2001,5,2,Suburb,2013,197635.9436
2803,5,2,Suburb,1968,204206.2657
2461,3,3,Rural,2006,258740.5921
1050,2,2,Rural,1991,38518.22882
2701,4,1,Urban,1978,326680.5752
1685,3,3,Urban,1972,179776.8363
2762,4,2,Urban,1955,266897.6326
1265,5,1,Rural,1986,196353.5296
2544,5,1,Urban,1991,328889.5431
2110,4,2,Suburb,1975,292141.0681
1605,5,2,Urban,1973,225249.079
2075,5,2,Urban,2008,177105.683
2202,2,2,Urban,1961,172199.6271
2301,5,1,Rural,2003,299713.5145
2262,5,2,Suburb,1974,243671.0506
1584,4,1,Urban,1959,252700.7129
1338,3,1,Urban,1954,144951.3702
2095,5,1,Suburb,1982,271918.8496
1373,5,2,Urban,2020,135927.033
1579,3,1,Urban,1963,186115.0481
1516,3,3,Rural,1993,161809.0858
2874,3,2,Rural,1984,271110.9487
2261,4,3,Rural,1981,265789.4509
2489,5,2,Rural,1993,379490.5065
1120,5,2,Rural,2011,196179.7213
2436,3,3,Rural,2021,371640.053
2746,2,2,Suburb,1998,210760.848
2797,4,2,Urban,2007,365010.8527
1836,3,1,Suburb,1982,166262.1667
1569,3,2,Suburb,1983,162815.7913
1042,5,3,Suburb,1972,109161.243
2527,2,3,Suburb,1992,320077.555
2220,4,2,Rural,1993,267087.3968
1071,2,1,Urban,2003,103346.0203
1090,2,3,Rural,1956,57925.82292
2572,5,2,Rural,2015,317331.3776
1490,3,2,Urban,1971,210679.2216
2849,3,3,Rural,2018,291726.6279
1748,2,1,Suburb,1991,229427.4161
1997,4,1,Suburb,1951,289793.5976
1382,4,3,Rural,1973,200001.0306
1804,5,3,Urban,2013,200569.0712
2489,4,3,Suburb,2013,310481.8614
2177,5,3,Rural,1998,283331.0315
1169,2,1,Suburb,1951,93180.3146
2295,4,3,Urban,1989,323686.8469
1917,3,1,Suburb,1990,169063.0699
2133,2,1,Urban,1963,211512.7774
1150,5,1,Suburb,1953,131290.613
1430,2,2,Suburb,1964,96243.65085
1450,2,2,Suburb,2008,188438.9059
1642,5,2,Rural,1975,276836.3316
1779,4,3,Rural,2013,80391.04148
1022,4,2,Rural,1955,166787.2483
1366,3,2,Suburb,1964,244914.7921
1650,4,3,Urban,1978,127128.6997
1819,5,2,Urban,1979,232338.2142
1238,5,1,Rural,2019,131229.9924
1433,5,1,Rural,1951,149078.4074
2976,4,3,Suburb,1975,279861.3738
1703,5,3,Suburb,1980,272942.6952
2150,4,1,Urban,1985,283144.9238
1941,5,3,Rural,1989,184938.1377
1540,5,3,Suburb,1953,141008.7345
1632,4,3,Suburb,1991,88389.73679
1197,3,3,Suburb,2002,179165.8295
2709,3,1,Rural,1985,317482.9467
2679,3,3,Suburb,1956,322648.8711
1481,4,2,Urban,1999,102076.6632
2202,5,3,Rural,1955,300619.9218
1868,4,3,Urban,1968,199297.9061
1522,2,1,Rural,2004,92450.15579
1650,2,2,Suburb,1989,127233.2707
1958,4,3,Suburb,1998,239780.5002
1436,2,3,Urban,1975,214486.4502
2788,3,1,Suburb,1992,247601.5979
1856,3,3,Rural,1951,114927.5002
1313,3,3,Suburb,1981,126221.7682
1018,2,3,Suburb,2006,132312.5831
2183,3,1,Rural,1972,192860.5194
1817,3,3,Suburb,1999,68358.84804
1121,3,2,Rural,1970,222265.7005
1071,4,3,Rural,1967,185927.716
2078,5,1,Suburb,2005,312241.8436
1459,5,2,Suburb,1993,205863.5518
1168,4,1,Suburb,2005,174252.28
2634,3,3,Urban,1954,276625.2528
1581,3,3,Rural,1955,182823.3238
2172,4,1,Rural,1991,279700.2406
1628,4,3,Urban,1964,258799.6793
1025,2,2,Urban,1954,98428.65526
2271,4,1,Urban,1984,248454.6999
2920,3,3,Suburb,1975,201322.8794
1720,4,2,Rural,1992,218137.3192
2250,3,3,Rural,1995,192579.9137
2946,2,3,Suburb,2010,394627.9389
2969,4,1,Urban,1960,339868.2323
2649,2,2,Urban,1979,239937.4002
2729,3,2,Urban,1966,326751.2828
2507,3,2,Urban,2012,177035.3683
2856,3,3,Urban,1996,290649.7841
2033,3,3,Suburb,1996,302678.9946
2118,2,1,Urban,2021,191357.6181
1120,4,1,Suburb,1996,156408.8477
1125,4,3,Rural,1953,140077.2416
1548,3,3,Suburb,1955,172924.6541
2092,3,2,Suburb,2018,214851.3222
1296,2,3,Suburb,2019,241074.4522
1685,2,2,Urban,1996,173529.6066
2524,3,1,Urban,1991,266760.9861
1972,3,3,Urban,1983,250750.7933
2068,4,3,Rural,1991,176329.3806
1634,4,2,Suburb,2013,173667.7161
1381,4,1,Rural,1997,164555.5165
2050,3,3,Rural,1995,235580.8114
1704,5,2,Suburb,1969,273870.0022
1496,2,3,Urban,1984,172735.0672
1851,2,1,Suburb,2014,186326.7585
2159,2,2,Suburb,1987,200486.8797
1706,3,2,Urban,2004,214337.2842
2072,3,2,Rural,1990,172103.1649
2631,2,1,Urban,1979,265086.5513
2530,2,2,Urban,1981,220344.7234
1120,2,1,Urban,1974,150131.8384
2784,3,3,Suburb,1988,296655.1036
2240,5,3,Urban,2012,305095.0349
1625,5,2,Rural,1953,147919.5521
1525,5,3,Suburb,2020,209574.3061
2597,4,3,Urban,1985,242563.7984
2066,4,3,Suburb,1959,247307.0846
2946,3,2,Suburb,2013,317233.3141
1751,5,2,Suburb,1953,233299.6933
1095,5,1,Suburb,2011,121083.4227
1026,4,3,Urban,2019,123545.0646
1835,5,1,Suburb,2021,287288.6448
2918,2,1,Rural,1966,276757.7764
2265,4,3,Urban,1962,196446.5756
1486,2,1,Urban,1969,137087.8718
2994,5,2,Rural,1970,252813.0927
1239,3,3,Rural,1964,200867.2309
2327,5,3,Urban,2003,246687.6662
1066,3,3,Suburb,1986,149494.3912
2304,2,2,Suburb,1954,253692.942
2215,2,1,Rural,1958,261088.4963
2142,5,2,Urban,1997,181290.8129
2175,4,1,Rural,1971,228350.5877
2800,2,2,Rural,1964,326876.3681
2415,3,2,Urban,1990,307390.9024
1230,3,3,Suburb,1962,177084.4638
1350,4,2,Rural,1955,256995.3744
1760,5,2,Urban,1962,234537.854
2594,2,1,Suburb,1979,295612.9861
2552,5,1,Urban,2020,351074.6665
2194,2,2,Rural,1954,265839.4002
1862,5,3,Urban,1968,279325.7616
2987,4,3,Urban,1997,319215.9818
2155,3,1,Suburb,1977,149543.1187
1356,5,1,Urban,1963,198576.9681
2671,5,3,Suburb,2020,292711.1443
2065,2,1,Suburb,1980,254327.2817
2328,5,1,Urban,1960,214097.5703
2029,5,1,Urban,1980,254584.3002
1328,4,3,Urban,2011,158645.2455
2193,5,3,Suburb,1950,272670.2541
2991,4,2,Rural,1958,274876.1756
2823,4,1,Rural,2003,311214.3798
1910,4,2,Rural,1992,289415.8083
1337,2,2,Suburb,1967,106771.3557
2750,4,2,Suburb,1995,307070.7145
2092,2,1,Rural,1971,170048.1941
1881,3,3,Urban,1964,216881.4534
1538,4,1,Suburb,1998,180765.4514
1736,5,3,Rural,1996,178188.6605
2857,4,1,Suburb,1978,258293.1726
2530,3,3,Urban,2010,229790.2749
2769,4,2,Urban,1962,361694.0832
2509,2,1,Suburb,1979,155369.094
1442,3,3,Rural,1956,147921.602
1923,3,2,Suburb,1972,136205.682
1919,2,2,Suburb,2016,207391.0505
1050,2,2,Urban,1984,127591.2609
1148,5,2,Urban,1965,152486.7618
2950,3,3,Rural,1959,278700.3906
2610,4,3,Urban,2021,275878.3505
2841,2,2,Rural,1994,397560.0102
2115,5,2,Rural,2013,283995.6282
1367,2,2,Suburb,1973,143669.2893
2959,2,2,Urban,1964,299537.2114
1579,5,2,Suburb,2001,153663.7673
2770,3,1,Suburb,1966,317412.6391
2897,4,3,Suburb,2012,285985.8986
1655,2,3,Urban,2015,241635.4663
1075,3,1,Rural,1974,110504.019
2109,5,3,Rural,2019,237790.4185
1226,5,2,Suburb,1991,151223.5868
2386,5,3,Urban,2001,300103.46
1958,3,2,Urban,1966,240678.5278
2591,4,3,Urban,2006,361990.2033
1591,3,1,Rural,1992,78223.0371
1023,3,3,Urban,1992,97239.73056
2762,5,2,Suburb,2019,321955.112
1027,2,1,Rural,1976,113606.511
1120,2,2,Rural,1987,157450.2339
2513,5,3,Suburb,1955,310417.8836
2628,2,1,Urban,1996,285659.4058
1852,5,2,Rural,2012,229683.6229
1623,3,3,Suburb,2015,205518.6216
1889,5,1,Suburb,1967,244794.6932
2368,4,3,Urban,2013,293525.6381
1030,4,1,Rural,2010,94729.94991
2678,4,3,Suburb,1950,317817.8588
2902,3,1,Rural,1962,276121.5003
2833,2,2,Suburb,2001,311474.7626
2250,3,3,Rural,1972,214022.6004
1869,2,3,Suburb,1982,261771.0534
2273,3,3,Suburb,1984,267135.9374
1049,3,1,Suburb,1986,177532.6268
1725,4,1,Urban,1995,155442.9444
2915,3,3,Rural,1967,308615.3474
1388,4,1,Rural,1989,90092.9411
1943,3,2,Rural,1999,162675.5649
2804,5,3,Suburb,2013,325592.389
2311,4,2,Urban,1965,273112.1598
2730,5,3,Rural,1954,333070.2962
2789,3,3,Rural,1961,299440.4069
2614,3,3,Rural,1996,258318.0577
2014,5,2,Urban,1954,144524.5997
1474,2,1,Rural,1955,162617.5402
1755,2,2,Rural,1979,179896.4796
1602,2,2,Suburb,1996,134593.6085
1925,3,2,Suburb,1970,276020.5849
2029,2,3,Urban,1997,261833.2504
1792,2,1,Rural,1956,170840.0198
1411,3,1,Urban,1959,136685.7207
2981,3,1,Suburb,1976,329095.8208
1661,2,1,Suburb,1993,223871.0038
2347,2,2,Urban,2014,185664.8949
2422,5,1,Suburb,1988,227190.2683
2305,3,2,Rural,1983,281107.668
1190,3,2,Urban,1999,90546.75218
1785,5,1,Rural,2011,245923.0597
1584,4,1,Rural,2013,138779.7815
1958,4,2,Urban,1955,246680.7586
2853,3,1,Suburb,1992,298135.1158
1499,3,3,Rural,1995,208564.8948
1579,2,1,Suburb,2003,168206.9485
1815,4,1,Rural,1997,152260.6377
2457,2,3,Urban,2016,230782.7532
2086,4,1,Rural,2006,211552.8028
2476,5,1,Suburb,1966,303073.6802
2516,2,1,Urban,1996,243749.4966
2669,5,1,Suburb,1968,238415.4301
2465,5,1,Rural,1972,296530.5302
2330,4,1,Rural,1958,158659.194
1779,3,3,Suburb,1979,275261.9053
2758,3,1,Rural,2006,228965.0926
1942,5,3,Suburb,1982,211568.7989
2149,3,2,Rural,1974,275202.9295
1264,2,2,Suburb,1990,160790.1351
1006,4,3,Suburb,1960,143032.505
2436,2,1,Urban,1975,334994.1292
2229,3,3,Rural,1969,295967.4367
2202,5,3,Urban,2011,301512.8519
2491,4,3,Rural,1970,283665.1619
2519,5,3,Rural,2000,186407.5309
1694,4,3,Rural,1968,178202.4333
1991,2,1,Rural,1972,222936.2213
2466,3,2,Urban,1964,244433.7983
2975,2,3,Urban,1990,319044.8651
1917,5,1,Suburb,1980,275766.9162
2251,2,3,Rural,1966,238721.9831
1747,3,3,Suburb,1975,227960.9034
1145,3,3,Suburb,1993,105507.2432
2593,2,2,Urban,1995,269413.6692
2319,4,1,Suburb,1957,158595.4871
1240,3,1,Suburb,1969,122405.9398
1856,3,3,Suburb,1991,174102.6187
1286,3,1,Suburb,2019,139070.1211
1951,3,2,Suburb,1997,263248.7733
2698,4,3,Suburb,2020,296190.5495
1025,4,3,Rural,1976,184869.9051
1451,5,3,Rural,1954,126112.076
1105,5,3,Rural,2005,132254.4496
1239,5,3,Suburb,1998,158427.5094
2875,2,1,Urban,1974,398272.0262
2441,2,2,Suburb,2007,260631.8993
1331,5,3,Suburb,1961,142240.8882
1911,3,2,Rural,1960,138942.7774
2914,5,3,Urban,1961,331789.417
2065,2,1,Urban,2011,277883.4666
1644,4,2,Urban,1979,211483.5068
2852,3,2,Urban,1979,259845.098
2579,3,3,Suburb,1954,228830.7646
1034,3,3,Suburb,2018,110602.9709
1875,2,2,Rural,2018,140509.5426
2370,3,1,Suburb,1968,226338.4945
1383,3,3,Urban,1999,179121.8149
2536,4,3,Urban,2015,286550.0985
2761,3,3,Suburb,1995,261858.4624
1810,2,3,Suburb,1953,170103.7311
2311,3,2,Urban,1995,230355.8565
1747,2,2,Suburb,1991,143509.2466
2894,4,3,Rural,1961,296122.7196
1958,4,3,Urban,1960,127050.1671
2056,3,1,Urban,1983,279631.702
1094,5,3,Urban,1975,134596.8173
2019,4,1,Urban,1956,267716.8775
1204,3,1,Suburb,1994,211810.3134
2644,4,3,Urban,1950,307598.2896
1833,4,3,Suburb,1979,252816.19
1029,2,3,Suburb,1968,225105.7628
1265,5,1,Urban,1995,155986.1009
1022,2,2,Rural,1979,152430.8019
1608,3,1,Suburb,2008,211001.3405
1038,3,3,Suburb,1972,73622.765
1172,2,1,Suburb,1975,180298.5508
1759,5,2,Urban,1971,88178.43869
2914,5,2,Rural,2008,430100.0194
2436,5,1,Suburb,1968,216485.679
1413,4,1,Suburb,1992,220372.2451
2697,3,3,Suburb,1953,281324.3098
1691,4,2,Rural,1959,164714.033
1614,2,1,Suburb,1970,125404.6663
1208,5,1,Rural,1975,178933.1382
1021,4,1,Suburb,1953,191419.2407
1004,5,1,Rural,1991,105290.7235
1650,4,3,Rural,2012,205152.3519
1213,3,3,Suburb,1966,184743.4676
2695,5,1,Rural,1966,308879.9229
1919,4,3,Urban,1961,210555.285
1906,2,1,Rural,2015,194678.4292
2162,4,1,Rural,1990,128444.3668
2680,2,2,Rural,2002,264931.4767
1671,2,2,Rural,2013,221822.4729
2618,5,3,Rural,1951,341668.0445
1666,3,1,Rural,1987,187354.902
1799,2,3,Rural,2021,244871.6037
1316,2,2,Urban,1958,199608.1521
1792,3,3,Urban,1973,223255.3885
1575,3,1,Rural,2010,186379.8659
2727,3,3,Urban,1978,200600.8673
2179,2,1,Urban,2020,260453.1982
2447,3,2,Rural,1986,143070.6369
2523,2,2,Rural,2003,273179.9971
1090,2,3,Rural,2004,138284.2253
2677,2,3,Rural,1962,334826.9177
2065,3,1,Suburb,1973,219879.6746
1760,2,3,Suburb,1954,89554.43725
2318,5,3,Urban,2009,233317.7773
1769,2,1,Suburb,2019,249976.6342
2360,3,2,Urban,2021,195562.6229
1000,3,3,Rural,1985,82407.0109
1108,2,3,Rural,1986,182865.1221
1927,2,2,Urban,2003,310271.5907
2148,2,1,Suburb,1987,219271.6899
2087,5,3,Rural,2002,300503.4905
1205,3,1,Rural,2006,136427.6165
2438,5,3,Rural,2003,118675.9733
2977,3,1,Rural,1960,316374.7328
1849,4,3,Suburb,1952,226099.3314
2267,3,1,Rural,1984,202114.8245
1589,2,1,Urban,1981,135133.2253
1622,3,3,Rural,1997,181558.3406
2677,3,3,Rural,1951,357564.0258
2239,4,3,Rural,1974,244188.6713
1964,4,3,Suburb,1998,177248.3906
2551,5,2,Rural,2013,311840.4242
1964,5,3,Rural,1989,356203.687
2589,2,1,Rural,1954,275544.7139
1652,5,3,Urban,1982,231709.9705
2403,5,3,Rural,1975,334090.9993
2871,4,2,Rural,1999,295887.0949
1078,2,2,Suburb,2009,116654.2284
1414,2,2,Rural,2001,227579.0532
2476,5,1,Suburb,1964,251721.6388
2172,2,2,Urban,1986,216599.3346
1638,2,2,Rural,1978,124066.7936
2693,4,3,Suburb,2003,234242.8702
1790,5,1,Urban,1982,253777.9999
2061,2,3,Urban,2015,285331.6795
2180,5,1,Rural,1955,200902.9985
1332,5,1,Rural,2018,148890.3369
1287,2,2,Urban,2020,185511.4471
2135,3,3,Rural,1951,182708.1975
2725,2,2,Suburb,2000,376117.9679
2641,3,1,Rural,2001,326014.8356
2114,4,1,Suburb,1988,197899.4307
2889,5,1,Suburb,2021,304768.3101
2836,3,2,Suburb,2013,274975.8657
2072,5,1,Urban,1971,224162.303
1160,4,3,Suburb,2014,114892.2874
2539,4,3,Rural,1983,252055.1453
2425,3,2,Suburb,2007,267409.6186
2733,4,2,Rural,2006,357964.607
1319,5,3,Urban,1984,131452.0421
1923,4,2,Urban,2007,244648.9686
1363,4,3,Suburb,2014,231723.0323
2912,3,3,Rural,1987,290786.5175
2465,4,2,Suburb,1966,348938.2234
1474,2,2,Suburb,1979,82262.19103
2022,5,2,Rural,1952,203321.9287
1765,3,3,Urban,1969,271945.3675
1601,2,2,Suburb,1976,173780.7033
1311,3,2,Suburb,2012,170172.6342
2555,2,3,Suburb,1965,288094.4037
1588,4,2,Suburb,1981,307043.5445
2243,2,1,Suburb,1959,216705.9952
2697,2,1,Urban,2009,198049.4043
2520,2,2,Suburb,1956,149358.7744
1342,5,3,Rural,2001,170111.4704
1905,3,3,Rural,1967,266267.6115
2650,4,2,Rural,2017,246779.48
2117,4,2,Suburb,2018,262206.6253
2941,5,3,Urban,1966,291257.9723
2156,5,3,Urban,2000,184495.4028
2524,5,3,Urban,1977,263335.134
1171,2,2,Rural,1997,125144.0587
1625,5,3,Rural,1952,252359.978
2032,5,2,Suburb,1963,269472.3142
2834,2,1,Rural,1965,281933.9008
2795,3,1,Rural,1955,293712.508
1681,5,2,Rural,1979,194482.4323
2344,5,2,Urban,2001,163484.1613
2121,2,2,Suburb,1990,138751.3853
2192,2,2,Suburb,2012,214197.3824
2983,2,3,Urban,2002,283154.079
1310,3,1,Rural,1952,218238.2771
2753,5,2,Urban,1987,267961.2543
1913,5,2,Suburb,1984,160782.4986
2935,2,2,Rural,2009,361836.0926
2366,2,2,Urban,2010,148186.1815
1429,5,2,Suburb,1991,242750.1436
2955,5,3,Suburb,1997,273391.2847
1857,5,2,Urban,1958,196680.0396
2985,2,2,Rural,2019,311944.7866
2579,3,2,Rural,2010,254830.057
2523,3,2,Urban,1987,291940.2012
2796,5,2,Rural,1951,281257.6091
1284,4,2,Suburb,2013,208117.6006
2661,3,2,Rural,1988,291034.9656
2283,4,1,Rural,1962,291357.0866
1494,4,1,Rural,2004,144948.4183
1354,5,2,Suburb,1979,157734.7466
1213,2,1,Urban,1963,159384.8114
1816,4,2,Rural,1968,205546.7347
1199,5,2,Suburb,2019,73317.23035
2259,2,3,Suburb,2012,324695.3618
1852,3,3,Suburb,2007,231077.8139
1135,5,2,Suburb,2015,231028.3149
2913,3,2,Suburb,2004,281201.4049
1947,5,3,Suburb,1986,147377.4433
1627,4,2,Urban,2005,231181.4669
2988,2,3,Urban,1979,411889.7399
1916,4,2,Suburb,1995,161080.7749
2690,5,3,Rural,1998,266431.34
2445,5,1,Suburb,2015,308304.8094
2924,4,3,Suburb,1989,327423.4585
2364,5,2,Suburb,1973,255838.5155
2852,3,1,Suburb,1957,314951.1457
2927,4,2,Rural,2002,309486.5367
1341,2,3,Urban,1952,220909.0052
2553,3,2,Suburb,2008,245912.0138
1387,3,1,Urban,2007,194500.7355
1003,5,1,Urban,1966,56848.32783
1676,4,3,Urban,1965,181836.0656
2662,5,2,Urban,1953,228442.6988
1398,4,1,Rural,1975,205703.6692
2445,4,2,Urban,2019,303521.2323
1410,2,3,Suburb,2008,224831.1899
1212,5,1,Suburb,1971,238042.8836
1559,4,1,Urban,2005,151473.743
1557,2,3,Suburb,1996,147294.5924
1557,4,1,Suburb,1992,72726.20369
2071,5,1,Urban,1973,236216.0263
2210,4,1,Urban,1982,285104.2866
1501,3,3,Rural,1990,132056.7652
2655,5,1,Suburb,2014,250093.3009
1643,3,2,Urban,2018,143353.9197
2994,2,1,Rural,2018,304394.4498
1530,4,1,Rural,1996,240757.6835
1952,5,1,Rural,1991,264210.7024
1786,2,3,Suburb,1966,273935.9014
1474,3,2,Suburb,2019,103961.4527
2767,3,3,Urban,1975,267908.883
1041,3,3,Urban,2021,151614.1181
1603,3,1,Urban,1968,137398.2005
2284,2,3,Suburb,2002,249924.1563
1047,4,1,Urban,2007,156545.6711
2944,2,2,Suburb,2008,338251.6829
2986,4,2,Suburb,2017,319757.3756
2817,5,2,Suburb,1962,264375.7256
2609,3,1,Suburb,1959,223998.8821
1727,2,3,Rural,2002,156103.2611
2469,5,2,Suburb,1966,349537.4996
1220,4,3,Urban,2009,227621.8115
2644,5,2,Rural,1999,370846.1156
2670,5,1,Rural,2009,278756.9819
1939,4,1,Urban,2006,108470.1786
1342,5,1,Urban,2008,152991.6882
2261,3,2,Suburb,1968,219483.1295
1154,4,3,Suburb,1994,197475.3305
1937,4,1,Urban,1989,287516.2327
1840,2,3,Urban,1984,127911.0659
2079,5,3,Suburb,1976,226897.8838
1386,3,2,Suburb,1997,238104.3385
1893,3,3,Urban,1961,185026.7729
2932,4,1,Urban,2000,324864.2444
2733,5,1,Suburb,1973,348049.2833
2338,4,3,Urban,2000,304034.7353
1037,3,1,Urban,2006,151216.4746
2364,3,2,Suburb,1972,239666.1544
1850,3,1,Rural,2012,236858.0777
1728,4,3,Urban,2011,144007.2717
1230,5,3,Suburb,1960,244052.5357
1451,5,3,Suburb,2002,208773.549
2365,4,3,Suburb,1974,252356.9334
2476,3,2,Urban,1989,265683.0751
1256,5,3,Suburb,1998,91495.93105
1433,3,1,Urban,1972,179956.6439
1208,4,2,Suburb,1996,135889.9018
2224,5,1,Rural,1966,311970.9833
1136,5,3,Rural,1983,160023.2142
2663,4,2,Urban,1951,287249.4151
1564,4,2,Urban,1963,246895.3151
1855,5,1,Suburb,1970,216576.6224
2417,2,1,Urban,2017,267200.3576
2619,3,3,Suburb,1997,273784.5362
1720,2,2,Suburb,1952,164689.9421
1844,5,3,Rural,1973,198531.8806
2820,2,2,Rural,1987,305624.5754
1035,4,1,Suburb,1977,238840.6115
2238,3,3,Urban,2012,229087.0563
1026,4,2,Suburb,1958,105878.4006
2681,4,1,Urban,2019,284534.3435
1017,4,1,Suburb,1971,158834.1959
1629,4,3,Suburb,2006,167410.1845
2160,3,3,Suburb,1992,263548.8286
1578,5,2,Rural,1978,179319.1769
1902,5,3,Rural,1961,202118.4624
2849,3,1,Rural,1962,307581.9432
1974,4,3,Suburb,1996,195876.5632
2053,2,3,Suburb,1959,229152.1255
2096,5,2,Rural,1996,226584.5879
1122,4,2,Suburb,1959,158287.3112
1956,2,1,Urban,1956,190476.4298
2000,2,1,Suburb,1979,322650.6018
1986,4,3,Rural,1993,118104.7031
2251,3,2,Suburb,1955,295203.87
1337,4,2,Suburb,1977,128123.8357
1990,3,1,Urban,2016,220691.8748
1272,2,2,Suburb,2015,150267.9691
2781,5,3,Urban,1989,339339.6968
2460,3,2,Rural,1988,315955.9084
1901,3,1,Urban,2004,187752.1178
1038,3,2,Suburb,2010,107171.9861
2944,5,2,Urban,1983,285130.011
1681,4,1,Rural,1977,266825.0635
1425,2,3,Rural,1963,111043.9259
1314,2,3,Urban,1972,190782.3565
1613,3,1,Rural,1968,131452.6613
2829,2,2,Urban,1977,308029.6565
2532,3,2,Urban,1983,216526.6178
2950,5,1,Rural,2011,265901.1426
1754,3,3,Urban,1983,298922.8673
1156,5,3,Suburb,1993,183191.3016
1871,3,3,Urban,2012,193623.9381
1776,3,3,Rural,1980,252998.4221
1256,5,3,Urban,1973,228655.3867
2999,4,3,Suburb,2005,384064.9217
2893,5,3,Rural,2012,315692.8449
1854,3,1,Urban,1975,175788.97
1634,2,2,Urban,1975,206899.4736
1455,4,3,Suburb,1992,135451.3543
1046,2,2,Rural,2019,78354.55947
2355,4,1,Rural,1954,325309.778
1009,3,1,Suburb,1983,36726.72844
1143,4,2,Urban,1988,230844.4543
2454,2,1,Urban,1981,247726.5968
2834,5,1,Suburb,1954,373002.0401
2175,4,1,Urban,2003,259803.8579
1486,4,2,Urban,1999,195393.6887
2159,3,3,Urban,2014,270736.8005
2610,3,2,Urban,1994,268776.8582
2896,4,3,Rural,1969,330535.0712
2049,3,2,Rural,1967,186487.9874
2030,3,3,Suburb,2007,287737.0778
1590,5,1,Suburb,2010,121136.6786
2038,4,1,Urban,2005,298105.3349
2455,2,2,Rural,1955,233985.2619
1898,5,3,Rural,1998,320188.6501
2423,3,1,Rural,1981,308751.0062
1206,5,1,Rural,2014,134489.6661
2624,4,2,Rural,1985,260521.1985
2632,4,2,Urban,2017,238431.3423
1909,4,1,Urban,2009,242844.5902
2239,2,2,Urban,1958,327594.9391
2525,2,1,Suburb,1976,227316.7842
2482,2,1,Urban,2009,198499.9404
1258,3,1,Rural,1980,194842.3771
2352,4,2,Rural,1964,288238.9795
1453,4,2,Suburb,1994,208283.4023
1798,2,3,Rural,1996,185811.5847
1374,5,3,Rural,2021,240376.8138
1463,5,1,Suburb,1961,81474.25557
1074,3,2,Urban,2009,159242.5922
1241,5,3,Urban,1979,181265.813
2040,3,3,Rural,1968,235527.937
2712,5,1,Suburb,1972,210387.9511
2282,5,1,Urban,1951,290234.0938
1122,5,2,Urban,1979,213074.7927
2334,4,3,Urban,1982,249157.9743
1110,2,1,Suburb,1994,141237.4317
2279,4,3,Urban,1975,268939.5484
1233,2,2,Suburb,1997,188579.831
1967,5,2,Rural,1958,215267.9893
1496,2,3,Suburb,2016,172391.1531
2891,4,2,Urban,1951,256507.3257
2063,2,1,Rural,1990,142461.5508
2145,2,2,Rural,1974,204227.267
2473,2,2,Suburb,1992,217561.8306
1726,5,1,Suburb,2020,222047.8148
2831,2,2,Urban,1971,231888.4115
2821,5,3,Suburb,2016,372173.1779
2816,5,1,Rural,1979,347851.3619
2542,3,1,Rural,1979,364460.2942
1091,2,3,Urban,1983,112073.7313
2384,5,3,Urban,1999,300855.5018
2969,2,1,Rural,2009,369363.5625
2146,2,3,Urban,1953,289857.5255
1336,4,1,Rural,1950,163869.337
2631,3,1,Urban,1964,308588.7727
1512,2,1,Suburb,1950,275741.8865
1602,2,1,Rural,2020,81736.97198
1427,5,1,Urban,1955,226979.6593
2456,5,1,Suburb,1982,167603.2946
1006,4,1,Suburb,1963,194722.6764
1119,3,3,Rural,1959,228640.8702
1386,3,3,Suburb,1991,151160.1589
2373,3,3,Suburb,1979,328579.6908
1640,2,1,Suburb,1951,221698.6601
2714,3,3,Rural,1951,388633.1714
2121,4,2,Rural,1950,270022.9715
2957,4,3,Urban,1979,409872.2209
2066,2,3,Suburb,1963,256299.2055
1182,2,3,Rural,2004,142757.2431
1696,2,1,Suburb,2000,224056.4955
1564,5,2,Rural,1978,157158.2079
2763,2,2,Rural,1973,352653.1849
2696,4,2,Urban,1955,253584.2145
2258,2,1,Urban,1973,270004.9358
2999,5,3,Suburb,1961,269071.2696
1445,2,1,Urban,1991,87036.85394
2893,5,2,Urban,1964,360090.0773
2930,5,1,Rural,1973,238737.7127
1199,5,2,Rural,1950,161412.7742
1947,2,2,Urban,2010,41382.00937
1512,2,2,Rural,1983,219652.0045
2549,4,1,Urban,1968,236837.6752
1989,3,3,Suburb,1989,244074.3034
1212,2,3,Urban,1964,160453.7878
2401,4,3,Urban,2006,313540.5571
2812,3,3,Suburb,2009,314376.3348
1545,4,3,Suburb,1964,199660.0648
1485,3,2,Suburb,1997,119722.7809
2384,4,3,Suburb,1967,177140.0617
2805,2,2,Rural,1974,395160.524
1167,3,3,Rural,1994,104282.1969
1889,5,1,Rural,2008,220977.6695
1930,4,1,Rural,1985,199645.0159
2705,2,2,Urban,1977,378775.7698
2617,2,2,Rural,1995,304459.1729
2427,3,2,Rural,2009,297687.7027
1827,4,2,Urban,1955,170490.5748
1136,2,3,Urban,1962,185028.7351
2256,5,2,Urban,1951,315137.2762
1114,4,2,Suburb,1998,165454.0952
2275,2,1,Rural,2019,185297.362
2516,2,3,Urban,1975,282225.069
2312,5,3,Suburb,1969,299436.5661
2072,2,3,Rural,1975,251198.2429
2475,3,3,Urban,1960,268535.0659
1515,4,1,Suburb,1959,123626.7699
2914,3,1,Suburb,1989,322234.1996
1687,3,1,Rural,2005,125108.9635
2019,5,1,Rural,1997,204017.8947
2295,3,3,Rural,1977,195451.3091
2454,3,3,Suburb,1970,258873.2587
2049,3,1,Urban,1964,209692.5677
2093,2,3,Urban,1976,212975.0628
1292,5,1,Suburb,2021,86121.43589
2429,2,2,Rural,2014,334191.185
2257,2,2,Rural,2010,219292.4852
1230,3,1,Rural,1989,121180.3015
2286,2,3,Suburb,1997,181840.1801
1937,2,2,Urban,1986,158194.8422
2821,2,2,Suburb,1982,317824.625
2609,3,2,Suburb,1965,361847.0452
2144,4,1,Rural,1987,257984.9921
2486,4,2,Urban,1988,278459.9201
1517,2,3,Suburb,1972,208909.2203
2047,3,1,Urban,2007,212197.6913
1705,5,1,Rural,1997,189371.6004
2703,4,2,Urban,1986,336090.792
1376,2,2,Rural,2012,143365.0465
2523,3,1,Suburb,2010,355256.6268
2934,4,3,Suburb,1970,298124.7389
1436,4,1,Rural,1999,141991.7166
1852,3,1,Urban,1984,144171.0276
2745,4,1,Urban,1973,304310.3672
2668,2,3,Urban,1978,384949.1487
2880,2,1,Urban,2003,386457.7075
2827,3,2,Rural,2021,328474.3852
1969,3,2,Urban,2001,228958.4187
1498,5,3,Suburb,1969,109165.073
2197,5,2,Suburb,1968,282124.3567
2686,2,3,Suburb,1991,253675.4518
1599,3,2,Urban,1955,219945.2371
2836,5,1,Urban,1988,361078.8022
2532,5,3,Suburb,1978,446757.0512
1777,4,2,Urban,1983,192286.6079
2333,4,1,Rural,1995,288042.5141
1069,5,3,Urban,2018,175771.5407
1204,4,3,Urban,1987,138955.9016
1340,5,2,Urban,1984,199977.3041
2055,4,2,Suburb,2010,240933.3813
2066,3,1,Rural,1985,254626.0095
1117,4,3,Rural,1998,101365.192
1888,3,1,Suburb,1982,135989.1695
1014,2,1,Suburb,1991,98868.97889
2345,4,2,Rural,1965,251540.2374
1910,3,2,Urban,1960,202237.3483
1626,5,2,Suburb,1996,147803.4318
2360,2,2,Suburb,1973,292320.5108
2555,4,3,Rural,1952,282420.6533
1689,5,1,Rural,1999,285561.5233
1773,5,3,Suburb,1977,192591.0479
2614,4,1,Suburb,2014,337476.7579
2404,4,3,Rural,1978,338262.98
2534,3,1,Urban,1992,243924.3494
1912,3,3,Rural,1985,238832.5759
1119,2,2,Urban,1960,154132.2604
1025,4,2,Rural,1961,57204.87993
2557,2,1,Suburb,1964,310827.1213
2736,3,1,Suburb,1964,307861.2972
1063,4,1,Suburb,1979,94798.8833
1459,5,2,Urban,2002,158858.8962
2749,2,1,Urban,2016,290166.6481
1313,4,1,Rural,1978,186626.0982
1804,5,2,Urban,2005,207596.7861
2613,3,3,Rural,1954,221977.5329
2239,5,1,Suburb,2002,268561.9858
2479,2,1,Suburb,2019,247688.5793
1985,4,1,Suburb,1961,225728.0676
1735,5,2,Suburb,1996,217025.8096
1888,4,3,Suburb,1984,294291.4198
2563,5,2,Urban,1971,217879.6103
1981,4,2,Urban,2003,288860.4368
2840,2,3,Suburb,2018,352092.9049
2736,3,2,Urban,2020,255940.9446
1578,3,1,Suburb,1979,233592.5826
2496,5,1,Suburb,1973,229949.5501
2382,2,2,Rural,1993,278170.4442
2149,4,3,Urban,1955,206226.04
1971,2,1,Urban,1991,207088.1356
1860,2,3,Urban,2010,238093.4979
1706,5,3,Suburb,1983,215245.8343
2960,3,1,Urban,2014,305835.4051
2709,2,1,Rural,1986,292553.577
2110,5,1,Suburb,1974,211309.0878
2366,4,1,Rural,1988,257512.4898
2846,3,1,Urban,1969,326042.1252
1394,3,2,Suburb,1998,196260.3603
1483,4,2,Suburb,2005,62100.60789
1665,2,2,Urban,2019,220152.3253
1455,3,1,Suburb,1989,88802.2009
2499,2,3,Suburb,2011,261159.0521
1209,5,2,Urban,1990,144600.7347
1524,4,3,Suburb,1958,76896.19145
1675,3,1,Rural,1991,278357.1939
2001,4,1,Urban,1990,191893.6626
2790,3,2,Rural,1975,263903.8969
1895,4,3,Suburb,1991,343582.7487
2003,5,3,Rural,1966,146180.3507
2599,5,3,Urban,2011,291226.8348
1306,2,3,Suburb,1988,165835.0573
2099,5,3,Urban,1959,242188.7656
2045,4,1,Urban,1979,155051.5609
1059,4,3,Urban,1994,101347.911
1385,5,3,Rural,2017,188608.4862
1055,4,3,Suburb,1961,180949.8265
1167,4,2,Suburb,2012,220131.2953
2435,4,1,Rural,1982,261908.7462
1716,2,2,Rural,1965,231009.5997
1864,2,2,Rural,1976,253822.9563
2794,3,2,Rural,1995,359243.0179
2214,4,2,Urban,1969,244800.8545
1481,2,2,Rural,1988,180948.4645
2942,5,1,Urban,1991,344737.9886
2590,4,3,Urban,1965,310368.9185
2439,4,2,Suburb,1970,327210.7558
1339,3,1,Suburb,1977,146945.524
1795,5,2,Urban,1967,233474.3625
1891,5,3,Rural,1988,237952.4224
1775,4,2,Rural,1973,141157.0653
2282,2,1,Urban,1980,238832.7288
2373,3,3,Rural,1977,300264.0797
1600,3,3,Rural,1959,200376.1979
1436,3,3,Suburb,1991,96467.75837
2245,4,3,Rural,1990,282792.9378
2436,3,3,Urban,1950,299094.7607
2373,2,2,Suburb,1999,270993.2504
2505,5,1,Rural,1979,347732.2338
2624,2,1,Rural,1992,326298.5215
2082,3,1,Rural,1985,198581.1071
1151,5,2,Suburb,1978,182364.3819
1933,3,1,Suburb,2001,274853.3103
1539,3,2,Rural,2013,169524.172
1224,4,3,Suburb,1984,205077.6083
2341,5,3,Urban,2020,283869.9159
1562,3,3,Rural,1986,124237.0144
2798,3,1,Urban,1995,228844.5876
2302,4,1,Suburb,2010,227680.8475
1557,5,1,Urban,2011,136719.9609
2497,3,1,Rural,2014,381918.6805
2869,3,3,Rural,1965,335704.7204
1617,2,2,Suburb,1986,129049.6985
2819,2,2,Suburb,2003,333493.7849
1023,2,1,Rural,1956,56009.05243
2542,4,3,Suburb,1986,226955.1087
1367,2,3,Rural,1986,224057.6183
1998,2,2,Suburb,1989,137408.6446
1334,3,3,Urban,1997,184141.1376
2456,4,1,Urban,1957,233384.0089
1002,5,3,Rural,1967,131161.0863
2007,3,2,Rural,1978,181988.7167
2281,3,2,Urban,1961,185568.948
1262,4,1,Suburb,1968,59486.98124
1120,4,1,Urban,2000,200454.9193
2743,3,2,Rural,1993,411938.2867
1020,3,1,Rural,1954,187187.9856
1904,3,2,Urban,2012,271477.244
1139,4,2,Rural,2011,115632.9381
2500,3,1,Suburb,2013,292265.3454
2815,3,3,Rural,1989,230750.5521
2312,5,2,Urban,2009,377322.9018
1205,2,2,Suburb,1973,48480.51536
1042,2,2,Suburb,1992,149384.1511
1849,2,1,Suburb,2013,239989.5104
2141,2,3,Suburb,1977,249544.9049
2028,2,1,Urban,1981,230505.1334
1206,3,2,Rural,2007,94749.46899
1634,3,1,Urban,1976,92622.86436
2862,5,3,Rural,2014,356840.1937
1344,4,1,Urban,2021,208890.8343
2165,5,1,Suburb,1987,266680.0919
1371,4,3,Urban,1998,83467.36409
2255,4,2,Suburb,1950,235916.3709
2187,5,2,Rural,1968,226830.923
1546,3,1,Urban,2016,45300.31757
2387,5,1,Suburb,1965,257111.576
2969,2,1,Suburb,1960,305075.201
1983,5,1,Rural,1956,320803.7185
1334,3,3,Suburb,1991,179874.2647
1010,3,2,Urban,2015,47772.6674
2431,4,2,Suburb,2020,246685.1043
1074,4,1,Suburb,1996,149720.2149
2323,5,3,Rural,1997,290045.9146
1946,4,3,Urban,1986,309454.918
1912,5,1,Urban,1975,177568.6689
2404,4,1,Urban,1989,327196.1665
1709,3,2,Rural,1988,163613.762
1852,4,1,Rural,2012,130451.9305
1775,2,1,Urban,2012,142105.4493
2870,3,2,Rural,2009,313459.9856
1885,2,2,Suburb,1976,169753.3745
1735,3,3,Suburb,2019,268815.0574
1633,5,2,Suburb,1977,267149.1335
2609,3,1,Rural,1972,327592.9644
2051,4,3,Urban,1983,156753.7393
2486,2,1,Urban,1984,270896.4072
1395,3,2,Rural,1998,148230.0617
1682,5,3,Urban,2009,196815.2022
2399,2,3,Urban,1997,260779.7094
1420,3,3,Suburb,1989,177087.5155
1363,5,2,Urban,2009,223705.3373
2918,3,2,Urban,1972,345649.2167
2239,3,2,Rural,2008,257622.1289
2854,2,3,Urban,1952,304985.3023
2124,3,2,Suburb,2008,118767.1286
2781,2,2,Suburb,1965,331159.7513
1092,2,1,Urban,1985,104718.6667
2598,4,2,Suburb,2001,233535.4305
1265,2,2,Rural,1957,205312.3087
1205,3,2,Urban,1976,129798.1423
2103,3,2,Rural,1963,287736.8434
1036,3,1,Urban,1959,154622.7391
2034,3,2,Suburb,1957,153461.2781
2650,2,2,Rural,2017,257817.7231
2113,4,2,Rural,1951,159838.5762
1743,2,2,Suburb,1996,156407.6033
1018,3,3,Suburb,1977,242053.0627
2587,2,2,Rural,1958,284672.1458
1373,4,1,Suburb,1984,92783.70963
2809,5,3,Rural,2005,306355.2505
1093,4,2,Suburb,1969,138590.6974
1031,4,1,Urban,2010,38849.26436
2686,5,2,Rural,1995,288961.5362
1139,4,3,Urban,1975,112519.5692
2593,4,3,Rural,2011,265486.5282
1972,2,1,Urban,2004,234511.6857
2044,4,1,Suburb,2005,208675.5913
2172,4,3,Rural,1996,282213.0169
2244,3,2,Suburb,2009,251790.7477
1732,4,3,Urban,2015,308760.4033
1753,2,2,Rural,1971,187356.0692
2242,5,1,Rural,1972,273533.5936
2564,3,3,Urban,2011,246396.1214
2998,2,2,Rural,1961,263436.4733
2582,3,2,Rural,1961,316112.7471
2931,4,3,Urban,1954,373661.9183
1057,2,3,Rural,2001,181162.2473
2448,3,2,Rural,2003,284881.6904
2298,2,2,Suburb,1971,234934.7792
1139,3,1,Rural,2011,137465.0304
2046,4,2,Urban,1990,238517.4903
1900,5,3,Urban,1979,154099.559
1377,5,3,Suburb,2021,216360.2842
1921,2,2,Suburb,1990,153218.1173
1372,5,2,Rural,2013,200735.6546
2086,2,2,Suburb,1962,121548.1965
2587,2,1,Suburb,1965,329491.7938
1777,4,3,Suburb,1966,169997.4399
2365,4,3,Rural,2011,262840.2821
1166,3,2,Urban,1971,105609.5616
2174,2,1,Urban,1990,293328.6012
1522,3,1,Suburb,1973,148633.78
2630,3,2,Suburb,1984,270280.3931
1583,4,3,Urban,1998,222200.2757
1500,2,1,Suburb,2016,105151.1652
1895,4,2,Urban,1985,197144.4667
1998,2,3,Suburb,2001,277790.6359
1559,5,3,Rural,1960,255966.7711
2371,5,2,Rural,2004,287646.8538
2295,3,3,Rural,2015,246954.4213
2453,4,1,Urban,2002,297706.4867
2966,4,3,Rural,1977,345380.284
2011,2,1,Rural,1985,186747.1513
2630,3,1,Rural,1987,269116.2834
1232,4,2,Suburb,1990,81304.02066
1559,3,2,Suburb,1994,216220.7806
2231,4,3,Suburb,1967,315178.9758
2476,5,1,Suburb,2003,269075.198
2762,4,1,Suburb,1991,319620.3286
2524,4,1,Suburb,1993,357055.3085
1920,5,1,Suburb,1985,204120.5162
2612,3,1,Rural,1974,315633.3066
1860,3,3,Rural,1989,229070.8266
2242,3,1,Suburb,1974,176767.5262
1871,5,2,Urban,1970,296906.8528
1080,5,2,Suburb,1978,123918.7562
2572,5,1,Rural,1991,209124.3745
1613,3,3,Rural,1960,203653.359
1702,3,2,Urban,1964,52849.91799
1540,3,3,Rural,1966,75963.02173
2849,3,2,Urban,2010,311071.0896
1764,2,1,Rural,1973,212828.0574
2274,5,2,Urban,2019,260051.861
1737,5,1,Rural,1955,176842.0535
1605,5,1,Suburb,1955,213959.2745
2438,3,1,Urban,1974,313772.7318
2109,3,2,Rural,1969,236145.0651
1621,2,3,Suburb,1968,194964.838
2240,2,2,Rural,1984,175253.0721
2021,3,3,Rural,1986,161488.2822
1195,3,1,Suburb,2000,188203.281
1994,3,3,Urban,1961,255302.501
2320,5,1,Suburb,1978,308130.625
1945,2,2,Suburb,1994,183074.0034
1043,5,3,Rural,1978,128904.8728
1392,4,3,Urban,2002,255693.8492
2466,4,3,Rural,1979,284194.0184
2113,4,2,Suburb,1994,282182.1032
1154,4,3,Rural,1991,139536.152
1977,5,1,Rural,1992,291837.3453
2501,4,2,Rural,1964,355946.7533
2644,3,1,Suburb,1980,376248.2511
1058,4,1,Suburb,1983,184289.3107
1109,3,2,Rural,1966,68420.58914
1478,5,1,Urban,1951,131926.3628
1617,2,3,Urban,1994,222987.7612
2922,2,1,Suburb,2008,172649.8069
2756,4,3,Suburb,1987,305247.7752
2798,2,2,Suburb,2005,275079.472
2617,3,1,Urban,1963,309983.1803
1783,4,1,Urban,1981,168857.5806
2072,4,3,Urban,1958,294237.1674
2400,3,1,Suburb,1950,329118.6898
2055,3,3,Urban,1973,161901.3916
2509,5,1,Suburb,1971,195894.4146
1600,3,2,Rural,1953,119250.867
1939,5,3,Rural,1974,176212.5149
1991,4,1,Rural,1986,108308.1966
1530,2,1,Rural,1957,221519.1859
2026,2,3,Urban,2003,270329.2902
1377,5,1,Urban,1971,147176.1316
1571,2,1,Suburb,2016,162419.4712
2954,2,3,Urban,1991,249985.8769
2265,4,3,Suburb,2006,245397.7927
2564,5,2,Urban,1957,194387.9916
1586,3,2,Rural,1957,126168.9306
2605,2,3,Urban,1973,277337.5529
2618,4,1,Urban,2012,288993.647
1356,4,3,Suburb,2019,144987.38
1684,2,1,Suburb,1970,228409.8818
2946,3,2,Rural,1999,374484.3104
2220,3,3,Urban,2011,278719.0277
1857,5,3,Urban,2014,208449.8247
2442,5,2,Urban,1979,289093.7362
1658,5,3,Rural,1959,207344.4639
2296,4,3,Rural,1957,114406.3178
2525,3,3,Rural,1954,243084.1724
1034,5,3,Rural,1994,118929.4381
2006,4,2,Urban,2008,207902.4831
2648,3,1,Rural,2014,333342.1695
1460,2,2,Rural,1966,217053.3197
1717,5,2,Suburb,1969,149618.7801
2693,5,3,Suburb,1992,306027.1969
2276,3,2,Rural,1981,194938.2094
2657,2,3,Rural,2000,284175.2704
1511,2,3,Suburb,1967,226930.873
2071,4,1,Suburb,1970,222617.2494
2208,5,2,Urban,2002,279803.8484
1490,2,2,Suburb,2017,189117.1727
1272,4,3,Urban,2003,206344.5053
2636,5,3,Rural,1955,307520.8264
2012,5,1,Urban,2018,207281.8907
1526,5,3,Rural,1951,218155.366
2151,5,1,Rural,1951,234004.9393
1209,2,3,Rural,1988,170947.6704
1623,2,3,Suburb,2004,168507.2584
2805,2,3,Suburb,1976,302751.7229
2165,3,3,Urban,1977,273377.8649
1172,3,2,Rural,1955,41762.55881
2888,5,1,Urban,2011,242682.9848
2701,2,2,Suburb,1957,243947.4107
1446,4,2,Suburb,2005,135161.0136
2142,2,1,Urban,1972,241836.3027
2738,4,3,Rural,2000,248368.158
1010,5,3,Urban,1964,205539.4861
1760,5,3,Suburb,2016,176594.1089
2327,5,1,Suburb,1986,280245.1446
2783,2,2,Rural,1950,254646.9407
2177,2,2,Rural,1990,261660.6782
1322,4,2,Rural,1966,45179.74258
2560,4,2,Rural,1955,309739.694
1976,3,1,Suburb,1999,198343.1394
1444,5,2,Suburb,2018,215183.3665
1341,4,1,Rural,1952,149131.8976
1220,2,2,Suburb,2019,175474.1051
1109,4,1,Suburb,1975,78810.50735
1409,3,2,Rural,2020,89550.22104
2441,2,2,Urban,1980,255787.0892
2625,2,2,Urban,2009,346166.3431
1504,2,1,Suburb,2000,132886.1083
2800,4,1,Rural,1969,297871.7141
1039,5,2,Rural,1987,18659.47678
2532,5,3,Rural,2005,321640.5486
2482,5,1,Rural,2000,294839.7301
1262,5,3,Suburb,1988,250462.232
2693,5,1,Urban,1966,255198.0235
2141,2,3,Rural,1974,197925.8014
2473,2,2,Urban,1960,326784.0587
2791,4,1,Rural,2006,300560.561
2437,2,1,Rural,1980,297743.9033
1707,4,3,Urban,1997,138573.7501
2849,4,2,Urban,2018,220846.3858
1822,3,1,Suburb,1974,113232.4924
2549,2,2,Rural,1972,238281.2036
1460,4,1,Urban,2001,201070.7489
2141,5,3,Suburb,1975,258612.503
1216,5,2,Rural,1983,273876.5089
2740,3,3,Suburb,1960,263747.2702
1076,4,2,Rural,1972,195269.4329
2444,2,1,Urban,1978,258684.641
1891,5,1,Suburb,2013,212466.8133
2195,5,3,Rural,1990,174807.4408
1389,3,2,Suburb,2020,267838.8528
2049,5,3,Rural,2012,313915.827
2151,4,2,Rural,2002,302321.6214
1373,3,1,Rural,1955,184912.5845
1653,5,1,Rural,2002,87944.45457
1903,2,1,Suburb,1980,244704.2435
2047,4,2,Rural,1990,229488.4028
2493,5,1,Suburb,1980,311336.0879
1743,2,1,Urban,2008,252848.8357
1422,4,2,Urban,2007,222337.2934
2200,5,1,Rural,1960,275086.2514
1852,3,2,Suburb,2021,226320.9684
2770,2,1,Rural,1962,280026.7226
1830,5,2,Suburb,2020,169714.2619
2561,3,3,Rural,2002,273886.9002
2289,4,2,Rural,2005,158037.2108
1972,4,2,Rural,1984,166468.5094
2897,2,1,Urban,1975,298336.6816
1628,2,1,Suburb,1967,55017.45166
1569,4,1,Rural,1995,84484.62418
2293,3,1,Suburb,1983,180471.4126
2352,4,3,Urban,1967,256118.9888
2478,5,1,Rural,1986,305503.8039
2318,5,3,Suburb,2018,258349.4817
1121,3,1,Rural,1974,66632.18257
1158,5,2,Suburb,1994,176980.111
2201,5,2,Rural,1996,355371.9673
2679,2,2,Urban,2003,218813.8477
2351,5,1,Urban,2006,200504.6677
2903,3,3,Urban,2002,321603.0323
1306,4,2,Rural,1971,274720.5585
2934,3,2,Urban,1958,307297.1245
2112,2,3,Urban,1981,269700.7801
1750,3,3,Suburb,2001,132947.1937
2061,4,3,Suburb,2011,281333.9785
2896,4,2,Urban,1996,375644.0539
1590,3,3,Urban,1997,150851.3884
2880,4,1,Rural,2001,231090.7543
2862,2,1,Urban,2004,387822.1349
1345,3,1,Urban,2017,128686.1687
2275,5,1,Suburb,2011,254015.2745
2863,3,1,Suburb,1991,296036.9099
1148,5,1,Urban,1988,139833.9197
2039,5,1,Urban,2019,223705.3992
2390,3,2,Rural,1953,262535.2334
1834,4,1,Urban,1983,173384.1391
2856,5,3,Suburb,1994,304962.0556
1780,5,2,Urban,1970,238358.0921
1117,3,2,Rural,1976,129686.2843
1703,5,1,Suburb,2018,222107.6195
1316,3,1,Rural,2008,170209.5703
1287,5,2,Urban,1957,208460.4428
1907,5,1,Rural,1967,236386.4409
2374,3,3,Suburb,2019,193401.6505
1296,3,2,Rural,1981,119312.9095
2217,2,1,Urban,2014,271431.668
2415,4,1,Urban,1978,351170.3803
1442,2,1,Urban,1992,181040.3724
2304,3,2,Rural,1971,265937.346
1900,5,3,Urban,1970,168869.4499
1300,4,3,Urban,1961,114704.1212
1897,3,2,Suburb,1996,226500.6285
1425,2,2,Suburb,2017,64728.29289
1249,5,1,Suburb,2011,263033.1509
2957,5,3,Rural,2005,417172.8846
2766,3,1,Urban,1976,326638.3035
2538,5,2,Urban,1990,315205.1443
1685,2,3,Urban,2009,294939.5016
1751,5,2,Suburb,2000,279032.5917
1997,2,3,Suburb,2006,227007.4583
1405,5,2,Suburb,1999,186174.6371
2639,4,1,Rural,2014,339373.0757
1800,3,3,Suburb,2021,244052.5042
1243,3,3,Urban,1961,159441.4709
2823,5,3,Suburb,1995,416583.2341
1366,3,2,Rural,1952,84966.43268
2808,4,1,Rural,2006,312970.3079
1119,2,1,Suburb,1977,174401.7102
1849,4,3,Urban,1959,125196.9487
2463,4,1,Suburb,1951,247241.0352
2794,2,2,Suburb,1966,283241.5309
2527,3,3,Rural,1990,240694.5677
2605,2,2,Rural,2006,383152.1572
1432,2,2,Suburb,1977,150839.8808
1182,2,1,Suburb,1961,156660.6845
2484,3,3,Suburb,1953,362084.7954
1758,2,2,Urban,1970,175479.0162
2141,4,3,Rural,1994,248894.9203
1030,2,3,Urban,1985,51710.45632
1976,2,2,Rural,1955,132378.8804
2172,5,1,Rural,1981,143853.2969
1527,5,1,Suburb,1978,207755.9116
2296,4,3,Rural,1969,273076.8498
1863,3,1,Rural,1980,198479.7698
2408,5,3,Suburb,2008,252267.5285
2903,4,3,Rural,2004,238600.4953
1101,5,2,Suburb,1987,101508.4199
2095,5,3,Rural,1978,161506.3499
2728,3,2,Suburb,1964,345777.0937
2857,3,1,Rural,1957,262436.625
1622,5,2,Suburb,1955,252154.134
1804,5,1,Suburb,2018,235263.8392
1407,3,2,Suburb,1998,199974.4607
2370,3,1,Rural,1965,251037.6994
2875,4,3,Suburb,1984,345676.0361
2390,5,2,Rural,1970,228449.2374
1829,3,1,Urban,1953,151592.2378
1788,5,2,Suburb,2013,207428.7167
1617,4,3,Suburb,1978,203303.0778
1548,2,1,Urban,1982,171467.3927
1290,5,3,Suburb,1998,123325.0734
1421,4,2,Rural,1968,168509.1065
1180,2,3,Suburb,2000,194717.764
1654,5,1,Suburb,2000,165810.8023
1113,4,3,Suburb,1969,103262.64
2261,2,3,Rural,2016,308880.0761
2961,4,1,Suburb,2015,353419.1285
2117,4,1,Rural,2009,150588.1326
1259,4,3,Urban,2019,133593.8153
2130,4,2,Suburb,1989,279401.7212
1243,2,3,Suburb,1964,218191.2641
1422,3,3,Suburb,2007,111028.8996
1334,4,1,Rural,1965,119137.8847
2046,2,1,Urban,1985,189778.3085
2896,4,1,Urban,1967,254579.6428
1270,5,1,Suburb,2013,229521.5427
2163,5,3,Suburb,1959,210669.5521
2489,3,1,Urban,1980,216667.4735
1453,2,1,Suburb,2005,218446.9259
2407,5,2,Urban,2019,267742.757
1593,2,2,Urban,1972,135917.6837
2400,5,2,Rural,1968,283716.8201
2009,2,2,Suburb,2018,230652.759
2461,4,3,Suburb,1976,180636.345
1855,4,2,Suburb,1957,184647.2247
2445,5,2,Rural,2019,291552.017
2179,3,2,Rural,2020,236837.4106
2358,5,3,Rural,1974,271494.7801
2554,5,3,Rural,2016,314739.519
2604,3,3,Urban,2005,293997.0736
2983,4,2,Rural,1982,288827.0269
1131,4,3,Rural,2016,171279.4733
1767,5,3,Urban,2004,278958.4904
2744,2,2,Urban,2011,329800.9363
1500,5,3,Suburb,2001,233695.7525
2545,4,3,Suburb,1989,239016.3739
2163,2,3,Suburb,1976,222696.7701
2988,3,2,Urban,1989,316536.511
1134,4,3,Suburb,1968,120068.3207
1766,3,1,Urban,1969,285814.4248
1811,4,3,Urban,2003,177142.271
2430,4,2,Urban,1965,242910.0514
1769,2,1,Urban,1968,172096.5815
1093,4,1,Suburb,2019,185338.6263
2907,5,2,Suburb,2014,320569.3409
2264,3,3,Rural,1980,207953.1403
2772,4,2,Rural,2019,295998.7872
1164,5,2,Rural,2010,140791.3278
1324,3,2,Suburb,1993,77629.43354
2683,5,1,Urban,1969,304018.4621
2241,4,3,Suburb,1963,265570.8634
1939,5,2,Urban,1950,149499.7206
1619,3,3,Urban,1970,195260.7871
1230,3,1,Urban,1983,193550.3664
1581,3,3,Rural,1966,144724.2027
1732,4,2,Urban,2006,216677.2008
2609,2,1,Urban,2001,354149.4331
2202,5,1,Urban,1960,334227.7534
2103,3,1,Rural,1985,261922.1462
2377,3,1,Urban,1956,333080.7503
1670,2,2,Rural,1952,231497.8595
2891,3,2,Urban,1957,235260.6963
2704,3,3,Suburb,1969,296239.4525
2849,4,1,Suburb,1998,318897.8991
2924,2,3,Rural,1964,342089.511
2184,3,1,Urban,1982,170993.064
2450,4,3,Suburb,1988,285845.8039
1402,4,3,Urban,1966,95665.49065
2055,4,2,Urban,1967,267154.5664
1120,4,1,Suburb,1960,70074.58979
1726,2,3,Rural,1989,116659.2032
2538,2,3,Suburb,2004,228712.044
1384,4,1,Urban,1997,117216.5638
2763,2,3,Urban,1979,238965.0534
2448,5,1,Urban,2015,294736.9147
1475,5,3,Suburb,1985,199958.4969
1559,4,2,Suburb,2008,169993.9559
2190,3,2,Suburb,2000,227458.6856
1388,3,3,Suburb,1977,80825.06164
2356,5,2,Rural,2014,271455.7194
2546,4,3,Urban,1999,300724.3382
2773,5,2,Rural,1967,318147.7478
1789,5,2,Suburb,2014,190963.9363
1752,3,1,Suburb,1988,255709.0296
2494,5,1,Suburb,1994,249169.747
1703,4,2,Suburb,1989,193646.4487
2547,3,3,Urban,1974,293990.491
1052,3,3,Urban,1980,91955.79907
1566,5,1,Rural,1957,202852.8512
1820,2,1,Suburb,2021,149574.882
2044,5,2,Suburb,2012,260178.6777
2042,4,3,Rural,1998,220737.0534
2988,2,3,Rural,1987,175620.4998
2879,4,2,Suburb,2016,361604.3314
1861,3,1,Rural,1989,184677.9502
2479,4,3,Urban,2012,330707.8458
1321,4,2,Urban,2015,163305.9767
1826,4,2,Suburb,1979,346851.8934
1432,5,3,Suburb,1985,115825.1168
2082,5,2,Suburb,2020,287504.6037
2174,4,2,Suburb,1990,269115.9644
2794,5,1,Rural,1990,260998.7106
2463,3,1,Rural,1966,209724.2427
2907,3,1,Urban,2011,370655.2482
1057,2,1,Urban,1977,46056.5156
2017,5,3,Urban,2015,271417.4615
2751,5,1,Urban,2004,358074.8224
2597,4,3,Urban,1958,328940.5886
2681,2,3,Urban,2008,213472.8771
2980,3,3,Urban,1970,288109.9772
2917,3,3,Rural,1997,260955.4999
1750,4,3,Urban,1986,256049.3301
2316,5,1,Rural,1978,294397.2896
1181,4,3,Rural,1970,111209.5303
2904,2,3,Urban,1964,263547.5514
1606,3,2,Rural,1969,244405.7882
2101,2,1,Suburb,1961,238285.5734
1960,3,2,Urban,1959,295112.4774
2677,3,1,Suburb,1996,257527.7213
1104,2,1,Suburb,1988,100615.7651
2284,3,3,Rural,1966,243370.573
1606,3,2,Urban,1969,221578.5662
2246,2,2,Suburb,1979,289581.4213
1989,3,3,Urban,1965,252593.4131
1483,2,2,Urban,1969,174449.8884
2725,4,1,Suburb,1960,319511.7784
1128,5,1,Suburb,1994,145123.506
1318,5,1,Urban,2005,147961.6114
1706,5,1,Urban,1983,305308.2779
1508,3,3,Urban,1981,246020.394
1019,2,3,Rural,1951,153689.989
2834,5,3,Rural,2013,309214.049
1751,3,2,Urban,2019,138815.2771
1234,3,2,Urban,1992,146922.6432
2620,2,2,Suburb,1980,221791.0894
1605,4,2,Suburb,1989,215018.8086
1553,2,3,Rural,2000,193762.0093
2899,3,2,Rural,1982,342845.6181
2373,4,2,Suburb,2018,294917.8461
1452,4,2,Rural,2015,112910.4804
1585,5,1,Urban,1951,209493.7396
1983,3,3,Rural,2010,266389.3949
2900,2,3,Rural,1960,329957.572
2532,2,3,Urban,1956,268077.9335
2650,5,1,Urban,1950,246828.4424
1422,3,3,Urban,2006,100593.1465
2213,2,3,Suburb,2020,172116.0936
2967,2,3,Urban,2020,391024.1809
2148,2,2,Suburb,1963,188157.3176
1005,4,2,Rural,1978,170190.3303
1457,4,3,Rural,1992,192489.5848
2914,5,1,Rural,1965,267997.673
1553,5,2,Urban,1950,157427.1252
2593,2,1,Rural,1978,216242.6462
2962,3,1,Suburb,1983,327817.5492
1521,3,1,Rural,1968,154217.3652
2112,5,3,Rural,1971,240538.5413
1845,3,2,Suburb,1958,143060.6139
2134,3,3,Suburb,1980,357594.9246
1550,2,3,Suburb,2009,112331.2713
2420,2,2,Suburb,2000,265011.2793
2994,3,1,Suburb,1996,275705.0797
2702,2,3,Rural,1950,333524.6899
1010,3,1,Urban,1981,161993.8296
2645,3,1,Urban,1999,323187.9132
1496,4,1,Urban,1976,132124.8831
2039,3,2,Suburb,1999,216163.7351
2056,4,1,Rural,1994,213491.5557
1744,5,2,Suburb,2001,200853.768
1488,3,2,Urban,2010,160513.1321
2211,5,3,Rural,1987,177264.0495
1735,2,1,Urban,1974,185929.2135
2594,4,3,Rural,2021,274836.5467
1457,5,3,Rural,1964,173660.0541
2074,2,2,Urban,1951,166262.7267
2294,3,3,Suburb,1957,153415.9942
1463,4,1,Suburb,2021,139128.9261
1042,3,1,Urban,1999,49063.91284
1538,5,2,Urban,1969,135439.8409
1567,3,1,Rural,2017,198300.9632
1120,2,2,Urban,2019,160893.552
1624,5,2,Rural,1998,156557.1522
1315,4,2,Rural,1961,152235.6594
2021,2,1,Rural,1954,113007.3632
2138,2,3,Rural,1964,232976.5858
1620,4,2,Urban,2016,215015.844
1453,2,2,Suburb,1984,92143.39922
1686,5,3,Urban,2020,112779.6308
1623,3,2,Urban,1964,273521.3441
1611,4,3,Suburb,2003,217619.1259
2543,4,2,Suburb,1982,342724.9615
1958,5,3,Suburb,2011,294180.1219
1646,5,2,Rural,1973,169151.021
1762,4,2,Rural,1957,107102.0117
2360,4,2,Suburb,1975,185756.2696
1239,4,2,Rural,1999,224873.2717
1733,4,1,Rural,2017,171966.0247
2409,5,1,Urban,2019,300325.5939
2168,3,2,Suburb,1985,217059.016
1376,4,3,Suburb,1956,237840.1537
1003,2,2,Rural,1954,114661.5928
1793,2,3,Rural,1961,99067.44312
1845,2,3,Suburb,2002,98308.90699
2351,5,1,Suburb,1994,240884.5356
1196,4,3,Suburb,1982,96703.00952
1388,5,2,Suburb,1958,101036.476
2663,2,1,Suburb,1992,292315.9531
1260,3,1,Suburb,1985,94073.29358
1602,2,1,Urban,1986,122898.5021
2860,4,2,Urban,1988,369917.5372
2794,3,3,Suburb,1973,320451.7478
2957,3,3,Rural,1972,292305.2451
1093,3,2,Rural,2016,135026.6618
2280,2,2,Suburb,1957,255670.103
1135,5,1,Urban,1997,121200.3442
1524,2,2,Urban,1973,145307.7793
2733,4,3,Rural,1955,394055.8614
1497,3,2,Rural,1956,160271.6149
2201,5,3,Suburb,1969,318116.2993
1111,5,2,Rural,2004,126843.5582
2287,4,3,Rural,2001,264687.2114
2437,4,2,Rural,2009,238336.1738
1368,4,2,Suburb,1982,152265.6211
1935,3,1,Suburb,1951,224313.4908
2614,3,1,Suburb,1974,388946.8127
2401,4,2,Urban,2016,310887.8269
1767,3,3,Urban,1959,250826.0399
1585,2,3,Rural,1985,105908.3838
2406,5,2,Urban,1983,247672.2023
1672,3,1,Urban,1979,120451.7505
1510,5,3,Rural,1961,255495.2702
1712,2,1,Rural,1959,149438.5517
2904,3,1,Suburb,2007,302374.1128
1819,4,1,Urban,1991,187881.9606
1376,4,2,Suburb,2015,72485.10268
1544,2,3,Suburb,1994,193703.5626
1072,2,2,Urban,1975,153307.7455
1973,3,1,Suburb,1983,149125.7552
1503,2,3,Rural,1967,218125.027
2375,5,3,Rural,1967,315525.0634
1804,4,2,Urban,1974,186023.0113
1709,3,3,Suburb,2016,154899.7196
1324,2,3,Urban,1965,154178.0535
1387,5,2,Urban,1978,157217.7281
1827,4,1,Urban,1993,248663.9531
1239,4,1,Urban,2011,76808.07751
1975,3,3,Suburb,2000,168083.3702
2097,3,1,Urban,1965,285994.9201
1030,3,1,Rural,2000,172988.7858
1478,3,2,Suburb,1990,165329.8952
2037,2,1,Suburb,1984,165246.444
1716,3,2,Urban,1992,127749.4391
2339,2,2,Rural,1988,242940.5643
1067,5,1,Urban,1963,86664.84842
2663,5,2,Suburb,1979,288631.7335
2005,4,3,Urban,1965,224765.3841
1537,5,2,Urban,1984,221680.02
2943,5,2,Urban,1952,307845.3279
2719,3,2,Urban,1951,359861.7363
2672,3,1,Rural,1994,280828.1688
1290,3,2,Urban,1958,214511.0752
2641,5,3,Suburb,1998,359107.7924
1974,3,1,Suburb,1969,203528.1469
1023,3,1,Urban,1994,120787.3385
1414,3,1,Urban,1998,144906.1837
1850,3,3,Rural,2013,236162.423
1961,2,2,Urban,1963,232042.8643
2729,3,2,Rural,1960,292492.6534
1680,5,3,Urban,1998,201890.7767
2059,3,3,Suburb,1998,231223.4305
1100,3,1,Urban,2003,189938.6821
1545,2,3,Suburb,1950,212798.2886
2912,3,2,Rural,1960,376407.1488
1038,3,1,Rural,1988,106255.4627
1210,4,3,Suburb,1955,113311.1027
1741,3,1,Urban,2002,141274.275
2814,5,3,Urban,1977,306058.2036
1591,4,2,Suburb,1962,190589.2192
1749,4,3,Rural,1956,213540.1726
1171,5,2,Suburb,1993,129980.1632
1837,5,3,Suburb,2014,205752.8809
1441,3,3,Suburb,1960,146519.3066
2082,3,1,Rural,1991,311197.4994
2433,3,2,Suburb,1989,276408.0669
1533,4,3,Suburb,1999,125005.2365
1364,5,3,Rural,1984,84460.63215
1366,2,3,Rural,1950,121098.2678
2367,2,1,Urban,2005,265165.6132
2773,3,2,Rural,2016,272037.6617
1295,5,1,Rural,1997,119361.3174
2364,3,1,Urban,1958,247098.1221
1605,4,1,Suburb,1979,215949.7035
1755,4,3,Suburb,1970,255269.3776
1522,2,1,Rural,1965,163599.1524
2652,5,2,Urban,1995,351678.3005
1264,5,2,Suburb,1960,125840.9115
2547,4,2,Suburb,1977,291172.9576
2689,5,2,Rural,1994,280597.5866
2061,2,1,Urban,2004,214492.7328
2154,3,3,Suburb,1997,208576.5627
1381,5,3,Urban,1994,182196.6766
2248,5,3,Rural,1974,311298.5551
2166,2,2,Suburb,1982,189101.0927
1430,2,2,Suburb,1973,167335.6549
1388,3,1,Urban,2004,118193.3078
1053,2,2,Urban,1986,97905.41644
1023,4,1,Urban,1961,211020.8899
1394,4,1,Rural,1963,160858.161
1632,3,2,Suburb,1993,215106.3719
1118,3,3,Urban,2017,113879.6435
2696,5,2,Rural,1989,283038.3462
1982,4,2,Suburb,2016,135165.3217
2609,4,2,Rural,1980,277044.3598
2208,4,3,Urban,1992,303900.3631
2971,4,1,Urban,2018,325329.3262
1191,2,1,Rural,1995,107289.3571
2962,4,1,Urban,1971,365030.5887
2755,3,3,Rural,2003,240970.1125
1486,5,3,Rural,1987,232335.5439
1632,5,3,Rural,2010,144314.3083
1720,3,1,Suburb,1987,143360.3641
1383,4,1,Suburb,1997,164582.2748
1811,2,3,Urban,1985,238288.6243
1345,4,1,Rural,1970,128601.4011
1472,4,3,Rural,2015,226905.423
1675,3,1,Suburb,1962,318308.4314
2803,5,2,Rural,1954,324942.6087
2975,5,3,Suburb,1980,294844.0765
1002,5,2,Suburb,2015,188652.4551
2073,3,3,Suburb,2021,263045.0667
1924,2,1,Rural,1972,268956.4318
1875,2,2,Suburb,1983,186129.2945
2527,5,1,Suburb,1957,381367.2193
1983,5,3,Suburb,1970,236750.2655
2234,2,1,Urban,2010,219970.5629
1972,3,1,Suburb,1966,204431.9391
2551,2,2,Suburb,1961,216756.5052
2703,4,1,Suburb,1998,304474.4445
2306,4,1,Urban,2019,259758.3797
1378,3,3,Suburb,2001,133408.1057
2349,5,1,Urban,1983,244236.9192
2321,4,2,Urban,1958,359701.9129
2720,2,3,Suburb,2009,291895.3147
1137,4,3,Suburb,2017,58717.32241
1124,2,1,Rural,2012,46518.05921
1933,2,2,Urban,1960,255369.9446
2415,2,2,Rural,2017,300136.2438
2425,4,1,Urban,1964,261635.4464
1479,3,2,Urban,1982,153412.9631
2424,2,1,Rural,1976,294248.5031
1569,4,1,Suburb,1984,150592.0622
2385,5,3,Rural,1993,239410.2074
1065,3,1,Rural,1983,77778.87775
2451,4,2,Urban,1950,323660.3904
1851,3,3,Suburb,2018,256703.7945
2737,4,1,Urban,1981,352330.6216
2544,2,2,Suburb,1962,358077.0371
1431,5,3,Urban,2002,248261.07
2958,4,3,Suburb,1986,325847.0973
2128,3,3,Suburb,1953,246671.2073
2112,5,3,Suburb,2002,167475.7952
1600,5,1,Suburb,1986,168533.3113
1855,5,1,Rural,2016,212980.1856
1005,2,2,Suburb,2009,99735.01843
1157,2,2,Suburb,1962,177996.3391
2402,4,1,Suburb,2017,257033.3567
1329,2,1,Rural,2017,90694.70917
2126,5,3,Suburb,1982,240265.4853
1222,3,3,Rural,2005,125084.6761
1401,5,3,Urban,1983,180760.1257
2706,5,3,Suburb,1976,289930.341
1544,2,2,Rural,1964,178650.9302
1508,3,2,Suburb,1991,202245.4003
2716,5,2,Urban,1987,340159.3403
1183,3,1,Rural,2008,129989.2893
1914,3,3,Urban,1960,188140.7752
2110,5,1,Rural,1950,305674.963
1580,2,3,Urban,2006,132975.1098
2403,2,1,Rural,1976,291938.6843
1537,4,3,Urban,2011,82037.95069
2436,5,1,Suburb,2005,206404.1365
2943,5,2,Suburb,1956,284786.3861
1517,3,1,Rural,1958,158147.3643
1767,3,1,Suburb,2012,215430.4002
2717,4,1,Urban,1972,301465.6093
1294,4,1,Suburb,1958,157381.9091
2014,3,1,Rural,1954,253800.5622
1259,3,2,Rural,1980,244362.5038
2407,4,2,Urban,1958,385626.7771
1825,2,2,Urban,1958,152660.1548
2327,4,3,Rural,2011,242476.7497
1315,3,1,Rural,1973,81220.10299
1745,5,3,Rural,2010,261551.3625
2817,3,3,Rural,1953,269966.4391
1718,2,3,Suburb,2014,244885.8927
2100,3,2,Urban,2018,243365.2836
1679,3,1,Rural,1982,218501.0204
1853,4,2,Urban,1961,267594.436
2402,2,3,Rural,1992,281645.9216
1460,4,1,Rural,1994,63434.90591
2079,5,3,Rural,1976,198647.5345
1806,5,3,Rural,1957,283482.036
2104,2,2,Suburb,2009,245583.0622
2702,5,2,Urban,1959,342120.1204
2199,5,2,Suburb,1971,244660.522
1792,3,2,Rural,1970,286293.9929
1929,4,1,Suburb,1954,302450.4449
2406,4,3,Rural,2016,300475.2929
1148,4,1,Suburb,2013,142926.4656
1767,2,1,Urban,2020,180923.4481
2304,3,3,Rural,1975,249942.7608
1344,3,3,Urban,2011,161110.6354
2813,2,1,Rural,2013,334574.0593
2814,4,3,Rural,1966,326962.6309
2432,3,1,Suburb,2010,185415.8092
2741,3,3,Rural,1965,339146.7145
1973,4,3,Suburb,2020,186980.573
1921,5,2,Suburb,1978,169412.8535
1029,2,3,Rural,1962,123801.2914
1729,3,1,Suburb,1999,284679.1942
2445,4,3,Suburb,1954,350225.9896
1981,5,3,Suburb,2013,290765.5405
1230,4,2,Rural,1981,75673.47517
2382,4,3,Urban,2010,306932.0133
2185,5,3,Urban,1955,236654.9486
1728,2,2,Suburb,1993,161790.3346
2251,3,2,Suburb,1956,192033.5965
2868,2,2,Rural,1975,187917.5264
2244,2,2,Rural,2013,261801.3362
1745,4,3,Urban,2014,203651.0562
2096,4,2,Suburb,1956,237506.6291
1398,4,1,Urban,1972,156004.0514
1094,2,2,Rural,1959,119907.426
2963,3,1,Suburb,1952,315685.5482
1474,4,3,Rural,1996,179872.1976
2118,5,3,Suburb,2000,342823.513
2929,3,2,Suburb,1958,322901.2869
2778,3,3,Urban,1962,316746.6289
2908,3,1,Urban,2003,266815.0079
2828,5,2,Suburb,1970,349304.0981
1774,5,1,Urban,1983,147301.0782
2147,4,1,Suburb,1980,254999.5062
1799,3,2,Urban,1974,269409.0817
2523,2,2,Suburb,2021,312112.0498
2802,2,1,Urban,1984,271974.8158
1943,2,2,Urban,1957,183771.5209
2022,4,2,Urban,2020,299404.0468
1620,2,3,Urban,2006,176209.6317
1859,3,3,Rural,1993,233030.532
1963,4,2,Urban,1955,258786.7997
2071,4,1,Rural,1998,231986.7187
1812,5,2,Urban,2018,193599.9603
1094,3,3,Rural,1976,155067.1131
2500,2,2,Rural,1968,249771.2305
1032,3,3,Rural,1959,150693.6703
2141,3,3,Urban,1974,250888.0524
2667,4,1,Rural,1972,300012.2871
2274,2,2,Urban,1995,317163.8529
2326,2,3,Suburb,2002,219346.3667
1121,2,2,Rural,1999,136832.1486
1217,5,1,Suburb,1958,122203.4011
2076,3,1,Rural,1966,233387.8829
2149,4,1,Suburb,2013,294644.4151
2182,4,1,Rural,2006,243246.0158
2694,4,2,Suburb,1989,290677.6351
1794,2,3,Urban,1961,122812.0862
2624,2,2,Urban,1993,269414.8986
1175,4,2,Urban,2001,123022.2771
1291,3,3,Rural,1989,83733.39612
2968,4,1,Rural,1982,298428.0498
2182,3,2,Rural,1994,250818.3616
1490,4,1,Urban,1990,203611.6588
1760,3,3,Suburb,2000,281496.9177
2380,4,3,Rural,1960,275309.8998
1633,5,3,Urban,2006,325243.5186
2260,5,1,Rural,1962,231214.3284
2451,2,1,Rural,1983,234497.3805
1124,2,3,Urban,2009,225505.3652
2338,2,1,Suburb,2010,204143.2286
2302,2,1,Suburb,1962,233040.5404
2890,4,3,Rural,1983,316865.1844
2859,5,1,Urban,2005,322801.4989
1603,2,2,Urban,1954,137758.3915
1937,3,3,Suburb,1974,228235.471
2128,3,3,Rural,2001,309268.0853
2065,2,3,Suburb,1955,266171.7926
2420,2,1,Urban,1954,284122.5586
2664,2,3,Urban,2007,305599.9367
2483,4,1,Urban,1991,185710.0732
1490,3,1,Suburb,2010,111070.8308
1564,3,2,Rural,1983,249593.0721
1167,3,1,Suburb,1999,130686.9891
2625,5,2,Rural,1965,329197.7836
1758,4,2,Suburb,1968,207437.2389
2197,5,2,Suburb,1968,184895.9236
2395,4,2,Urban,2007,275083.2298
2622,3,2,Suburb,1951,289874.2355
2904,3,1,Urban,1960,346361.5943
2173,5,1,Rural,2016,340491.4417
1248,3,2,Rural,1956,223643.7167
2650,2,1,Urban,2005,300783.7874
1179,4,1,Suburb,1969,136386.4993
2143,3,2,Suburb,1980,225128.8883
1027,2,3,Rural,2012,92401.67061
2844,5,1,Urban,2011,398673.8926
1116,3,1,Rural,1976,252790.7674
1702,3,3,Rural,1968,257603.5125
1656,4,1,Urban,1969,202207.8601
1831,3,1,Suburb,2002,141128.5683
1261,4,3,Urban,1966,137444.4613
2677,5,2,Urban,1993,380280.6636
1625,4,2,Suburb,1991,154431.1649
2919,5,1,Suburb,2009,270355.5456
1784,3,1,Rural,1962,152260.1843
2061,2,2,Rural,1951,172805.7223
1196,5,2,Suburb,1977,135424.2268
2548,3,1,Suburb,1972,272742.123
2647,5,3,Rural,1972,311722.3127
2460,3,3,Suburb,2015,279474.6176
2672,3,2,Urban,1968,306423.1942
1683,2,2,Suburb,1985,188876.8246
2662,4,1,Suburb,1955,295733.7798
1873,2,3,Urban,1982,202097.6482
2433,5,3,Suburb,1958,252397.6429
1332,2,1,Suburb,1995,279172.4396
2554,3,3,Rural,1988,265098.973
2967,3,3,Suburb,2005,322142.315
2488,2,3,Rural,2011,266933.0938
1719,5,3,Urban,1976,296215.6788
2181,4,3,Rural,2013,254237.6691
2183,4,2,Urban,2003,315434.7701
2357,3,1,Urban,1990,251597.002
2775,4,2,Suburb,1963,255149.3522
2399,4,2,Rural,1984,317946.1024
1078,5,3,Rural,1995,99554.62012
2867,4,1,Urban,1972,387581.1727
2892,2,2,Urban,1991,287194.4798
2866,5,3,Urban,1955,321245.9018
1196,2,3,Suburb,2021,135533.3144
2143,3,3,Urban,1978,203086.8687
2783,5,1,Urban,1958,409479.628
2674,4,2,Rural,1984,284961.209
1225,5,2,Suburb,1961,77396.26086
1594,3,1,Rural,1971,214253.3216
2433,2,1,Rural,2005,177286.2578
2561,3,3,Suburb,1960,267944.7815
2663,5,3,Suburb,1996,253480.6655
1912,2,2,Urban,1975,210502.5373
1734,2,3,Rural,1976,278740.3159
2362,5,3,Suburb,1986,290808.8144
2579,3,1,Urban,1981,208526.4338
2619,4,2,Rural,2020,221745.8304
1918,3,3,Rural,1961,247441.0865
1536,4,3,Rural,1989,227836.4394
1219,3,3,Urban,1962,117864.7993
1292,5,1,Urban,1984,198648.6116
2227,3,2,Rural,2015,178462.5512
2903,3,1,Rural,1992,340383.2408
2728,5,3,Suburb,2009,365851.4096
2537,5,2,Suburb,1961,335767.6122
1201,2,3,Urban,1993,174928.2678
2889,3,2,Rural,2003,217371.2569
1031,5,1,Suburb,1963,106102.1098
2112,5,1,Rural,2015,223960.7213
2225,2,3,Suburb,1976,224450.646
2974,5,3,Rural,1981,273780.4909
2713,2,3,Rural,1982,413887.3345
2728,5,1,Suburb,1996,251090.4092
2695,2,1,Urban,1961,225143.4265
2316,3,2,Rural,2012,220797.7415
1715,5,2,Rural,1996,265518.6714
1752,5,2,Suburb,2001,197253.7358
2016,3,1,Urban,1984,296338.2918
1114,3,2,Suburb,1978,104314.4035
1721,3,3,Urban,1971,197734.7973
2245,2,3,Urban,1997,269161.7087
2932,5,1,Rural,1991,271532.644
1181,5,1,Suburb,2009,92973.03584
1770,4,2,Suburb,1976,263810.3767
1468,4,1,Urban,1967,85974.43946
1425,5,1,Urban,1984,134654.8174
2997,2,3,Suburb,2005,356813.4211
2575,2,2,Rural,1985,317523.8989
2865,4,1,Urban,2013,321163.4031
1833,4,2,Rural,1959,194834.677
2083,4,1,Urban,1961,348994.0882
1484,4,2,Urban,1971,203367.0137
1010,4,3,Rural,1954,208058.5545
2655,3,3,Urban,1961,312596.0085
2408,5,3,Rural,1957,253160.7712
2433,5,3,Rural,1964,352199.168
1041,4,3,Rural,1960,69686.49951
2725,5,2,Suburb,2018,277728.5546
1122,5,1,Suburb,1986,163394.0742
1700,3,3,Urban,1996,237010.9995
1251,3,1,Rural,1957,86397.7217
1972,2,2,Rural,1977,170568.6704
1603,2,1,Rural,1991,141704.0371
2507,4,1,Suburb,1958,273375.1949
1212,2,1,Rural,1975,60756.86453
2853,4,1,Suburb,1999,267398.0751
2737,2,3,Suburb,1966,220989.6616
1267,5,3,Rural,1982,115091.3149
2005,5,1,Suburb,1966,228371.7582
2690,2,1,Suburb,2015,264244.1299
1706,5,2,Urban,1974,296934.0107
1539,5,2,Suburb,1967,190324.8592
1705,4,1,Urban,1964,212465.5391
2947,5,3,Rural,2011,351948.5147
2010,2,3,Urban,1979,197452.4698
2758,5,3,Urban,2017,369180.7642
1618,4,3,Suburb,1982,171996.8869
2684,2,1,Suburb,2012,420011.0743
2158,4,3,Urban,1978,219833.3251
1497,5,2,Urban,1963,216308.6477
2020,5,3,Urban,1995,243031.5708
2630,5,1,Suburb,1968,243561.5457
1781,3,2,Rural,1984,111883.5552
2958,4,2,Suburb,1956,331595.6373
2909,2,2,Urban,1974,387426.6349
1125,5,1,Suburb,1972,183676.0484
2382,3,3,Rural,1999,323244.6224
2526,3,2,Rural,1990,267297.4603
1840,4,1,Urban,1970,207603.4714
1982,5,3,Urban,1991,264566.354
2341,4,2,Suburb,1972,296325.3107
1011,5,3,Suburb,1968,90513.90625
2500,5,1,Suburb,2013,211689.6317
2317,5,1,Suburb,1957,215699.7218
2977,3,1,Suburb,1989,232965.6544
2463,4,2,Suburb,1995,270301.9185
2830,4,1,Suburb,1953,317164.0201
2877,4,3,Urban,1981,300432.2689
1515,2,2,Rural,2002,230917.4477
2839,2,3,Urban,1969,293419.5465
2414,3,1,Urban,2014,181936.6787
1315,3,1,Urban,2004,142847.4145
2703,3,3,Rural,1973,221422.9328
2031,4,2,Rural,1966,204545.6618
2531,4,1,Rural,1997,292796.1285
2147,5,2,Rural,1958,264034.7538
2395,4,1,Suburb,2007,243574.3913
1313,3,3,Rural,2008,146448.3917
2208,3,3,Urban,1988,208481.7363
1546,5,2,Urban,2011,179316.0995
2608,2,2,Rural,1998,304556.6818
2906,4,2,Rural,1958,339918.1935
2548,4,1,Rural,1977,247827.2201
1038,2,3,Rural,1992,119915.6029
2107,3,1,Rural,1991,275535.3919
2044,3,2,Rural,2013,264041.1393
1252,3,1,Suburb,2013,132984.2967
1302,4,2,Suburb,1965,151219.221
1978,2,1,Rural,2007,228937.9066
1257,2,1,Rural,1950,151846.1221
2835,3,2,Urban,1996,343695.7544
1999,4,1,Suburb,2021,276055.3921
1541,2,2,Rural,1959,178579.8008
1639,4,3,Urban,1966,271405.116
2846,5,2,Urban,1971,331127.2016
1551,3,2,Rural,2017,119403.3744
1460,3,3,Urban,1962,188437.3631
2632,5,1,Urban,2002,310592.5609
1223,2,2,Suburb,1976,141480.4684
1091,3,1,Rural,1958,155525.1954
1279,2,1,Suburb,2017,92720.46329
2193,3,2,Suburb,1950,222236.591
2819,5,2,Rural,2016,277321.5513
2757,5,2,Urban,2006,354389.5996
2652,2,2,Urban,2004,235088.2612
1247,3,3,Urban,1953,161422.5787
2384,3,2,Suburb,1989,248911.6826
2372,4,3,Urban,1981,245241.8072
1865,4,2,Suburb,1980,279223.8677
2458,3,1,Suburb,1987,381355.2528
2429,2,2,Rural,1975,235172.5486
2624,5,1,Urban,2017,244416.177
1077,3,3,Rural,2021,162353.0019
1457,4,1,Rural,1996,99414.82887
1585,5,3,Rural,1975,222581.4681
2415,2,2,Rural,1990,356502.2037
2037,3,2,Suburb,2000,233647.449
1044,3,1,Urban,1987,172037.3807
1037,5,1,Suburb,1966,232759.5285
1415,5,1,Rural,1955,191195.2331
1244,4,1,Suburb,2006,146497.1509
2085,2,3,Rural,1952,216043.7285
1492,5,3,Urban,1998,158602.281
2631,2,1,Rural,1950,237305.8108
1322,2,2,Suburb,2007,113674.8712
2275,3,1,Suburb,2015,225940.206
1467,5,3,Urban,2008,188162.3574
2084,5,3,Urban,1988,212815.2674
2804,4,2,Urban,1989,278198.7562
2142,3,3,Suburb,1990,191262.3405
1086,5,1,Suburb,2011,186903.8066
2618,5,3,Suburb,1979,254552.0576
1079,4,1,Rural,1958,134758.9849
1227,4,2,Suburb,2017,133690.0526
1482,2,3,Suburb,1988,251333.4629
2838,3,2,Urban,1973,320105.2629
1622,2,1,Rural,1957,187432.1064
2905,4,2,Suburb,1995,354723.7441
2333,5,1,Urban,1991,368283.3595
2606,5,1,Rural,1985,285015.2931
1947,4,3,Rural,1954,153018.2367
1484,2,3,Urban,1951,129823.748
1839,2,3,Urban,1978,177537.5176
1024,4,1,Rural,1963,84250.83164
2814,5,1,Suburb,1993,262553.4528
2225,3,1,Urban,2008,289147.2455
2949,2,2,Urban,1984,354513.5215
2248,3,1,Urban,2008,291298.9416
1778,5,3,Urban,2012,154386.1042
2533,4,3,Urban,1982,296882.6213
1930,2,2,Rural,1996,224423.7885
1794,2,3,Rural,1958,157775.3632
2652,5,1,Suburb,1975,272059.9844
2602,4,1,Rural,1959,243265.1969
2582,2,3,Urban,1993,239639.1039
1752,5,3,Urban,2007,117112.0271
2713,2,1,Suburb,1986,207676.7271
2543,3,1,Suburb,1993,276422.0895
2206,2,1,Rural,1991,211672.6517
2100,5,3,Urban,1969,332835.2312
1425,3,3,Urban,1956,242164.3619
2090,2,1,Rural,1961,278441.6416
1659,2,3,Urban,1961,284183.2152
2517,4,2,Suburb,1979,307909.7037
1684,4,3,Suburb,1960,138184.6532
1546,2,3,Suburb,2004,151674.5547
2100,3,1,Rural,2016,264398.9377
1915,4,3,Urban,1953,257689.2532
2815,4,1,Urban,1953,298506.3715
2720,4,3,Urban,2001,355869.3947
1054,5,3,Urban,1996,66654.27953
2928,2,3,Rural,2008,308638.0045
2629,3,1,Rural,1983,221500.5643
2496,3,3,Rural,1994,286458.9187
2679,2,3,Rural,1979,248815.8569
2270,4,2,Suburb,2020,237391.5009
2462,3,1,Suburb,1975,316757.6495
2735,5,1,Rural,2003,295674.9911
2771,5,3,Urban,1992,162582.7255
1313,3,3,Suburb,1960,98938.93329
2343,5,2,Suburb,1982,282239.7916
1219,2,1,Rural,2005,246097.6466
2867,5,2,Suburb,1981,326743.4001
2394,5,1,Suburb,1972,232408.6425
2239,3,2,Urban,1954,215722.7066
1048,5,3,Suburb,2020,111288.5398
2820,3,1,Urban,1983,345087.7882
1462,4,1,Suburb,1990,120002.5513
1117,4,3,Urban,1964,116297.629
1081,5,1,Suburb,2007,154703.1827
2286,4,3,Rural,1987,307559.2457
2612,3,3,Suburb,2000,298118.9934
2746,4,2,Rural,2000,292166.266
1495,2,3,Urban,1966,106970.2372
1633,4,1,Suburb,2020,120056.5729
1836,4,1,Urban,2008,265441.9429
1601,3,1,Rural,1951,149479.406
1769,4,3,Urban,1998,288545.4168
1672,5,3,Suburb,2018,194365.5217
1175,2,1,Urban,1954,182322.3676
1804,4,2,Urban,1977,122831.1188
2112,4,3,Rural,1989,211818.0059
1638,5,1,Urban,1960,150684.0096
2382,2,1,Urban,1971,322311.2136
2309,2,1,Rural,1968,290441.2722
1296,4,1,Rural,1967,90260.80104
2283,3,1,Suburb,1992,258263.6435
2874,2,1,Urban,2019,243863.004
1474,2,1,Urban,1959,178428.9112
2779,3,2,Suburb,1980,406961.9708
2646,2,1,Rural,2004,367127.2594
2958,2,1,Rural,1951,252531.6521
1535,3,3,Urban,2005,129312.3341
2585,4,1,Urban,1980,263112.0804
2060,3,1,Suburb,1969,367855.4148
2204,5,2,Rural,2000,255470.104
2788,5,2,Urban,2003,267391.3266
1024,4,2,Rural,1988,85206.66348
1348,5,2,Rural,1988,205505.5185
1636,5,1,Urban,2008,228874.2252
2566,2,2,Rural,1990,214577.7702
2772,2,1,Rural,1957,283205.2969
1226,4,1,Rural,2012,66367.93581
2371,5,2,Rural,2016,244163.3722
1037,5,2,Suburb,1959,47799.5519
2406,3,2,Suburb,1967,229826.2965
1569,2,1,Suburb,2014,186621.4702
1235,3,1,Urban,1963,199297.9446
2204,5,3,Urban,1995,294270.1454
1113,4,1,Rural,1951,154162.8577
1305,5,2,Suburb,1978,240237.8681
1131,4,1,Rural,1985,121000.7333
1347,4,2,Urban,2016,198376.9448
2203,3,2,Suburb,1978,272312.928
1414,5,2,Urban,1956,223165.9764
1982,3,3,Urban,1983,170759.9462
2613,5,1,Suburb,1955,258806.8946
1731,4,3,Suburb,1988,202177.6303
1653,2,2,Suburb,1979,227966.8788
1384,5,3,Rural,2009,179751.1854
1511,4,3,Urban,2016,93270.12801
2066,2,3,Rural,1955,275172.1463
2503,5,1,Rural,1952,243941.5211
2141,2,2,Suburb,1980,240749.0445
2594,5,3,Rural,2009,325344.5163
1060,5,3,Urban,1978,62031.21278
1552,2,2,Urban,2014,58362.73903
2809,3,1,Suburb,1964,289690.296
1187,2,2,Urban,1991,181860.138
1452,2,2,Urban,1977,165817.0581
1846,4,1,Suburb,2008,192263.9387
1186,2,2,Urban,1974,172024.4849
1937,5,3,Suburb,1956,300646.7448
2487,5,1,Rural,2013,289568.5094
2763,2,2,Urban,1974,372849.4451
1163,4,1,Suburb,1964,85836.07929
2447,5,3,Urban,1969,179825.0545
2821,3,3,Urban,2010,246823.8536
1101,2,1,Suburb,1978,160887.2957
2290,3,1,Suburb,2001,209146.549
2659,4,1,Urban,1981,304464.05
2176,3,3,Suburb,2010,239558.9593
2452,2,3,Rural,1999,279498.8479
1690,3,3,Rural,1994,250852.3481
2450,5,3,Suburb,1967,271222.9475
1577,3,2,Rural,2007,242892.1307
1610,4,3,Rural,1975,114018.7643
2966,4,1,Suburb,1966,327344.7058
1535,4,1,Rural,1971,281329.801
2356,5,2,Rural,1983,324230.3729
1760,4,2,Urban,1983,239477.1412
2700,5,2,Rural,2001,285986.6262
1895,4,1,Rural,1979,239339.0526
2463,4,2,Suburb,2001,323291.757
2629,4,2,Urban,1963,285934.4598
1970,5,1,Urban,2018,301025.422
2878,4,1,Suburb,1991,311715.1665
1123,5,3,Urban,1978,187091.0564
2325,5,2,Rural,1956,328809.0441
1667,5,1,Rural,2002,141287.1026
1348,3,2,Rural,1995,239140.6913
1248,4,3,Urban,2014,151172.0647
2971,5,2,Suburb,1957,236946.5886
2294,3,2,Suburb,2005,299671.1983
2452,2,3,Urban,1966,201077.8707
2593,5,2,Urban,1961,367663.9686
1706,5,3,Suburb,2004,118988.8531
1712,4,3,Rural,2017,119246.9176
2607,5,3,Urban,1951,244748.9422
2006,2,2,Rural,1952,175393.3331
1246,5,2,Suburb,1959,150508.7758
1480,5,1,Suburb,1972,65743.56608
1097,4,2,Suburb,1990,145395.0333
1328,5,2,Urban,1972,140701.0266
2616,2,3,Urban,1969,220691.81
2448,3,3,Suburb,1950,276431.7339
2600,4,2,Urban,1983,362526.6142
2447,3,2,Rural,2010,332390.9684
2028,2,2,Suburb,1959,235253.302
1458,5,1,Suburb,1973,153835.9207
1795,3,1,Suburb,1974,132262.2839
2829,4,3,Suburb,1952,253397.532
1592,3,2,Rural,2016,258263.4251
1497,5,3,Urban,1975,206931.7167
1086,3,1,Suburb,1953,123133.7031
1401,2,1,Suburb,1967,167310.4267
2316,5,1,Suburb,2021,191965.4789
2946,5,3,Suburb,1968,350521.3667
2304,5,1,Urban,1969,237963.8892
1196,2,2,Urban,1957,74786.46961
1763,4,3,Rural,1971,185699.0951
2106,2,1,Rural,2019,234688.8204
1026,5,3,Urban,2000,137457.595
2868,5,3,Urban,1960,370316.934
2717,3,3,Suburb,2012,251786.9372
1134,2,1,Urban,2009,140433.0481
2113,4,1,Urban,1964,209852.6823
1205,5,2,Urban,1973,142509.3363
2050,2,2,Rural,1951,288387.5635
2401,5,2,Suburb,1968,304715.1021
2594,4,2,Rural,2015,313298.9954
2607,4,2,Rural,1980,374707.0695
2438,3,3,Suburb,1975,203971.0167
2250,3,2,Rural,2021,256440.7219
1602,3,1,Suburb,1968,134890.1619
2091,4,3,Rural,1953,124979.7569
1361,2,2,Urban,1953,144320.0409
2283,2,2,Urban,1977,281616.1725
1657,4,3,Urban,1961,117478.4255
2086,4,3,Suburb,1960,243722.0366
2878,2,3,Rural,2006,340357.4634
1971,5,3,Urban,1999,215102.2636
2715,2,2,Suburb,2001,213616.5744
1979,4,3,Suburb,1960,301000.477
2646,2,3,Rural,1955,190694.5337
2726,2,2,Suburb,1969,289151.2829
1940,4,3,Suburb,1990,150501.5703
1907,5,1,Rural,1982,273187.1638
2415,4,2,Suburb,2005,314817.6925
1245,3,2,Suburb,1963,148778.425
1277,3,3,Rural,1957,115113.2761
1346,2,2,Urban,2008,218698.7631
2960,4,2,Rural,1978,328405.7909
1371,5,2,Rural,1974,103776.6465
1808,2,1,Urban,1958,208380.3605
1848,4,2,Rural,2017,164855.7395
1122,2,1,Urban,1958,66589.80318
2080,2,1,Suburb,1972,165072.6674
1159,4,2,Rural,1992,193821.3817
2150,5,2,Urban,1978,201029.6898
1736,5,3,Urban,1954,134703.9769
2630,3,1,Urban,1951,253190.8412
2334,5,2,Rural,1998,387730.9864
1517,3,2,Rural,1969,183638.3992
1934,4,1,Rural,1978,273178.3708
2288,2,1,Urban,1961,306083.9768
1745,2,2,Suburb,2003,263579.5404
1287,5,1,Rural,2003,194231.8018
1419,2,2,Rural,1978,182995.6438
2919,4,2,Suburb,2003,286531.7134
2551,5,1,Rural,1989,283563.7863
1139,5,2,Suburb,1967,131801.7857
2832,3,2,Rural,1950,283583.0619
1706,4,1,Rural,1957,204821.3273
1697,3,3,Suburb,1980,219066.5377
1986,5,2,Urban,1978,218688.5945
1474,3,2,Rural,1978,107600.7934
2928,4,1,Suburb,1954,323594.5285
2660,3,1,Urban,1981,294656.2922
2552,5,1,Suburb,1997,275149.6789
2901,3,1,Urban,1969,342420.3512
1388,5,1,Suburb,1998,240231.5742
1510,5,3,Rural,1996,166881.228
1537,3,3,Rural,1982,210804.3774
1212,2,2,Urban,1960,198843.1073
1896,4,2,Suburb,1992,233503.92
2536,5,3,Rural,1991,340597.8451
2826,2,3,Suburb,1976,248750.8766
2288,4,1,Suburb,2015,248162.929
2366,2,2,Urban,1977,250648.3703
2061,3,1,Suburb,1981,187843.451
1232,5,1,Rural,2020,164649.8389
1259,2,1,Urban,1975,183539.8942
1307,2,2,Urban,2017,152539.156
1402,4,2,Suburb,1984,124232.7995
1996,4,1,Urban,1957,290327.0537
2284,5,2,Rural,1969,255010.9631
2499,2,3,Rural,1990,210408.6014
1749,5,1,Suburb,1970,188387.4284
2129,4,1,Suburb,2007,188743.7637
2270,5,1,Suburb,2010,264077.2796
1303,3,1,Rural,2009,140459.6244
1342,5,1,Rural,2006,160346.5594
2470,3,3,Urban,1959,211843.5131
2061,5,1,Urban,1969,229086.1647
2843,5,2,Urban,2007,320615.8135
1854,3,2,Suburb,1984,173375.6562
2069,4,3,Urban,2017,269536.9306
2745,5,1,Urban,1995,329580.9923
2628,4,3,Rural,1963,277296.5065
2243,2,3,Urban,2007,304745.2409
1255,4,2,Suburb,2002,137758.855
1136,2,1,Suburb,2015,73456.18764
2254,4,1,Suburb,1992,254233.7168
1817,4,1,Urban,1977,197856.9315
2737,2,3,Urban,1956,353578.0304
2601,3,1,Urban,1967,288390.5856
1972,4,3,Suburb,1979,300647.7655
1037,2,3,Urban,2011,123350.1903
2178,4,2,Rural,1980,211997.0006
2526,4,1,Suburb,1977,261426.4579
1104,4,3,Suburb,1961,215547.4228
1254,4,2,Urban,2020,171195.451
2427,5,2,Urban,2020,253168.4833
1487,4,1,Urban,2002,156849.1218
2981,2,2,Urban,1998,268019.0219
1457,4,2,Rural,1990,134078.6467
1527,2,3,Urban,1991,180873.0355
1590,2,2,Rural,1999,112508.5598
1524,3,3,Rural,1974,300088.656
1369,2,1,Urban,1994,168465.3782
1101,2,3,Rural,1990,173989.4325
1915,3,3,Rural,1994,236271.4274
1663,4,2,Rural,1981,187777.9927
1689,5,1,Urban,1987,290396.3183
2926,3,2,Rural,1977,282845.8491
1598,5,3,Urban,1990,207719.9654
1599,4,3,Suburb,1991,188215.5056
1540,4,3,Suburb,1989,257935.4653
2535,5,1,Suburb,1954,355951.8575
1388,5,1,Suburb,1961,215465.2684
1362,2,1,Suburb,1985,172354.7226
1930,4,2,Urban,1990,291343.092
2856,3,2,Urban,1978,302167.2834
1611,3,2,Urban,1964,259160.6581
2138,4,2,Rural,1992,307278.2583
1721,5,1,Suburb,2020,211393.8515
2989,5,1,Suburb,2015,351068.0277
1342,3,3,Urban,1995,134119.1196
2097,5,1,Urban,1988,223812.9416
1134,3,2,Suburb,2009,159063.2036
1939,2,2,Urban,2003,241307.1638
2991,2,2,Suburb,1951,325178.2491
2804,2,1,Rural,1956,237240.663
2885,4,1,Rural,1955,341906.8412
1977,5,1,Rural,1957,250193.0988
2613,2,1,Rural,1999,277652.2111
2994,3,2,Suburb,1980,299967.8279
1379,2,1,Urban,1971,145874.6173
2513,5,3,Suburb,2005,403377.6568
2148,3,3,Suburb,1954,219586.3966
1037,2,1,Urban,1981,104889.0044
1780,5,3,Suburb,2015,190178.6345
1309,3,1,Suburb,1950,189331.4415
1105,2,3,Rural,2006,167410.9274
1555,2,1,Suburb,1951,164728.7776
2248,5,1,Rural,1957,255762.3486
2265,2,1,Suburb,2012,164836.6357
1396,5,2,Urban,1966,185577.0898
1152,2,3,Suburb,1964,117338.404
1535,3,3,Urban,2020,204522.8114
2659,2,1,Rural,1976,169174.6285
2820,4,2,Rural,2016,268320.8929
1995,2,2,Rural,1994,237435.102
1965,5,2,Suburb,2009,216349.5991
2425,2,2,Urban,1985,287133.701
2883,4,3,Rural,1953,253865.3734
2796,3,2,Urban,2004,277814.725
2169,4,3,Rural,1975,241639.5048
2214,3,1,Suburb,1990,329883.73
1892,4,1,Suburb,2017,193576.7663
2700,4,1,Suburb,1970,326396.3883
1582,4,2,Suburb,1954,214709.6049
2974,3,3,Suburb,1979,248547.7172
1200,2,3,Rural,1955,188394.0712
2890,5,2,Suburb,1964,415304.8775
1011,2,3,Suburb,2021,38096.89061
2075,4,2,Rural,1960,210299.3646
2976,3,2,Suburb,2018,262492.951
1767,3,2,Urban,1972,233863.4984
2325,2,3,Suburb,1953,344359.0486
2895,3,2,Rural,1999,355716.1433
2323,3,2,Rural,1980,183718.1405
1919,4,1,Rural,1960,259042.067
1520,3,1,Urban,2004,256272.9821
2163,3,2,Suburb,1992,162886.9158
1099,4,2,Suburb,1950,158882.6448
2508,2,1,Urban,1996,252566.3598
2160,5,1,Urban,2004,106179.3558
1870,5,3,Urban,2005,258280.2906
1365,5,3,Suburb,1957,225253.0094
2907,2,1,Urban,2016,254131.0961
2557,3,3,Urban,2004,354895.0181
2530,4,3,Suburb,1959,323179.5518
1656,2,3,Suburb,2000,334695.5655
1160,5,2,Suburb,2001,134022.628
1760,3,1,Urban,2002,136566.8703
1174,5,3,Suburb,1996,143866.3066
2111,5,1,Suburb,1972,227061.2543
2422,5,2,Urban,2011,218861.6077
2503,2,3,Urban,1987,233709.7344
1544,3,2,Rural,1979,206943.6372
1476,5,2,Urban,1998,166078.7544
2806,2,3,Suburb,2009,185105.0078
1282,4,2,Urban,2019,115790.6558
2761,4,1,Rural,2005,336875.43
1956,2,2,Suburb,1996,155196.6266
1451,4,2,Rural,1987,202341.0906
2647,5,3,Urban,1970,241755.1528
1081,2,1,Urban,1954,161085.9468
2236,2,1,Urban,1995,266870.7097
1815,4,3,Suburb,1999,161044.9739
1519,3,3,Urban,1975,125992.0839
1133,4,3,Suburb,1996,214660.224
1446,5,1,Suburb,2013,110795.0822
1117,3,3,Suburb,2018,72687.82578
2619,3,3,Suburb,1965,296737.3898
2793,5,1,Urban,1982,352763.8694
2266,3,3,Rural,1990,224269.4237
1748,2,3,Urban,1996,192333.7058
2173,3,2,Rural,1986,235907.9651
2909,3,2,Rural,1974,297278.8133
2556,4,1,Urban,2010,289842.8089
1645,2,2,Rural,1966,272352.8512
1378,5,3,Suburb,1995,215601.1952
1607,2,1,Urban,1959,162796.7268
1965,3,3,Urban,1991,199024.5468
1524,4,2,Suburb,1983,198569.6011
2536,5,2,Suburb,1993,337391.3703
2685,5,2,Suburb,1958,285705.4375
2140,3,3,Urban,1993,296207.6876
2687,2,1,Urban,1977,248094.366
1575,4,3,Rural,1983,206965.4597
1936,2,2,Rural,1991,164608.4539
1661,2,1,Rural,1987,174831.1409
2340,5,3,Urban,1989,318613.1109
1875,2,1,Rural,1995,185307.28
1011,2,3,Suburb,1960,101240.5805
2113,5,2,Urban,1986,255006.9822
1387,5,1,Rural,1952,170477.782
1082,2,3,Urban,2014,129155.1548
1975,5,1,Rural,1957,222963.318
2785,4,3,Urban,2020,381834.5489
2919,4,3,Suburb,1957,281822.0175
1395,2,1,Suburb,2018,186336.3309
1544,3,3,Urban,2008,223222.0919
1660,5,1,Urban,1982,164313.8795
1639,3,2,Suburb,1957,230929.5716
1099,5,3,Urban,1990,209220.8792
1456,5,3,Suburb,1977,144076.4081
1873,2,2,Rural,1985,132471.5852
1327,4,1,Rural,1999,168678.2679
1723,3,3,Suburb,1961,182581.3227
1073,4,1,Suburb,1957,176635.7191
2119,4,1,Suburb,1987,131755.6965
1091,3,3,Suburb,1973,277074.9289
1329,5,3,Suburb,2010,43857.92647
2863,3,2,Urban,1961,259647.5554
2971,4,1,Suburb,1977,334390.0943
1174,3,2,Urban,1977,147807.2014
2760,2,2,Rural,2001,254267.4098
1314,5,2,Rural,1953,238127.4236
2710,5,1,Rural,1966,239016.8488
2591,3,1,Urban,1966,330607.4878
1496,5,2,Suburb,1963,164440.5839
2292,5,2,Suburb,1968,240264.2458
1427,4,2,Rural,1977,173386.0415
1034,4,1,Rural,1988,161588.1077
1118,5,2,Rural,1998,88834.94439
2394,5,3,Rural,1953,273525.9544
1924,4,3,Urban,2019,167701.1225
2591,5,2,Suburb,1956,364841.821
2924,5,1,Urban,1958,341472.0869
2474,4,2,Rural,1955,269898.7131
2332,4,3,Suburb,1956,92112.62156
2380,4,2,Rural,2010,249569.4543
2399,2,2,Rural,1976,221245.7875
1827,4,3,Suburb,1998,246122.0455
2128,5,1,Rural,1961,231003.4137
1389,4,3,Rural,2002,230181.0607
1175,2,2,Suburb,1950,54853.54992
1105,4,1,Urban,1990,122680.878
1591,4,1,Suburb,1996,196272.8935
2186,2,1,Rural,2003,282615.5431
1913,3,3,Urban,1956,265914.4738
2290,3,1,Suburb,1959,282713.8758
2586,4,1,Rural,2018,236231.3847
2912,3,3,Rural,1999,233097.2941
2302,3,1,Urban,2001,273433.573
2326,5,3,Urban,1997,275244.0812
2610,5,3,Urban,1997,433108.8118
1954,5,3,Urban,2008,187193.0287
1952,2,2,Suburb,2018,135204.4035
1860,3,2,Suburb,2018,250433.9495
1126,4,1,Rural,2003,139068.7949
2269,2,1,Suburb,2010,217655.4619
1823,3,3,Suburb,1964,129289.7905
1233,4,1,Rural,1954,124679.3508
1666,2,1,Urban,1993,154816.6648
2608,5,1,Rural,1957,345768.3757
1930,4,1,Suburb,2000,249490.0479
2462,5,2,Rural,2015,300564.5661
1136,3,2,Rural,2021,180353.0883
2809,4,1,Urban,2015,306985.0433
1555,5,1,Rural,2007,184704.5734
1758,5,1,Urban,1955,179148.857
2172,3,3,Urban,1950,197441.5061
1055,3,2,Rural,1969,151764.0509
2711,3,1,Rural,1953,363761.5238
1355,3,3,Rural,1973,143423.6167
2280,3,2,Rural,2007,244771.7298
1922,2,2,Urban,1974,221260.2998
1812,5,2,Rural,1951,255188.261
2086,3,1,Urban,1976,274460.3074
2849,5,2,Rural,2009,354740.3223
2959,2,1,Rural,1954,365222.7187
2086,4,1,Urban,1976,230028.842
1805,5,2,Urban,2009,245154.4795
2052,5,1,Urban,2013,191592.847
2575,5,3,Urban,1964,201160.1927
2682,4,3,Rural,1985,215123.0261
1599,2,3,Rural,1988,107582.91
1567,5,2,Rural,1989,239058.6665
2323,2,3,Rural,2005,298698.7509
1704,5,2,Rural,1954,131492.6264
1611,5,1,Urban,1969,281580.7171
2238,5,1,Urban,2021,249000.9096
1140,4,2,Suburb,2005,90449.79804
2949,2,2,Suburb,1981,281410.8541
2530,2,1,Suburb,2011,254479.4824
1560,3,2,Suburb,1959,180989.8286
1498,5,2,Urban,1951,136150.1077
1626,4,1,Urban,1969,180464.7005
1501,5,3,Suburb,1985,189685.3982
1740,2,1,Urban,1983,259400.2988
1763,2,1,Suburb,2013,253365.1655
2610,5,2,Urban,2013,282202.9076
2214,2,2,Rural,2010,289808.149
2734,5,1,Suburb,1958,313860.6447
1674,5,1,Urban,1968,203461.5911
2674,3,3,Rural,1970,247756.4274
1048,4,1,Suburb,1994,167477.158
2386,4,1,Suburb,1961,295618.1318
2902,2,1,Suburb,1994,225125.0306
1626,2,3,Rural,1988,152984.0489
1679,3,1,Suburb,1958,212345.0168
2519,2,3,Urban,2008,241599.8836
1276,2,3,Urban,1993,232465.6275
1046,5,1,Suburb,1984,79714.94831
2794,3,3,Urban,2008,250515.6085
1925,5,2,Suburb,1961,260794.7659
1215,5,3,Urban,1995,138435.1793
1229,2,2,Rural,2014,95586.42991
2662,5,2,Suburb,1989,289402.7706
1322,4,2,Rural,2017,192674.5395
2853,4,1,Rural,1951,398938.8616
2444,4,1,Rural,1970,308753.981
1224,3,3,Suburb,2015,214952.6698
2685,3,1,Rural,1952,292363.665
2310,4,3,Rural,1962,278758.1207
1045,4,1,Urban,1993,181026.3281
2995,5,3,Suburb,1983,372347.0327
2836,3,1,Rural,2002,351728.8264
2037,2,3,Suburb,1982,222962.612
1632,2,2,Rural,1977,121225.1928
2931,3,3,Urban,2003,260930.0315
1374,5,2,Urban,1985,165019.9617
1702,4,2,Rural,1995,126087.0731
1986,5,3,Urban,1988,225430.2368
1332,5,2,Suburb,1984,140607.1292
2879,3,1,Urban,2018,324207.2259
1165,4,3,Rural,2020,264130.0966
1506,3,1,Rural,2013,140252.6087
1116,3,1,Suburb,1957,116035.2503
1942,5,3,Suburb,1999,213280.9321
1635,3,1,Urban,1968,181168.0502
2589,3,3,Rural,1971,202804.4229
2462,3,3,Suburb,1981,267543.2924
2327,3,1,Rural,1980,364573.5263
1456,5,3,Rural,1970,282091.0043
2991,4,3,Urban,1969,334349.4625
1868,4,3,Urban,1987,269372.5661
2294,5,1,Suburb,2016,255178.7116
2734,2,3,Urban,1960,298755.2188
1215,3,2,Rural,1991,184957.4449
1112,5,2,Suburb,1986,137246.0106
2039,2,2,Urban,1986,300510.5862
1215,2,1,Suburb,1989,42682.24729
1426,3,1,Rural,1960,120781.5164
2158,5,1,Urban,1987,271205.8533
2066,3,3,Urban,1987,166007.1269
1763,2,3,Urban,1961,147118.2326
1283,2,1,Suburb,1991,139632.4103
1833,3,1,Suburb,1954,92173.79335
2121,3,2,Urban,1978,159313.13
2083,3,2,Rural,1953,158813.028
1229,4,2,Urban,1959,157296.2622
2919,5,2,Suburb,1994,293121.0544
2666,5,1,Rural,1960,299410.8663
1384,5,1,Urban,1953,156243.8174
1158,2,2,Suburb,1966,186171.9162
1823,5,2,Suburb,1989,155613.2468
1470,5,2,Rural,2003,201114.1427
2619,2,1,Urban,1969,244898.6832
1207,2,1,Urban,2006,138025.2033
1173,4,1,Urban,2005,33530.21962
2823,2,3,Urban,1983,225400.3736
2104,3,1,Urban,1963,226791.3435
2041,4,3,Suburb,1968,263624.2351
2016,2,1,Suburb,2004,91199.82035
1707,5,1,Suburb,1984,158653.6738
2314,4,3,Urban,1985,208406.0003
2383,4,2,Urban,1956,262343.0276
2891,5,2,Rural,1984,381459.4457
2302,5,3,Suburb,1952,271108.6885
1974,5,3,Urban,1990,219446.1882
1396,3,3,Rural,1990,122363.541
1973,4,1,Rural,2013,224921.708
1765,3,3,Rural,1974,312579.8548
2165,3,1,Urban,2017,264565.1229
1676,5,3,Suburb,1973,191029.5176
1516,2,3,Urban,2000,90690.91241
2274,3,3,Urban,1970,333111.0248
1661,2,2,Suburb,1975,217321.4293
2563,2,3,Suburb,1973,294151.1532
2260,5,1,Rural,1955,299403.4481
2155,2,2,Urban,2014,319322.2111
1305,3,2,Suburb,2013,111444.0065
1357,2,2,Suburb,1979,181299.7541
2308,3,2,Rural,1986,308074.2787
2316,5,2,Urban,1956,243871.6552
2186,3,2,Suburb,1996,271965.333
2939,2,3,Urban,1964,277106.8748
1418,3,3,Suburb,1983,163750.6738
2762,2,2,Urban,2008,306575.8693
2491,2,2,Rural,1968,237779.1422
1641,5,1,Rural,1987,142090.1282
2907,2,1,Suburb,2002,291873.7423
2593,4,2,Suburb,1983,346818.2216
1506,3,1,Urban,2002,191824.9278
2681,4,1,Suburb,1984,359774.3667
2501,4,3,Rural,1976,179257.9984
2385,3,3,Rural,1955,269169.2758
1311,5,1,Suburb,2010,133644.1692
2657,3,3,Suburb,1950,244310.0492
1703,5,1,Rural,1994,130938.8749
1244,2,3,Suburb,2003,170496.9726
1476,4,2,Urban,1966,119382.7839
1614,3,2,Rural,1984,183525.9874
2914,2,1,Rural,2006,319112.2221
1435,3,1,Suburb,1981,177192.4554
1249,3,1,Suburb,2008,127213.2047
2045,2,3,Suburb,2006,282822.8821
1476,3,1,Rural,1970,265181.2109
2595,2,3,Rural,1950,322066.8871
2773,4,2,Suburb,1962,250838.4943
2929,2,2,Urban,2009,340190.9534
2875,3,2,Suburb,1994,296896.4363
1510,4,3,Urban,1967,239953.3789
2919,4,3,Urban,1989,308718.1024
2359,2,2,Suburb,1954,369454.531
2669,5,3,Urban,1983,304356.9526
2872,2,3,Rural,1968,368323.789
1773,5,1,Suburb,1993,183646.1064
2365,2,3,Suburb,2006,174715.8557
2361,4,3,Urban,2012,226275.4373
2503,2,1,Suburb,1955,287345.6109
1923,5,2,Urban,1978,304772.5981
2065,3,2,Rural,1990,208730.9357
1073,5,1,Rural,1967,65745.4872
1808,4,2,Suburb,1978,239827.0498
1830,2,2,Suburb,1988,100447.5287
2045,4,2,Rural,2000,310279.9324
1219,3,2,Urban,2007,111467.9426
1078,3,3,Suburb,2015,179406.1552
1234,3,2,Suburb,1964,130744.2499
1156,2,3,Suburb,2008,99289.56826
1326,5,3,Suburb,2005,150906.456
2137,2,2,Urban,2008,275272.8674
2825,4,1,Rural,1965,362385.6768
2631,2,3,Urban,1967,305020.087
1641,4,1,Rural,2008,215766.3012
2945,2,2,Rural,1998,356431.7442
1620,5,2,Rural,1956,72628.21539
2610,3,1,Rural,1956,308659.1105
1984,2,3,Urban,2007,172874.8462
2298,5,3,Urban,2019,255530.9644
2404,2,3,Rural,1980,197845.9878
2043,2,3,Urban,1967,203508.1869
2696,3,2,Urban,2016,295178.8527
2232,4,3,Rural,1992,269408.2882
2907,5,2,Suburb,1993,338568.2566
1605,2,3,Rural,1954,176188.7548
2617,3,2,Urban,2019,299517.4559
1863,2,3,Suburb,1998,233463.6951
2639,2,1,Suburb,1989,292141.7988
1748,3,3,Urban,2020,184992.6891
2795,2,3,Urban,1988,286756.2817
2183,2,1,Rural,2013,231403.8209
1914,5,2,Rural,1982,348764.8919
1898,5,3,Suburb,1953,153450.2786
1997,5,1,Rural,1981,239355.219
1859,2,3,Suburb,1954,206590.8323
1572,2,2,Suburb,1959,162658.8859
1037,5,3,Rural,1987,54159.59911
1117,2,2,Urban,2003,176483.4881
1389,3,2,Urban,1953,254164.7286
2847,3,1,Urban,1974,356922.1793
1679,2,3,Suburb,2021,143129.5848
1376,2,3,Rural,1970,110772.0967
1848,4,1,Suburb,1994,253485.7137
2897,3,2,Rural,1985,307324.2904
1375,2,1,Urban,2021,93462.1847
2604,4,1,Suburb,2001,342905.679
1594,3,1,Suburb,1969,148972.5844
1746,4,2,Urban,2011,215834.6668
2065,5,2,Suburb,2021,322381.9267
2634,4,3,Suburb,1957,281032.4141
2493,5,1,Rural,1966,158454.7255
1457,2,1,Suburb,2010,61416.38963
2153,2,3,Rural,2014,190009.317
2051,3,2,Rural,1989,190947.1011
2768,4,2,Urban,1954,287290.6938
1740,4,3,Rural,1957,217518.6795
1628,2,3,Rural,1983,276606.1681
2936,3,3,Suburb,1975,324028.271
1325,2,3,Suburb,2017,182758.4446
2532,3,1,Urban,1997,291034.2884
1618,4,2,Rural,2003,128940.991
2914,5,1,Urban,1958,317536.1064
1324,3,2,Urban,1990,79786.86244
2830,4,2,Urban,1986,298250.3605
2926,3,2,Rural,1952,313034.9493
2183,5,3,Suburb,2006,251213.223
1515,5,2,Suburb,1982,220095.63
2684,2,2,Rural,2008,372247.6939
1745,5,3,Rural,1966,156816.1761
2277,5,3,Suburb,1975,221627.7338
2951,2,1,Urban,1994,269898.4422
1247,5,3,Urban,2017,167851.4997
2873,2,1,Suburb,2012,328768.0688
2376,3,3,Suburb,1966,351146.2748
1397,4,1,Rural,1975,112020.1433
1581,2,2,Rural,1984,118030.7399
1202,3,3,Suburb,2007,123343.3805
2325,5,1,Urban,1990,314997.7308
2171,3,2,Suburb,1953,241411.657
1220,2,2,Suburb,1965,201092.886
2721,2,1,Urban,1998,242684.5284
1866,2,2,Rural,1961,195184.9843
2871,2,1,Suburb,2009,246481.4103
2583,3,2,Rural,2020,260326.8251
1262,4,2,Urban,1969,120536.4634
1295,4,3,Rural,1967,95835.75543
2338,3,2,Rural,1976,278826.6161
2019,4,2,Urban,2013,321117.4955
1291,5,3,Urban,1984,151784.7358
1683,3,3,Suburb,1987,107134.9234
1875,3,3,Suburb,2016,169902.6607
2054,3,2,Rural,1965,219968.7882
2705,4,3,Urban,2019,288804.9969
2067,3,1,Suburb,1968,269162.5838
2962,3,2,Urban,2011,247059.3543
1554,2,1,Suburb,2015,177911.4517
2966,2,1,Urban,2005,259160.0613
2157,4,1,Suburb,2020,201801.2638
1348,2,2,Urban,2006,110024.3018
1218,5,2,Rural,1957,128581.2799
2022,2,1,Rural,2010,267934.9068
1449,2,2,Suburb,1986,156437.7617
1503,3,2,Rural,1957,211113.8401
1085,5,1,Rural,1951,92932.13594
2274,5,2,Suburb,2012,220979.1303
2288,2,3,Rural,1987,193413.081
1522,4,2,Urban,1954,271913.4654
2103,3,2,Rural,1962,305855.8973
2644,4,1,Suburb,1965,283187.8097
1460,4,2,Suburb,2009,200886.6246
2013,4,1,Urban,1955,281634.1433
1629,5,3,Suburb,1970,280981.0557
1251,4,3,Urban,1993,57396.48371
1017,4,1,Rural,1963,201541.954
2279,5,1,Rural,1980,263518.9779
2268,2,1,Urban,2000,224246.2899
2176,5,3,Rural,1957,203089.2042
2632,5,3,Rural,1976,312272.8645
1499,2,1,Suburb,1967,237063.8022
1457,4,1,Rural,1965,124902.4782
2721,4,1,Rural,1960,317351.3616
2565,2,2,Rural,2016,289664.9306
1114,4,2,Suburb,1979,210813.4885
1752,2,2,Suburb,1977,200095.3894
1768,5,2,Rural,1950,194697.868
1446,4,2,Suburb,1996,138345.0497
1352,4,2,Suburb,1992,118387.5412
1624,3,1,Urban,1978,89008.97321
2870,4,3,Rural,2009,241650.5739
1540,3,2,Suburb,1970,101118.9899
1321,4,2,Rural,1959,152502.0885
2482,3,1,Urban,1984,283080.0417
2972,2,3,Urban,2003,308948.2781
1225,4,2,Suburb,1981,117842.8396
2779,2,3,Urban,1970,193325.6869
1360,3,1,Urban,2020,166724.7056
2554,3,2,Urban,2007,309681.1214
1833,3,3,Urban,2017,171745.7589
1111,3,3,Urban,2014,162770.7914
1211,5,2,Suburb,2016,125104.209
2256,2,1,Urban,1950,210563.869
1947,3,3,Urban,2018,144075.1954
1158,4,2,Suburb,1971,23983.677
1571,3,2,Suburb,1967,121126.7296
2908,2,3,Rural,1996,261116.6329
2347,5,3,Rural,2003,300808.216
2116,2,3,Suburb,1983,249691.1696
2271,4,2,Rural,2008,278964.765
1669,5,2,Suburb,1975,117108.3348
2164,2,1,Urban,1952,232026.1469
1910,3,3,Suburb,1995,180659.1593
2022,4,1,Suburb,1988,270193.9632
1403,4,1,Rural,2007,143664.3172
2953,5,1,Rural,2006,393335.7985
2755,2,3,Urban,1984,212109.7831
1403,4,1,Rural,1959,138520.3444
2841,5,1,Suburb,1970,266187.597
1600,3,2,Urban,2014,249929.7064
2690,3,3,Urban,2013,199486.6268
2437,5,2,Suburb,1979,194324.9222
2463,2,1,Urban,1989,253427.3589
2256,3,2,Urban,2007,260931.5246
1192,3,1,Suburb,1954,100915.0193
2122,5,2,Suburb,2003,224256.748
2974,2,3,Urban,1961,347204.5165
2136,3,1,Suburb,1991,230609.3298
2642,2,3,Rural,2002,261203.748
2559,5,3,Rural,2016,300339.5646
2304,2,1,Rural,1989,162979.2732
1999,2,3,Urban,1968,250917.1119
2972,4,1,Suburb,2018,262203.4601
2739,3,1,Urban,1968,329327.4909
1522,3,2,Suburb,1988,155328.8063
1349,3,1,Suburb,1993,139739.8659
1315,2,2,Urban,2018,207922.7279
2740,5,1,Rural,2011,313492.6844
1942,2,3,Urban,2010,270903.1281
2944,3,2,Urban,1958,250853.7308
2523,3,1,Urban,1968,376066.0675
2560,3,1,Rural,2007,288672.2206
1912,3,3,Urban,1958,270563.8653
1651,5,1,Rural,1979,192604.5538
1634,4,3,Rural,1968,151410.3065
2010,2,2,Urban,1996,295277.5585
2459,5,3,Rural,2013,265399.8456
2546,4,1,Rural,2013,275366.6013
2801,3,3,Rural,2007,316678.5062
1592,5,3,Suburb,1979,260083.8661
1443,5,3,Rural,1977,202194.0331
2845,5,1,Urban,1959,315253.7535
1620,2,1,Suburb,2005,242332.5195
2231,4,3,Rural,1962,172828.0903
2854,4,2,Urban,1964,324706.2559
1755,2,1,Rural,1978,147635.4126
2299,4,2,Urban,1960,179040.7749
1496,3,1,Rural,1990,212211.8244
1772,5,3,Rural,1979,117246.4615
2320,4,3,Urban,2014,230809.1989
1373,4,3,Suburb,1998,60059.8174
2598,5,2,Urban,1986,230938.6692
1183,3,2,Suburb,1952,122801.2315
1031,3,2,Rural,1997,98231.91588
1282,4,3,Rural,1968,206365.5089
1835,3,3,Rural,1975,361884.8103
1872,2,1,Rural,1971,107360.7494
2455,5,3,Suburb,1986,244086.9991
2542,5,2,Suburb,1969,245920.4481
1685,2,1,Rural,1985,151903.0867
1461,3,2,Rural,1950,237327.8966
1870,3,3,Urban,2001,213084.5698
1983,5,2,Urban,1969,264129.2844
1367,2,3,Suburb,1962,104786.0312
1657,2,3,Suburb,1981,85030.62993
2275,5,2,Urban,1959,324158.5384
1165,4,2,Urban,1988,238467.602
2638,5,3,Urban,1975,292434.7518
1999,4,2,Rural,1980,272494.1643
2728,4,1,Rural,2013,330649.8019
2552,4,1,Urban,1995,322532.6653
1601,5,3,Rural,2017,157693.3795
2394,2,1,Rural,1968,338938.3115
2621,2,3,Urban,2001,285656.1431
2126,2,3,Rural,1968,255177.8992
1593,5,2,Urban,2020,190971.1486
1125,5,3,Rural,2014,113032.008
1037,3,1,Urban,1958,101482.0158
1347,5,2,Suburb,1988,301872.9053
2236,2,1,Suburb,1952,220546.0975
2342,3,1,Rural,2000,266313.5356
1736,5,1,Suburb,2010,178292.0303
1733,5,3,Urban,2017,235095.2851
1425,5,2,Suburb,1952,199415.3624
2270,3,3,Urban,2000,244530.9276
1647,3,2,Urban,2021,108325.4224
1285,4,2,Suburb,1959,183897.5917
2254,3,2,Urban,2021,308817.3956
1319,2,3,Urban,1998,126265.6616
1511,2,1,Suburb,1969,157878.6478
2544,5,2,Urban,1950,205686.1141
1224,2,2,Rural,2006,68527.57676
1505,2,1,Rural,1995,97605.71498
2848,2,1,Urban,1985,289142.1057
2130,2,1,Rural,2017,219364.1937
2722,3,3,Suburb,2003,266643.1465
2756,2,1,Suburb,2007,229492.6733
2630,5,3,Urban,2017,237934.9339
2730,3,2,Urban,1999,235135.9517
2777,4,1,Rural,1958,287203.3247
1741,2,2,Rural,2014,157658.5114
2354,4,2,Urban,1974,251365.8836
2028,4,1,Rural,1997,270302.6779
2886,5,3,Suburb,1980,331740.5543
1467,4,2,Rural,1975,173283.3649
2539,2,2,Suburb,2018,331888.1988
2799,5,3,Suburb,1969,288091.5886
1937,5,2,Suburb,2013,251310.0374
1764,3,1,Urban,2018,208217.6198
1162,5,3,Rural,1979,216096.9221
1652,4,1,Urban,1958,192915.7826
1900,2,1,Urban,1996,262084.7044
1807,3,1,Urban,2009,113218.6341
2554,4,2,Suburb,1959,278645.9396
1081,5,2,Suburb,2018,109448.5464
1480,2,3,Suburb,1973,220245.0937
2916,5,2,Suburb,1969,316731.76
1515,3,1,Rural,1962,119697.1442
2663,3,3,Suburb,2012,285807.1788
1186,2,3,Rural,1972,103782.0629
1145,4,1,Urban,1993,80315.57462
2005,2,2,Urban,2008,247774.7778
1151,4,3,Urban,1966,180461.9216
2386,2,2,Rural,1986,237440.1196
1092,3,3,Suburb,1989,125594.5306
2054,3,1,Urban,1995,239800.1324
2849,5,1,Rural,1963,372587.6826
1539,3,3,Rural,2021,143293.7694
1648,5,1,Suburb,1966,181432.4723
2964,3,1,Suburb,2004,352569.0672
1601,3,1,Rural,1970,138375.7419
1048,5,2,Urban,2013,148549.412
2902,2,3,Urban,2008,317498.4814
2281,2,2,Rural,1992,260102.2441
2541,2,1,Urban,1971,274793.1677
1540,4,1,Rural,1955,154906.9041
2433,4,3,Suburb,1987,308851.8426
1155,3,3,Suburb,1991,82888.24438
1774,3,2,Urban,2020,234374.1382
1545,3,3,Rural,1975,105965.457
2463,5,2,Rural,2008,268417.1675
2260,4,2,Urban,2021,314202.9369
1649,4,3,Suburb,1969,262961.2048
2391,2,3,Rural,2001,306588.5506
2000,4,3,Rural,2002,256417.2655
2080,5,3,Urban,1995,251162.4898
1174,5,2,Suburb,1962,106386.4395
2237,5,3,Suburb,2009,320406.2797
1026,5,1,Rural,1952,146885.4515
2830,3,1,Suburb,1983,463977.2385
2941,5,3,Urban,1952,349662.7723
2142,2,1,Urban,1976,310307.2239
1146,5,2,Suburb,1950,193586.5431
1867,4,1,Urban,1979,219165.9547
1264,5,3,Suburb,1979,208032.849
2426,2,1,Suburb,2020,255082.1827
1257,4,1,Rural,1985,141263.9877
2883,4,3,Rural,1987,344591.1026
2212,4,2,Urban,1959,294336.4953
1826,3,2,Rural,1965,172116.7554
1742,4,3,Rural,1988,212996.5975
2522,3,1,Rural,2010,214907.1845
1709,5,2,Suburb,2020,200341.2171
2262,2,3,Rural,1964,223398.7806
2350,4,2,Rural,1998,255908.7245
2093,5,3,Urban,1962,202331.7651
2952,3,2,Suburb,1991,255552.0911
2787,3,3,Suburb,2012,359698.5357
2997,2,2,Urban,1956,382507.9829
2728,5,3,Rural,1950,292994.766
2048,2,1,Urban,1969,127820.829
2605,2,3,Urban,1951,251137.9872
2179,4,1,Rural,1999,251710.0897
2681,4,3,Rural,1984,374970.6845
2854,2,1,Urban,1980,244392.6979
1218,4,3,Urban,1994,113192.1008
1560,5,1,Suburb,1956,129607.363
2402,3,3,Rural,1966,288001.3796
1891,3,2,Urban,1973,194073.9207
2217,4,2,Urban,1960,172276.4188
2063,5,2,Urban,1966,227163.1653
1596,4,2,Suburb,1979,173954.4
1342,5,3,Rural,1985,184685.5591
1502,3,2,Suburb,1958,166076.5082
1449,5,3,Rural,1985,127604.7109
1335,3,1,Suburb,2015,116283.908
1003,4,2,Urban,2009,96169.09627
2825,5,2,Urban,2020,328678.9175
1758,4,2,Rural,2021,134692.4874
1516,2,2,Urban,1958,92932.62527
2520,2,3,Rural,1961,374004.8518
2249,4,2,Urban,1950,266233.9297
2173,3,2,Urban,2016,245502.7093
1237,5,3,Suburb,1965,46401.07176
2683,4,1,Rural,1958,306619.289
1102,3,3,Suburb,1973,143036.7155
2198,5,1,Rural,2020,294703.9699
2009,4,1,Urban,2000,251924.6522
2484,4,3,Suburb,1953,327618.1871
2771,3,2,Suburb,2007,322819.1275
2057,5,3,Urban,1973,194964.9417
2707,5,2,Rural,1958,299749.7171
1517,3,3,Rural,2002,158852.0842
1439,4,1,Rural,2018,217151.5214
2308,3,3,Rural,1961,290933.1395
1224,3,1,Suburb,1991,169542.2732
1564,4,3,Rural,2019,225878.7695
2280,5,3,Suburb,2009,258515.4176
2082,2,2,Rural,1963,268700.0341
2967,2,3,Urban,1960,345653.6036
1245,3,2,Suburb,1984,139553.8469
2542,5,3,Suburb,1952,247812.2277
2237,4,1,Rural,2011,227359.6213
1927,5,3,Suburb,1995,258085.6513
2613,3,2,Suburb,1992,233026.8436
2724,5,2,Suburb,1978,395026.7243
1952,5,3,Suburb,1981,200237.4859
1818,4,1,Rural,1983,163683.6754
1215,2,3,Urban,2017,126052.3906
2426,5,2,Urban,1950,331497.0913
1282,5,3,Rural,1975,100080.8659
2854,2,2,Suburb,1988,374507.6567
2979,5,3,Suburb,1962,384110.5556
2596,5,2,Rural,1984,380512.686
1572,5,3,Rural,2011,221618.5832
